Running method validate_set_V(m = 61, d = 2) and generating using halves:

Summary:
given m = 61, d = 2
Calculations took 0 days, 0 hours, 0 minutes, 0 seconds, 1 milisecond, 680 microseconds, 400 nanoseconds.
Z/mZ:  [0, 1, 2, 3, 4, 5, 6, 7, 8, 9, 10, 11, 12, 13, 14, 15, 16, 17, 18, 19, 20, 21, 22, 23, 24, 25, 26, 27, 28, 29, 30, 31, 32, 33, 34, 35, 36, 37, 38, 39, 40, 41, 42, 43, 44, 45, 46, 47, 48, 49, 50, 51, 52, 53, 54, 55, 56, 57, 58, 59, 60]
Z/mZ*: [1, 2, 3, 4, 5, 6, 7, 8, 9, 10, 11, 12, 13, 14, 15, 16, 17, 18, 19, 20, 21, 22, 23, 24, 25, 26, 27, 28, 29, 30, 31, 32, 33, 34, 35, 36, 37, 38, 39, 40, 41, 42, 43, 44, 45, 46, 47, 48, 49, 50, 51, 52, 53, 54, 55, 56, 57, 58, 59, 60]
All ascending & non-repeating tuple (size 4) combinations possible for the U set: 487635
                      V set: contains 435 tuples
          all_are_pairs set: contains 435 tuples
         some_are_pairs set: contains 0 tuples
         none_are_pairs set: contains 0 tuples
         indecomposable set: contains 0 tuples
decomposable & no pairs set: contains 0 tuples
     exceptional_cycles set: contains 0 tuples

Print V set (contains 435 tuples): {
(1, 2, 59, 60)
(1, 3, 58, 60)
(1, 4, 57, 60)
(1, 5, 56, 60)
(1, 6, 55, 60)
(1, 7, 54, 60)
(1, 8, 53, 60)
(1, 9, 52, 60)
(1, 10, 51, 60)
(1, 11, 50, 60)
(1, 12, 49, 60)
(1, 13, 48, 60)
(1, 14, 47, 60)
(1, 15, 46, 60)
(1, 16, 45, 60)
(1, 17, 44, 60)
(1, 18, 43, 60)
(1, 19, 42, 60)
(1, 20, 41, 60)
(1, 21, 40, 60)
(1, 22, 39, 60)
(1, 23, 38, 60)
(1, 24, 37, 60)
(1, 25, 36, 60)
(1, 26, 35, 60)
(1, 27, 34, 60)
(1, 28, 33, 60)
(1, 29, 32, 60)
(1, 30, 31, 60)
(2, 3, 58, 59)
(2, 4, 57, 59)
(2, 5, 56, 59)
(2, 6, 55, 59)
(2, 7, 54, 59)
(2, 8, 53, 59)
(2, 9, 52, 59)
(2, 10, 51, 59)
(2, 11, 50, 59)
(2, 12, 49, 59)
(2, 13, 48, 59)
(2, 14, 47, 59)
(2, 15, 46, 59)
(2, 16, 45, 59)
(2, 17, 44, 59)
(2, 18, 43, 59)
(2, 19, 42, 59)
(2, 20, 41, 59)
(2, 21, 40, 59)
(2, 22, 39, 59)
(2, 23, 38, 59)
(2, 24, 37, 59)
(2, 25, 36, 59)
(2, 26, 35, 59)
(2, 27, 34, 59)
(2, 28, 33, 59)
(2, 29, 32, 59)
(2, 30, 31, 59)
(3, 4, 57, 58)
(3, 5, 56, 58)
(3, 6, 55, 58)
(3, 7, 54, 58)
(3, 8, 53, 58)
(3, 9, 52, 58)
(3, 10, 51, 58)
(3, 11, 50, 58)
(3, 12, 49, 58)
(3, 13, 48, 58)
(3, 14, 47, 58)
(3, 15, 46, 58)
(3, 16, 45, 58)
(3, 17, 44, 58)
(3, 18, 43, 58)
(3, 19, 42, 58)
(3, 20, 41, 58)
(3, 21, 40, 58)
(3, 22, 39, 58)
(3, 23, 38, 58)
(3, 24, 37, 58)
(3, 25, 36, 58)
(3, 26, 35, 58)
(3, 27, 34, 58)
(3, 28, 33, 58)
(3, 29, 32, 58)
(3, 30, 31, 58)
(4, 5, 56, 57)
(4, 6, 55, 57)
(4, 7, 54, 57)
(4, 8, 53, 57)
(4, 9, 52, 57)
(4, 10, 51, 57)
(4, 11, 50, 57)
(4, 12, 49, 57)
(4, 13, 48, 57)
(4, 14, 47, 57)
(4, 15, 46, 57)
(4, 16, 45, 57)
(4, 17, 44, 57)
(4, 18, 43, 57)
(4, 19, 42, 57)
(4, 20, 41, 57)
(4, 21, 40, 57)
(4, 22, 39, 57)
(4, 23, 38, 57)
(4, 24, 37, 57)
(4, 25, 36, 57)
(4, 26, 35, 57)
(4, 27, 34, 57)
(4, 28, 33, 57)
(4, 29, 32, 57)
(4, 30, 31, 57)
(5, 6, 55, 56)
(5, 7, 54, 56)
(5, 8, 53, 56)
(5, 9, 52, 56)
(5, 10, 51, 56)
(5, 11, 50, 56)
(5, 12, 49, 56)
(5, 13, 48, 56)
(5, 14, 47, 56)
(5, 15, 46, 56)
(5, 16, 45, 56)
(5, 17, 44, 56)
(5, 18, 43, 56)
(5, 19, 42, 56)
(5, 20, 41, 56)
(5, 21, 40, 56)
(5, 22, 39, 56)
(5, 23, 38, 56)
(5, 24, 37, 56)
(5, 25, 36, 56)
(5, 26, 35, 56)
(5, 27, 34, 56)
(5, 28, 33, 56)
(5, 29, 32, 56)
(5, 30, 31, 56)
(6, 7, 54, 55)
(6, 8, 53, 55)
(6, 9, 52, 55)
(6, 10, 51, 55)
(6, 11, 50, 55)
(6, 12, 49, 55)
(6, 13, 48, 55)
(6, 14, 47, 55)
(6, 15, 46, 55)
(6, 16, 45, 55)
(6, 17, 44, 55)
(6, 18, 43, 55)
(6, 19, 42, 55)
(6, 20, 41, 55)
(6, 21, 40, 55)
(6, 22, 39, 55)
(6, 23, 38, 55)
(6, 24, 37, 55)
(6, 25, 36, 55)
(6, 26, 35, 55)
(6, 27, 34, 55)
(6, 28, 33, 55)
(6, 29, 32, 55)
(6, 30, 31, 55)
(7, 8, 53, 54)
(7, 9, 52, 54)
(7, 10, 51, 54)
(7, 11, 50, 54)
(7, 12, 49, 54)
(7, 13, 48, 54)
(7, 14, 47, 54)
(7, 15, 46, 54)
(7, 16, 45, 54)
(7, 17, 44, 54)
(7, 18, 43, 54)
(7, 19, 42, 54)
(7, 20, 41, 54)
(7, 21, 40, 54)
(7, 22, 39, 54)
(7, 23, 38, 54)
(7, 24, 37, 54)
(7, 25, 36, 54)
(7, 26, 35, 54)
(7, 27, 34, 54)
(7, 28, 33, 54)
(7, 29, 32, 54)
(7, 30, 31, 54)
(8, 9, 52, 53)
(8, 10, 51, 53)
(8, 11, 50, 53)
(8, 12, 49, 53)
(8, 13, 48, 53)
(8, 14, 47, 53)
(8, 15, 46, 53)
(8, 16, 45, 53)
(8, 17, 44, 53)
(8, 18, 43, 53)
(8, 19, 42, 53)
(8, 20, 41, 53)
(8, 21, 40, 53)
(8, 22, 39, 53)
(8, 23, 38, 53)
(8, 24, 37, 53)
(8, 25, 36, 53)
(8, 26, 35, 53)
(8, 27, 34, 53)
(8, 28, 33, 53)
(8, 29, 32, 53)
(8, 30, 31, 53)
(9, 10, 51, 52)
(9, 11, 50, 52)
(9, 12, 49, 52)
(9, 13, 48, 52)
(9, 14, 47, 52)
(9, 15, 46, 52)
(9, 16, 45, 52)
(9, 17, 44, 52)
(9, 18, 43, 52)
(9, 19, 42, 52)
(9, 20, 41, 52)
(9, 21, 40, 52)
(9, 22, 39, 52)
(9, 23, 38, 52)
(9, 24, 37, 52)
(9, 25, 36, 52)
(9, 26, 35, 52)
(9, 27, 34, 52)
(9, 28, 33, 52)
(9, 29, 32, 52)
(9, 30, 31, 52)
(10, 11, 50, 51)
(10, 12, 49, 51)
(10, 13, 48, 51)
(10, 14, 47, 51)
(10, 15, 46, 51)
(10, 16, 45, 51)
(10, 17, 44, 51)
(10, 18, 43, 51)
(10, 19, 42, 51)
(10, 20, 41, 51)
(10, 21, 40, 51)
(10, 22, 39, 51)
(10, 23, 38, 51)
(10, 24, 37, 51)
(10, 25, 36, 51)
(10, 26, 35, 51)
(10, 27, 34, 51)
(10, 28, 33, 51)
(10, 29, 32, 51)
(10, 30, 31, 51)
(11, 12, 49, 50)
(11, 13, 48, 50)
(11, 14, 47, 50)
(11, 15, 46, 50)
(11, 16, 45, 50)
(11, 17, 44, 50)
(11, 18, 43, 50)
(11, 19, 42, 50)
(11, 20, 41, 50)
(11, 21, 40, 50)
(11, 22, 39, 50)
(11, 23, 38, 50)
(11, 24, 37, 50)
(11, 25, 36, 50)
(11, 26, 35, 50)
(11, 27, 34, 50)
(11, 28, 33, 50)
(11, 29, 32, 50)
(11, 30, 31, 50)
(12, 13, 48, 49)
(12, 14, 47, 49)
(12, 15, 46, 49)
(12, 16, 45, 49)
(12, 17, 44, 49)
(12, 18, 43, 49)
(12, 19, 42, 49)
(12, 20, 41, 49)
(12, 21, 40, 49)
(12, 22, 39, 49)
(12, 23, 38, 49)
(12, 24, 37, 49)
(12, 25, 36, 49)
(12, 26, 35, 49)
(12, 27, 34, 49)
(12, 28, 33, 49)
(12, 29, 32, 49)
(12, 30, 31, 49)
(13, 14, 47, 48)
(13, 15, 46, 48)
(13, 16, 45, 48)
(13, 17, 44, 48)
(13, 18, 43, 48)
(13, 19, 42, 48)
(13, 20, 41, 48)
(13, 21, 40, 48)
(13, 22, 39, 48)
(13, 23, 38, 48)
(13, 24, 37, 48)
(13, 25, 36, 48)
(13, 26, 35, 48)
(13, 27, 34, 48)
(13, 28, 33, 48)
(13, 29, 32, 48)
(13, 30, 31, 48)
(14, 15, 46, 47)
(14, 16, 45, 47)
(14, 17, 44, 47)
(14, 18, 43, 47)
(14, 19, 42, 47)
(14, 20, 41, 47)
(14, 21, 40, 47)
(14, 22, 39, 47)
(14, 23, 38, 47)
(14, 24, 37, 47)
(14, 25, 36, 47)
(14, 26, 35, 47)
(14, 27, 34, 47)
(14, 28, 33, 47)
(14, 29, 32, 47)
(14, 30, 31, 47)
(15, 16, 45, 46)
(15, 17, 44, 46)
(15, 18, 43, 46)
(15, 19, 42, 46)
(15, 20, 41, 46)
(15, 21, 40, 46)
(15, 22, 39, 46)
(15, 23, 38, 46)
(15, 24, 37, 46)
(15, 25, 36, 46)
(15, 26, 35, 46)
(15, 27, 34, 46)
(15, 28, 33, 46)
(15, 29, 32, 46)
(15, 30, 31, 46)
(16, 17, 44, 45)
(16, 18, 43, 45)
(16, 19, 42, 45)
(16, 20, 41, 45)
(16, 21, 40, 45)
(16, 22, 39, 45)
(16, 23, 38, 45)
(16, 24, 37, 45)
(16, 25, 36, 45)
(16, 26, 35, 45)
(16, 27, 34, 45)
(16, 28, 33, 45)
(16, 29, 32, 45)
(16, 30, 31, 45)
(17, 18, 43, 44)
(17, 19, 42, 44)
(17, 20, 41, 44)
(17, 21, 40, 44)
(17, 22, 39, 44)
(17, 23, 38, 44)
(17, 24, 37, 44)
(17, 25, 36, 44)
(17, 26, 35, 44)
(17, 27, 34, 44)
(17, 28, 33, 44)
(17, 29, 32, 44)
(17, 30, 31, 44)
(18, 19, 42, 43)
(18, 20, 41, 43)
(18, 21, 40, 43)
(18, 22, 39, 43)
(18, 23, 38, 43)
(18, 24, 37, 43)
(18, 25, 36, 43)
(18, 26, 35, 43)
(18, 27, 34, 43)
(18, 28, 33, 43)
(18, 29, 32, 43)
(18, 30, 31, 43)
(19, 20, 41, 42)
(19, 21, 40, 42)
(19, 22, 39, 42)
(19, 23, 38, 42)
(19, 24, 37, 42)
(19, 25, 36, 42)
(19, 26, 35, 42)
(19, 27, 34, 42)
(19, 28, 33, 42)
(19, 29, 32, 42)
(19, 30, 31, 42)
(20, 21, 40, 41)
(20, 22, 39, 41)
(20, 23, 38, 41)
(20, 24, 37, 41)
(20, 25, 36, 41)
(20, 26, 35, 41)
(20, 27, 34, 41)
(20, 28, 33, 41)
(20, 29, 32, 41)
(20, 30, 31, 41)
(21, 22, 39, 40)
(21, 23, 38, 40)
(21, 24, 37, 40)
(21, 25, 36, 40)
(21, 26, 35, 40)
(21, 27, 34, 40)
(21, 28, 33, 40)
(21, 29, 32, 40)
(21, 30, 31, 40)
(22, 23, 38, 39)
(22, 24, 37, 39)
(22, 25, 36, 39)
(22, 26, 35, 39)
(22, 27, 34, 39)
(22, 28, 33, 39)
(22, 29, 32, 39)
(22, 30, 31, 39)
(23, 24, 37, 38)
(23, 25, 36, 38)
(23, 26, 35, 38)
(23, 27, 34, 38)
(23, 28, 33, 38)
(23, 29, 32, 38)
(23, 30, 31, 38)
(24, 25, 36, 37)
(24, 26, 35, 37)
(24, 27, 34, 37)
(24, 28, 33, 37)
(24, 29, 32, 37)
(24, 30, 31, 37)
(25, 26, 35, 36)
(25, 27, 34, 36)
(25, 28, 33, 36)
(25, 29, 32, 36)
(25, 30, 31, 36)
(26, 27, 34, 35)
(26, 28, 33, 35)
(26, 29, 32, 35)
(26, 30, 31, 35)
(27, 28, 33, 34)
(27, 29, 32, 34)
(27, 30, 31, 34)
(28, 29, 32, 33)
(28, 30, 31, 33)
(29, 30, 31, 32)
}

Print all_are_pairs (contains 435 tuples): {
(9, 17, 44, 52)
(9, 19, 42, 52)
(9, 25, 36, 52)
(14, 22, 39, 47)
(2, 6, 55, 59)
(23, 24, 37, 38)
(6, 30, 31, 55)
(9, 12, 49, 52)
(14, 19, 42, 47)
(1, 25, 36, 60)
(23, 30, 31, 38)
(5, 7, 54, 56)
(21, 25, 36, 40)
(5, 12, 49, 56)
(9, 11, 50, 52)
(22, 25, 36, 39)
(12, 27, 34, 49)
(22, 28, 33, 39)
(3, 15, 46, 58)
(8, 12, 49, 53)
(26, 29, 32, 35)
(5, 24, 37, 56)
(9, 13, 48, 52)
(18, 24, 37, 43)
(2, 16, 45, 59)
(5, 19, 42, 56)
(12, 28, 33, 49)
(1, 3, 58, 60)
(7, 19, 42, 54)
(14, 25, 36, 47)
(10, 28, 33, 51)
(1, 21, 40, 60)
(8, 25, 36, 53)
(11, 24, 37, 50)
(20, 27, 34, 41)
(2, 21, 40, 59)
(8, 26, 35, 53)
(18, 20, 41, 43)
(7, 18, 43, 54)
(6, 9, 52, 55)
(21, 26, 35, 40)
(6, 8, 53, 55)
(13, 20, 41, 48)
(6, 14, 47, 55)
(10, 21, 40, 51)
(5, 14, 47, 56)
(6, 16, 45, 55)
(13, 25, 36, 48)
(4, 30, 31, 57)
(10, 18, 43, 51)
(7, 10, 51, 54)
(14, 26, 35, 47)
(16, 24, 37, 45)
(8, 11, 50, 53)
(13, 27, 34, 48)
(19, 26, 35, 42)
(18, 26, 35, 43)
(2, 18, 43, 59)
(13, 18, 43, 48)
(2, 10, 51, 59)
(20, 30, 31, 41)
(2, 30, 31, 59)
(10, 22, 39, 51)
(16, 25, 36, 45)
(11, 30, 31, 50)
(5, 18, 43, 56)
(19, 28, 33, 42)
(4, 20, 41, 57)
(1, 8, 53, 60)
(2, 28, 33, 59)
(12, 13, 48, 49)
(5, 8, 53, 56)
(7, 17, 44, 54)
(25, 26, 35, 36)
(2, 3, 58, 59)
(24, 30, 31, 37)
(7, 9, 52, 54)
(23, 26, 35, 38)
(16, 29, 32, 45)
(11, 16, 45, 50)
(25, 27, 34, 36)
(6, 19, 42, 55)
(12, 23, 38, 49)
(3, 10, 51, 58)
(18, 27, 34, 43)
(20, 29, 32, 41)
(25, 30, 31, 36)
(6, 12, 49, 55)
(11, 29, 32, 50)
(5, 17, 44, 56)
(27, 28, 33, 34)
(6, 17, 44, 55)
(10, 12, 49, 51)
(15, 24, 37, 46)
(5, 16, 45, 56)
(9, 20, 41, 52)
(14, 17, 44, 47)
(1, 19, 42, 60)
(7, 25, 36, 54)
(10, 25, 36, 51)
(11, 15, 46, 50)
(11, 26, 35, 50)
(1, 6, 55, 60)
(3, 5, 56, 58)
(21, 28, 33, 40)
(6, 26, 35, 55)
(18, 22, 39, 43)
(7, 29, 32, 54)
(17, 19, 42, 44)
(2, 12, 49, 59)
(7, 26, 35, 54)
(6, 28, 33, 55)
(10, 30, 31, 51)
(12, 21, 40, 49)
(3, 13, 48, 58)
(22, 24, 37, 39)
(4, 25, 36, 57)
(22, 30, 31, 39)
(2, 22, 39, 59)
(19, 22, 39, 42)
(3, 25, 36, 58)
(1, 20, 41, 60)
(2, 5, 56, 59)
(4, 14, 47, 57)
(4, 9, 52, 57)
(12, 22, 39, 49)
(7, 24, 37, 54)
(8, 10, 51, 53)
(8, 22, 39, 53)
(17, 27, 34, 44)
(1, 28, 33, 60)
(8, 24, 37, 53)
(9, 28, 33, 52)
(6, 27, 34, 55)
(6, 20, 41, 55)
(7, 14, 47, 54)
(3, 7, 54, 58)
(12, 18, 43, 49)
(13, 22, 39, 48)
(5, 15, 46, 56)
(6, 25, 36, 55)
(5, 28, 33, 56)
(9, 10, 51, 52)
(10, 17, 44, 51)
(10, 23, 38, 51)
(17, 24, 37, 44)
(10, 14, 47, 51)
(15, 27, 34, 46)
(21, 27, 34, 40)
(3, 12, 49, 58)
(2, 14, 47, 59)
(20, 22, 39, 41)
(9, 18, 43, 52)
(3, 9, 52, 58)
(3, 24, 37, 58)
(4, 17, 44, 57)
(23, 25, 36, 38)
(4, 10, 51, 57)
(17, 29, 32, 44)
(4, 8, 53, 57)
(8, 27, 34, 53)
(10, 19, 42, 51)
(1, 14, 47, 60)
(7, 13, 48, 54)
(13, 21, 40, 48)
(15, 17, 44, 46)
(15, 28, 33, 46)
(4, 27, 34, 57)
(5, 13, 48, 56)
(12, 20, 41, 49)
(6, 24, 37, 55)
(23, 27, 34, 38)
(18, 23, 38, 43)
(3, 30, 31, 58)
(14, 21, 40, 47)
(8, 15, 46, 53)
(17, 28, 33, 44)
(2, 27, 34, 59)
(9, 22, 39, 52)
(13, 19, 42, 48)
(12, 29, 32, 49)
(1, 4, 57, 60)
(1, 23, 38, 60)
(2, 8, 53, 59)
(21, 30, 31, 40)
(7, 15, 46, 54)
(5, 20, 41, 56)
(8, 16, 45, 53)
(15, 30, 31, 46)
(2, 13, 48, 59)
(3, 14, 47, 58)
(18, 30, 31, 43)
(8, 18, 43, 53)
(4, 15, 46, 57)
(9, 30, 31, 52)
(1, 29, 32, 60)
(5, 11, 50, 56)
(14, 18, 43, 47)
(2, 17, 44, 59)
(8, 23, 38, 53)
(3, 17, 44, 58)
(7, 8, 53, 54)
(24, 27, 34, 37)
(16, 26, 35, 45)
(5, 23, 38, 56)
(3, 23, 38, 58)
(15, 18, 43, 46)
(19, 27, 34, 42)
(8, 17, 44, 53)
(5, 10, 51, 56)
(7, 21, 40, 54)
(7, 23, 38, 54)
(8, 21, 40, 53)
(12, 14, 47, 49)
(4, 5, 56, 57)
(9, 29, 32, 52)
(10, 26, 35, 51)
(11, 17, 44, 50)
(12, 17, 44, 49)
(6, 11, 50, 55)
(17, 23, 38, 44)
(14, 15, 46, 47)
(6, 18, 43, 55)
(4, 12, 49, 57)
(15, 29, 32, 46)
(21, 23, 38, 40)
(26, 30, 31, 35)
(16, 28, 33, 45)
(19, 23, 38, 42)
(18, 28, 33, 43)
(16, 19, 42, 45)
(18, 25, 36, 43)
(8, 13, 48, 53)
(12, 24, 37, 49)
(9, 14, 47, 52)
(14, 23, 38, 47)
(2, 4, 57, 59)
(4, 24, 37, 57)
(10, 13, 48, 51)
(1, 16, 45, 60)
(10, 29, 32, 51)
(7, 30, 31, 54)
(13, 28, 33, 48)
(24, 26, 35, 37)
(3, 6, 55, 58)
(7, 11, 50, 54)
(8, 9, 52, 53)
(1, 24, 37, 60)
(22, 27, 34, 39)
(24, 25, 36, 37)
(1, 13, 48, 60)
(23, 28, 33, 38)
(10, 11, 50, 51)
(4, 23, 38, 57)
(16, 27, 34, 45)
(3, 19, 42, 58)
(11, 20, 41, 50)
(11, 19, 42, 50)
(4, 21, 40, 57)
(19, 25, 36, 42)
(21, 22, 39, 40)
(3, 8, 53, 58)
(1, 17, 44, 60)
(22, 29, 32, 39)
(8, 29, 32, 53)
(14, 30, 31, 47)
(6, 23, 38, 55)
(28, 29, 32, 33)
(1, 18, 43, 60)
(19, 20, 41, 42)
(15, 22, 39, 46)
(15, 16, 45, 46)
(11, 21, 40, 50)
(13, 29, 32, 48)
(15, 21, 40, 46)
(1, 26, 35, 60)
(4, 16, 45, 57)
(28, 30, 31, 33)
(4, 11, 50, 57)
(16, 18, 43, 45)
(6, 7, 54, 55)
(9, 16, 45, 52)
(2, 7, 54, 59)
(12, 16, 45, 49)
(2, 29, 32, 59)
(16, 23, 38, 45)
(14, 28, 33, 47)
(15, 20, 41, 46)
(13, 17, 44, 48)
(3, 29, 32, 58)
(4, 18, 43, 57)
(13, 14, 47, 48)
(5, 27, 34, 56)
(11, 28, 33, 50)
(2, 15, 46, 59)
(2, 11, 50, 59)
(11, 18, 43, 50)
(26, 28, 33, 35)
(25, 28, 33, 36)
(15, 19, 42, 46)
(26, 27, 34, 35)
(9, 24, 37, 52)
(8, 14, 47, 53)
(24, 28, 33, 37)
(15, 26, 35, 46)
(7, 27, 34, 54)
(21, 29, 32, 40)
(2, 25, 36, 59)
(4, 28, 33, 57)
(3, 27, 34, 58)
(27, 29, 32, 34)
(1, 5, 56, 60)
(2, 9, 52, 59)
(15, 25, 36, 46)
(7, 28, 33, 54)
(5, 26, 35, 56)
(9, 27, 34, 52)
(13, 30, 31, 48)
(23, 29, 32, 38)
(11, 25, 36, 50)
(9, 21, 40, 52)
(11, 27, 34, 50)
(2, 24, 37, 59)
(14, 29, 32, 47)
(2, 23, 38, 59)
(6, 21, 40, 55)
(14, 24, 37, 47)
(4, 26, 35, 57)
(4, 19, 42, 57)
(3, 11, 50, 58)
(14, 20, 41, 47)
(3, 20, 41, 58)
(6, 15, 46, 55)
(20, 25, 36, 41)
(4, 13, 48, 57)
(13, 26, 35, 48)
(4, 29, 32, 57)
(10, 24, 37, 51)
(16, 17, 44, 45)
(22, 23, 38, 39)
(19, 24, 37, 42)
(6, 29, 32, 55)
(10, 27, 34, 51)
(1, 30, 31, 60)
(4, 7, 54, 57)
(14, 16, 45, 47)
(21, 24, 37, 40)
(5, 21, 40, 56)
(7, 22, 39, 54)
(11, 14, 47, 50)
(2, 26, 35, 59)
(17, 26, 35, 44)
(19, 21, 40, 42)
(1, 7, 54, 60)
(2, 20, 41, 59)
(3, 22, 39, 58)
(1, 10, 51, 60)
(5, 6, 55, 56)
(12, 30, 31, 49)
(1, 12, 49, 60)
(3, 18, 43, 58)
(17, 25, 36, 44)
(18, 19, 42, 43)
(5, 22, 39, 56)
(20, 23, 38, 41)
(5, 9, 52, 56)
(7, 16, 45, 54)
(13, 16, 45, 48)
(20, 26, 35, 41)
(16, 22, 39, 45)
(3, 28, 33, 58)
(7, 12, 49, 54)
(4, 6, 55, 57)
(25, 29, 32, 36)
(13, 23, 38, 48)
(13, 15, 46, 48)
(4, 22, 39, 57)
(12, 25, 36, 49)
(1, 27, 34, 60)
(18, 29, 32, 43)
(3, 4, 57, 58)
(29, 30, 31, 32)
(9, 15, 46, 52)
(9, 23, 38, 52)
(19, 29, 32, 42)
(8, 28, 33, 53)
(12, 15, 46, 49)
(13, 24, 37, 48)
(3, 21, 40, 58)
(27, 30, 31, 34)
(9, 26, 35, 52)
(15, 23, 38, 46)
(19, 30, 31, 42)
(6, 10, 51, 55)
(17, 18, 43, 44)
(6, 22, 39, 55)
(16, 20, 41, 45)
(3, 16, 45, 58)
(20, 21, 40, 41)
(10, 20, 41, 51)
(8, 19, 42, 53)
(1, 9, 52, 60)
(17, 30, 31, 44)
(7, 20, 41, 54)
(11, 12, 49, 50)
(5, 29, 32, 56)
(1, 15, 46, 60)
(1, 2, 59, 60)
(6, 13, 48, 55)
(10, 15, 46, 51)
(8, 20, 41, 53)
(16, 21, 40, 45)
(11, 23, 38, 50)
(22, 26, 35, 39)
(14, 27, 34, 47)
(12, 26, 35, 49)
(20, 24, 37, 41)
(18, 21, 40, 43)
(8, 30, 31, 53)
(16, 30, 31, 45)
(1, 11, 50, 60)
(24, 29, 32, 37)
(3, 26, 35, 58)
(5, 30, 31, 56)
(11, 22, 39, 50)
(17, 20, 41, 44)
(10, 16, 45, 51)
(20, 28, 33, 41)
(1, 22, 39, 60)
(5, 25, 36, 56)
(11, 13, 48, 50)
(17, 22, 39, 44)
(2, 19, 42, 59)
(17, 21, 40, 44)
(12, 19, 42, 49)
}

Print some_are_pairs (contains 0 tuples): {
}

Print none_are_pairs (contains 0 tuples): {
}

Print indecomposable (contains 0 tuples): {
}

Print decomposable but no pairs (contains 0 tuples): {
}

Print exceptional cycles (contains 0 tuples): {
}

method validate_set_V(61, 2) ran to completion.
