Running method validate_set_V(m = 51, d = 6) and generating using halves:

Summary:
given m = 51, d = 6
Calculations took 0 days, 0 hours, 3 minutes, 10 seconds, 722 miliseconds, 941 microseconds, 0 nanoseconds.
Z/mZ:  [0, 1, 2, 3, 4, 5, 6, 7, 8, 9, 10, 11, 12, 13, 14, 15, 16, 17, 18, 19, 20, 21, 22, 23, 24, 25, 26, 27, 28, 29, 30, 31, 32, 33, 34, 35, 36, 37, 38, 39, 40, 41, 42, 43, 44, 45, 46, 47, 48, 49, 50]
Z/mZ*: [1, 2, 4, 5, 7, 8, 10, 11, 13, 14, 16, 19, 20, 22, 23, 25, 26, 28, 29, 31, 32, 35, 37, 38, 40, 41, 43, 44, 46, 47, 49, 50]
All ascending & non-repeating tuple (size 12) combinations possible for the U set: 121399651100
                      V set: contains 304572 tuples
          all_are_pairs set: contains 177100 tuples
         some_are_pairs set: contains 126960 tuples
         none_are_pairs set: contains 512 tuples
         indecomposable set: contains 0 tuples
decomposable & no pairs set: contains 512 tuples
     exceptional_cycles set: contains 127472 tuples

Print none_are_pairs (contains 512 tuples): {
(1, 6, 7, 13, 22, 25, 30, 34, 37, 40, 42, 49)
(2, 9, 14, 17, 23, 24, 26, 29, 35, 38, 41, 48)
(1, 2, 7, 18, 19, 24, 30, 35, 36, 41, 45, 48)
(3, 10, 12, 15, 20, 21, 26, 29, 37, 43, 44, 46)
(5, 7, 11, 18, 22, 24, 28, 30, 36, 39, 41, 45)
(1, 10, 13, 19, 22, 25, 27, 31, 34, 36, 40, 48)
(9, 11, 12, 14, 15, 18, 28, 29, 31, 45, 46, 48)
(3, 8, 11, 15, 16, 25, 27, 28, 32, 42, 49, 50)
(4, 7, 8, 11, 18, 25, 28, 38, 39, 41, 42, 45)
(3, 5, 7, 16, 22, 24, 30, 33, 36, 39, 41, 50)
(1, 7, 13, 19, 22, 25, 30, 34, 36, 37, 40, 42)
(4, 9, 10, 16, 19, 21, 28, 31, 34, 43, 45, 46)
(2, 8, 14, 19, 23, 25, 27, 31, 33, 36, 40, 48)
(9, 10, 12, 13, 16, 19, 28, 31, 34, 43, 45, 46)
(2, 3, 4, 16, 19, 21, 33, 36, 38, 39, 45, 50)
(1, 6, 7, 13, 22, 24, 30, 34, 37, 40, 43, 49)
(9, 10, 11, 15, 18, 21, 26, 28, 32, 43, 44, 49)
(2, 5, 9, 14, 17, 23, 26, 35, 36, 44, 47, 48)
(1, 4, 6, 7, 15, 25, 34, 37, 40, 42, 46, 49)
(1, 7, 13, 18, 22, 24, 28, 30, 34, 37, 43, 49)
(5, 6, 8, 17, 20, 23, 30, 32, 35, 41, 42, 47)
(1, 4, 10, 19, 21, 22, 34, 36, 37, 39, 40, 43)
(1, 5, 10, 13, 18, 22, 27, 35, 36, 44, 47, 48)
(3, 5, 11, 13, 16, 22, 28, 30, 36, 45, 47, 50)
(3, 10, 12, 15, 16, 21, 27, 29, 33, 44, 46, 50)
(1, 10, 12, 13, 19, 25, 27, 31, 34, 40, 46, 48)
(6, 9, 12, 15, 23, 24, 26, 29, 33, 40, 43, 46)
(5, 6, 8, 22, 23, 25, 27, 33, 36, 39, 40, 42)
(3, 9, 11, 15, 16, 24, 26, 28, 32, 43, 49, 50)
(1, 2, 7, 19, 23, 24, 30, 35, 36, 40, 41, 48)
(3, 5, 10, 16, 21, 22, 27, 33, 36, 39, 44, 50)
(8, 12, 13, 14, 16, 25, 27, 30, 31, 33, 47, 50)
(3, 4, 6, 20, 21, 23, 33, 37, 38, 39, 40, 42)
(3, 10, 11, 12, 13, 16, 27, 28, 44, 45, 47, 50)
(1, 4, 7, 18, 22, 25, 28, 31, 34, 39, 48, 49)
(2, 8, 14, 17, 21, 23, 27, 29, 35, 38, 44, 48)
(2, 3, 12, 13, 19, 20, 30, 36, 37, 42, 45, 47)
(1, 4, 7, 8, 18, 25, 35, 38, 39, 41, 42, 48)
(5, 6, 8, 14, 22, 25, 27, 31, 32, 39, 48, 49)
(1, 6, 12, 13, 20, 23, 30, 35, 37, 40, 42, 47)
(2, 9, 12, 13, 14, 19, 30, 31, 36, 45, 47, 48)
(2, 3, 4, 19, 20, 21, 36, 37, 38, 39, 42, 45)
(2, 7, 9, 14, 19, 24, 30, 31, 36, 41, 45, 48)
(9, 10, 13, 16, 19, 22, 28, 31, 34, 36, 43, 45)
(2, 5, 17, 20, 23, 24, 26, 35, 36, 38, 39, 41)
(2, 8, 12, 14, 17, 23, 27, 29, 33, 44, 47, 50)
(3, 10, 12, 13, 16, 19, 33, 34, 37, 40, 43, 46)
(4, 7, 9, 16, 19, 24, 28, 31, 34, 43, 45, 46)
(3, 7, 12, 15, 20, 24, 29, 30, 37, 41, 42, 46)
(1, 4, 10, 18, 21, 22, 28, 34, 37, 39, 43, 49)
(5, 10, 11, 13, 18, 22, 27, 28, 32, 44, 47, 49)
(2, 8, 11, 12, 14, 17, 29, 30, 41, 45, 47, 50)
(1, 7, 13, 19, 22, 24, 30, 34, 36, 37, 40, 43)
(2, 9, 12, 14, 17, 23, 26, 29, 35, 44, 47, 48)
(3, 5, 8, 16, 22, 25, 27, 33, 36, 39, 42, 50)
(3, 11, 15, 18, 20, 24, 26, 28, 32, 37, 43, 49)
(3, 5, 6, 20, 22, 23, 33, 36, 37, 39, 40, 42)
(1, 6, 7, 13, 22, 25, 30, 31, 34, 40, 48, 49)
(2, 7, 8, 14, 19, 25, 30, 31, 36, 41, 45, 48)
(4, 10, 16, 19, 21, 25, 27, 28, 31, 34, 45, 46)
(3, 5, 13, 20, 22, 24, 26, 30, 36, 37, 43, 47)
(7, 8, 11, 14, 16, 25, 28, 30, 31, 41, 45, 50)
(4, 8, 11, 18, 21, 25, 27, 28, 38, 39, 42, 45)
(3, 4, 7, 8, 16, 25, 33, 38, 39, 41, 42, 50)
(3, 5, 6, 13, 20, 22, 30, 32, 37, 42, 47, 49)
(5, 9, 11, 14, 17, 18, 26, 32, 35, 44, 47, 48)
(3, 4, 7, 16, 22, 25, 28, 34, 37, 39, 42, 49)
(4, 9, 11, 14, 18, 21, 28, 31, 38, 39, 45, 48)
(1, 4, 7, 18, 22, 24, 28, 34, 37, 39, 43, 49)
(1, 4, 7, 15, 18, 24, 29, 35, 38, 41, 46, 48)
(5, 8, 11, 17, 18, 20, 30, 32, 35, 41, 42, 47)
(3, 5, 8, 11, 17, 20, 27, 32, 42, 44, 47, 50)
(4, 7, 9, 15, 16, 24, 28, 31, 34, 43, 46, 49)
(2, 4, 9, 14, 19, 21, 31, 36, 38, 39, 45, 48)
(3, 4, 6, 15, 20, 21, 32, 37, 38, 39, 42, 49)
(3, 10, 12, 15, 20, 21, 27, 29, 37, 42, 44, 46)
(4, 9, 11, 14, 16, 21, 28, 31, 38, 39, 45, 50)
(3, 5, 11, 17, 20, 24, 26, 30, 32, 41, 47, 50)
(1, 4, 7, 15, 18, 24, 28, 34, 37, 43, 46, 49)
(3, 4, 7, 16, 19, 24, 33, 34, 37, 40, 43, 46)
(2, 8, 12, 14, 17, 23, 29, 30, 35, 41, 47, 48)
(3, 7, 11, 18, 20, 24, 28, 30, 37, 41, 42, 45)
(9, 10, 12, 14, 15, 21, 27, 29, 31, 44, 46, 48)
(4, 9, 10, 15, 16, 21, 28, 31, 34, 43, 46, 49)
(5, 8, 11, 18, 22, 25, 27, 28, 32, 39, 42, 49)
(1, 4, 6, 7, 23, 24, 35, 38, 39, 40, 41, 48)
(5, 9, 11, 14, 17, 21, 26, 32, 38, 39, 44, 50)
(6, 15, 17, 20, 23, 24, 26, 29, 32, 35, 38, 41)
(9, 11, 12, 13, 14, 18, 28, 30, 31, 45, 47, 48)
(5, 9, 13, 14, 16, 22, 30, 31, 33, 36, 47, 50)
(2, 3, 8, 17, 20, 23, 29, 33, 38, 41, 42, 50)
(1, 6, 10, 12, 13, 23, 27, 35, 40, 44, 47, 48)
(3, 6, 12, 13, 20, 23, 30, 33, 37, 40, 42, 47)
(4, 6, 8, 15, 21, 25, 27, 32, 38, 39, 42, 49)
(4, 6, 9, 21, 23, 24, 26, 33, 38, 39, 40, 43)
(3, 5, 6, 17, 20, 23, 26, 32, 33, 44, 47, 50)
(9, 10, 12, 13, 16, 19, 31, 33, 34, 40, 43, 46)
(5, 6, 8, 14, 17, 23, 27, 32, 35, 44, 47, 48)
(1, 5, 6, 13, 22, 23, 30, 35, 36, 40, 47, 48)
(6, 7, 13, 16, 22, 25, 30, 31, 33, 34, 40, 49)
(3, 4, 15, 20, 21, 24, 26, 29, 37, 38, 43, 46)
(6, 8, 14, 15, 17, 23, 29, 32, 35, 38, 41, 48)
(5, 8, 11, 18, 22, 25, 27, 28, 36, 39, 42, 45)
(4, 8, 14, 16, 21, 25, 27, 31, 33, 38, 39, 50)
(2, 3, 8, 11, 17, 20, 29, 38, 41, 42, 45, 50)
(2, 7, 8, 19, 23, 25, 30, 33, 36, 40, 41, 42)
(2, 8, 17, 20, 21, 23, 27, 29, 35, 38, 42, 44)
(9, 11, 12, 15, 18, 24, 26, 28, 29, 43, 45, 46)
(8, 11, 12, 13, 18, 25, 27, 28, 30, 42, 45, 47)
(5, 8, 13, 14, 22, 25, 27, 30, 31, 36, 47, 48)
(1, 2, 9, 18, 19, 24, 26, 35, 36, 43, 45, 48)
(3, 5, 11, 13, 16, 22, 28, 30, 32, 47, 49, 50)
(3, 4, 7, 15, 16, 24, 29, 33, 38, 41, 46, 50)
(1, 4, 7, 18, 20, 24, 35, 37, 38, 39, 41, 42)
(1, 9, 12, 13, 18, 24, 26, 30, 35, 43, 47, 48)
(9, 10, 13, 16, 19, 22, 31, 33, 34, 36, 40, 43)
(7, 13, 16, 19, 22, 25, 30, 31, 33, 34, 36, 40)
(2, 4, 9, 14, 19, 21, 29, 31, 38, 45, 46, 48)
(3, 4, 7, 16, 19, 24, 28, 34, 37, 43, 45, 46)
(1, 4, 6, 7, 15, 24, 34, 37, 40, 43, 46, 49)
(1, 2, 8, 19, 23, 25, 27, 35, 36, 40, 42, 48)
(1, 5, 13, 18, 20, 22, 30, 35, 36, 37, 42, 47)
(3, 9, 10, 12, 13, 16, 26, 33, 43, 44, 47, 50)
(2, 5, 8, 14, 17, 23, 27, 35, 36, 44, 47, 48)
(2, 9, 14, 17, 21, 23, 26, 29, 33, 38, 44, 50)
(11, 15, 17, 18, 20, 21, 26, 29, 32, 35, 38, 44)
(1, 2, 18, 19, 20, 24, 26, 35, 36, 37, 43, 45)
(8, 11, 14, 15, 18, 25, 27, 28, 31, 32, 48, 49)
(1, 10, 12, 13, 18, 20, 27, 35, 37, 42, 44, 47)
(10, 12, 13, 15, 16, 25, 27, 28, 31, 34, 46, 49)
(1, 4, 7, 15, 18, 25, 28, 34, 37, 42, 46, 49)
(2, 3, 9, 16, 19, 24, 26, 33, 36, 43, 45, 50)
(3, 11, 12, 15, 17, 20, 26, 29, 32, 44, 47, 50)
(1, 6, 15, 18, 20, 24, 26, 32, 35, 37, 43, 49)
(6, 12, 15, 17, 20, 23, 26, 29, 32, 35, 44, 47)
(2, 3, 12, 13, 16, 19, 30, 33, 36, 45, 47, 50)
(5, 9, 11, 14, 18, 22, 28, 31, 32, 39, 48, 49)
(3, 11, 15, 17, 20, 21, 26, 29, 32, 38, 44, 50)
(5, 6, 7, 8, 22, 25, 30, 32, 39, 41, 42, 49)
(3, 6, 7, 15, 16, 24, 30, 32, 33, 41, 49, 50)
(2, 3, 11, 17, 20, 21, 26, 29, 38, 44, 45, 50)
(1, 4, 6, 15, 21, 23, 29, 35, 38, 40, 46, 48)
(8, 11, 12, 14, 15, 17, 29, 30, 32, 41, 47, 50)
(2, 3, 10, 19, 20, 21, 26, 36, 37, 43, 44, 45)
(3, 6, 10, 15, 20, 21, 27, 32, 37, 42, 44, 49)
(9, 11, 12, 14, 15, 16, 28, 29, 31, 45, 46, 50)
(7, 12, 13, 16, 19, 25, 30, 31, 33, 34, 40, 46)
(2, 7, 12, 19, 23, 24, 29, 30, 33, 40, 41, 46)
(1, 4, 10, 15, 18, 21, 28, 34, 37, 43, 46, 49)
(4, 7, 9, 14, 15, 24, 29, 31, 38, 41, 46, 48)
(1, 10, 12, 13, 15, 18, 28, 34, 37, 43, 46, 49)
(6, 8, 12, 13, 15, 25, 27, 30, 32, 42, 47, 49)
(2, 8, 12, 19, 23, 25, 27, 29, 33, 40, 42, 46)
(1, 6, 7, 20, 23, 24, 30, 35, 37, 40, 41, 42)
(1, 4, 6, 7, 22, 25, 34, 37, 39, 40, 42, 49)
(2, 8, 11, 14, 17, 21, 27, 29, 38, 44, 45, 50)
(5, 9, 11, 14, 17, 24, 26, 32, 38, 39, 41, 50)
(2, 3, 10, 16, 19, 21, 27, 33, 36, 44, 45, 50)
(6, 15, 17, 20, 21, 23, 26, 29, 32, 35, 38, 44)
(5, 6, 17, 20, 21, 23, 26, 32, 35, 38, 39, 44)
(1, 4, 6, 7, 22, 24, 34, 37, 39, 40, 43, 49)
(4, 10, 15, 16, 21, 25, 27, 28, 31, 34, 46, 49)
(9, 10, 12, 13, 15, 16, 28, 31, 34, 43, 46, 49)
(1, 5, 8, 18, 22, 25, 27, 35, 36, 39, 42, 48)
(9, 10, 11, 14, 16, 21, 27, 28, 31, 44, 45, 50)
(2, 3, 12, 17, 20, 23, 26, 29, 33, 44, 47, 50)
(2, 11, 17, 18, 20, 21, 26, 29, 35, 38, 44, 45)
(2, 5, 8, 17, 20, 23, 30, 35, 36, 41, 42, 47)
(9, 11, 12, 13, 18, 24, 26, 28, 30, 43, 45, 47)
(3, 4, 7, 16, 22, 24, 28, 34, 37, 39, 43, 49)
(3, 10, 12, 13, 16, 19, 28, 34, 37, 43, 45, 46)
(1, 4, 10, 19, 21, 25, 27, 34, 37, 40, 42, 46)
(4, 7, 11, 15, 18, 24, 28, 29, 38, 41, 45, 46)
(1, 2, 12, 18, 19, 20, 29, 35, 37, 42, 45, 46)
(1, 4, 7, 18, 19, 25, 28, 31, 34, 45, 46, 48)
(2, 3, 4, 19, 20, 21, 29, 37, 38, 42, 45, 46)
(1, 5, 9, 18, 22, 24, 26, 35, 36, 39, 43, 48)
(5, 6, 9, 10, 13, 22, 26, 32, 43, 44, 47, 49)
(1, 2, 4, 18, 19, 21, 35, 36, 38, 39, 45, 48)
(5, 6, 8, 14, 17, 23, 30, 32, 35, 41, 47, 48)
(4, 8, 14, 15, 21, 25, 27, 29, 31, 38, 46, 48)
(4, 7, 8, 14, 15, 25, 29, 31, 38, 41, 46, 48)
(3, 6, 10, 13, 16, 22, 33, 34, 37, 40, 43, 49)
(2, 8, 11, 17, 18, 20, 29, 35, 38, 41, 42, 45)
(3, 10, 11, 18, 20, 21, 27, 28, 37, 42, 44, 45)
(3, 10, 13, 16, 22, 25, 27, 28, 34, 37, 42, 49)
(2, 5, 17, 20, 21, 23, 26, 35, 36, 38, 39, 44)
(2, 9, 14, 17, 23, 24, 26, 29, 33, 38, 41, 50)
(4, 6, 7, 8, 15, 25, 32, 38, 39, 41, 42, 49)
(2, 3, 7, 19, 20, 24, 30, 36, 37, 41, 42, 45)
(2, 5, 9, 11, 14, 17, 26, 36, 44, 45, 47, 50)
(2, 8, 12, 14, 17, 23, 29, 30, 33, 41, 47, 50)
(3, 5, 8, 11, 17, 20, 32, 38, 39, 41, 42, 50)
(2, 11, 12, 17, 18, 20, 26, 29, 35, 44, 45, 47)
(5, 9, 11, 14, 16, 22, 28, 31, 36, 39, 45, 50)
(1, 4, 6, 7, 15, 25, 31, 34, 40, 46, 48, 49)
(1, 4, 6, 7, 22, 25, 31, 34, 39, 40, 48, 49)
(1, 7, 13, 18, 22, 25, 28, 30, 31, 34, 48, 49)
(1, 7, 13, 18, 22, 25, 28, 30, 34, 37, 42, 49)
(7, 9, 13, 16, 22, 24, 28, 30, 31, 34, 43, 49)
(7, 9, 11, 14, 18, 24, 28, 30, 31, 41, 45, 48)
(3, 5, 10, 20, 21, 22, 26, 36, 37, 39, 43, 44)
(8, 12, 14, 15, 16, 25, 27, 29, 31, 33, 46, 50)
(5, 9, 11, 18, 22, 24, 26, 28, 32, 39, 43, 49)
(3, 7, 13, 16, 22, 25, 28, 30, 34, 37, 42, 49)
(1, 6, 9, 15, 18, 24, 26, 32, 35, 43, 48, 49)
(2, 9, 10, 14, 19, 21, 27, 31, 36, 44, 45, 48)
(5, 9, 10, 13, 14, 22, 27, 31, 36, 44, 47, 48)
(4, 6, 7, 8, 23, 25, 33, 38, 39, 40, 41, 42)
(10, 13, 16, 19, 22, 25, 27, 28, 31, 34, 36, 45)
(3, 6, 12, 15, 20, 23, 29, 33, 37, 40, 42, 46)
(1, 10, 13, 18, 19, 22, 28, 34, 36, 37, 43, 45)
(2, 3, 12, 19, 20, 23, 29, 33, 37, 40, 42, 46)
(5, 6, 17, 20, 23, 24, 26, 30, 32, 35, 41, 47)
(2, 4, 7, 19, 23, 24, 33, 36, 38, 39, 40, 41)
(3, 5, 10, 13, 16, 22, 27, 33, 36, 44, 47, 50)
(3, 4, 11, 15, 16, 21, 28, 29, 38, 45, 46, 50)
(5, 6, 9, 13, 14, 22, 30, 31, 32, 47, 48, 49)
(1, 6, 10, 20, 21, 23, 26, 35, 37, 40, 43, 44)
(4, 7, 16, 19, 22, 25, 28, 31, 34, 36, 39, 45)
(1, 5, 18, 20, 22, 24, 26, 35, 36, 37, 39, 43)
(3, 8, 12, 13, 16, 25, 27, 30, 33, 42, 47, 50)
(4, 7, 9, 16, 22, 24, 28, 31, 34, 39, 43, 49)
(5, 11, 17, 18, 20, 24, 26, 30, 32, 35, 41, 47)
(6, 8, 15, 17, 20, 23, 29, 32, 35, 38, 41, 42)
(1, 9, 12, 15, 18, 24, 26, 29, 35, 43, 46, 48)
(3, 5, 11, 17, 20, 24, 26, 32, 38, 39, 41, 50)
(5, 6, 8, 13, 22, 25, 27, 30, 32, 42, 47, 49)
(3, 4, 8, 16, 21, 25, 27, 33, 38, 39, 42, 50)
(2, 8, 12, 17, 20, 23, 27, 29, 35, 42, 44, 47)
(3, 5, 6, 20, 22, 24, 26, 32, 37, 39, 43, 49)
(6, 9, 10, 13, 16, 22, 31, 33, 34, 40, 43, 49)
(7, 9, 11, 14, 16, 24, 28, 30, 31, 41, 45, 50)
(1, 4, 6, 15, 18, 21, 32, 35, 38, 39, 48, 49)
(3, 4, 10, 16, 19, 21, 33, 34, 37, 40, 43, 46)
(1, 10, 12, 15, 18, 21, 27, 29, 35, 44, 46, 48)
(5, 8, 11, 14, 17, 18, 27, 32, 35, 44, 47, 48)
(1, 4, 6, 10, 21, 22, 34, 37, 39, 40, 43, 49)
(2, 5, 17, 20, 23, 24, 26, 30, 35, 36, 41, 47)
(8, 11, 14, 15, 17, 18, 29, 32, 35, 38, 41, 48)
(3, 11, 12, 13, 15, 16, 28, 30, 32, 47, 49, 50)
(3, 4, 7, 15, 20, 24, 29, 37, 38, 41, 42, 46)
(5, 6, 7, 22, 23, 24, 30, 33, 36, 39, 40, 41)
(10, 11, 12, 15, 18, 21, 27, 28, 29, 44, 45, 46)
(4, 10, 16, 21, 22, 25, 27, 28, 31, 34, 39, 49)
(7, 13, 16, 19, 22, 25, 28, 30, 31, 34, 36, 45)
(2, 5, 8, 11, 14, 17, 30, 36, 41, 45, 47, 50)
(2, 9, 10, 12, 19, 21, 26, 29, 43, 44, 45, 46)
(3, 11, 12, 13, 18, 20, 28, 30, 37, 42, 45, 47)
(6, 7, 8, 14, 15, 25, 30, 31, 32, 41, 48, 49)
(6, 9, 12, 14, 15, 23, 29, 31, 33, 40, 46, 48)
(3, 5, 11, 18, 20, 22, 28, 32, 37, 39, 42, 49)
(3, 6, 10, 15, 20, 21, 26, 32, 37, 43, 44, 49)
(9, 11, 12, 14, 15, 17, 26, 29, 32, 44, 47, 50)
(5, 9, 10, 14, 21, 22, 27, 31, 36, 39, 44, 48)
(6, 8, 12, 13, 23, 25, 27, 30, 33, 40, 42, 47)
(2, 5, 8, 11, 14, 17, 36, 38, 39, 41, 45, 50)
(1, 2, 10, 19, 21, 23, 27, 35, 36, 40, 44, 48)
(1, 2, 12, 13, 19, 23, 30, 35, 36, 40, 47, 48)
(3, 10, 11, 15, 16, 21, 27, 28, 32, 44, 49, 50)
(4, 6, 7, 16, 22, 25, 31, 33, 34, 39, 40, 49)
(2, 3, 8, 16, 19, 25, 27, 33, 36, 42, 45, 50)
(5, 8, 11, 14, 17, 18, 32, 35, 38, 39, 41, 48)
(2, 9, 12, 19, 23, 24, 26, 29, 33, 40, 43, 46)
(5, 6, 8, 14, 17, 23, 32, 35, 38, 39, 41, 48)
(3, 4, 6, 15, 16, 21, 32, 33, 38, 39, 49, 50)
(1, 4, 6, 20, 21, 23, 35, 37, 38, 39, 40, 42)
(8, 11, 12, 15, 18, 25, 27, 28, 29, 42, 45, 46)
(2, 8, 14, 16, 19, 25, 27, 31, 33, 36, 45, 50)
(9, 10, 11, 14, 18, 21, 27, 28, 31, 44, 45, 48)
(2, 9, 14, 17, 21, 23, 26, 29, 35, 38, 44, 48)
(2, 9, 12, 14, 16, 19, 29, 31, 33, 45, 46, 50)
(1, 6, 10, 13, 22, 25, 27, 34, 37, 40, 42, 49)
(2, 3, 11, 12, 17, 20, 26, 29, 44, 45, 47, 50)
(5, 6, 9, 14, 22, 23, 31, 33, 36, 39, 40, 48)
(2, 5, 8, 17, 20, 23, 27, 35, 36, 42, 44, 47)
(1, 12, 13, 18, 20, 24, 26, 30, 35, 37, 43, 47)
(2, 3, 11, 17, 20, 24, 26, 29, 38, 41, 45, 50)
(3, 4, 11, 18, 20, 21, 28, 37, 38, 39, 42, 45)
(1, 6, 9, 10, 13, 22, 31, 34, 40, 43, 48, 49)
(5, 9, 11, 14, 16, 22, 28, 31, 32, 39, 49, 50)
(5, 6, 8, 17, 20, 23, 32, 35, 38, 39, 41, 42)
(6, 9, 12, 13, 14, 23, 30, 31, 33, 40, 47, 48)
(3, 6, 10, 20, 21, 23, 26, 33, 37, 40, 43, 44)
(2, 8, 11, 14, 17, 18, 29, 35, 38, 41, 45, 48)
(5, 7, 9, 14, 22, 24, 30, 31, 36, 39, 41, 48)
(5, 8, 11, 14, 17, 18, 30, 32, 35, 41, 47, 48)
(4, 7, 8, 14, 16, 25, 31, 33, 38, 39, 41, 50)
(5, 7, 11, 18, 22, 24, 28, 30, 32, 39, 41, 49)
(1, 2, 10, 18, 19, 21, 27, 35, 36, 44, 45, 48)
(1, 10, 13, 18, 22, 25, 27, 28, 31, 34, 48, 49)
(2, 5, 8, 14, 17, 23, 27, 33, 36, 44, 47, 50)
(5, 8, 11, 17, 18, 20, 27, 32, 35, 42, 44, 47)
(5, 6, 10, 13, 22, 23, 27, 33, 36, 40, 44, 47)
(1, 7, 12, 15, 18, 24, 29, 30, 35, 41, 46, 48)
(1, 5, 7, 18, 22, 24, 30, 35, 36, 39, 41, 48)
(2, 3, 17, 20, 23, 24, 26, 29, 33, 38, 41, 50)
(3, 5, 10, 13, 20, 22, 27, 36, 37, 42, 44, 47)
(2, 5, 8, 14, 17, 23, 33, 36, 38, 39, 41, 50)
(8, 11, 14, 15, 17, 21, 27, 29, 32, 38, 44, 50)
(3, 5, 10, 13, 20, 22, 26, 36, 37, 43, 44, 47)
(6, 8, 14, 15, 17, 23, 29, 32, 33, 38, 41, 50)
(3, 7, 8, 11, 16, 25, 28, 30, 41, 42, 45, 50)
(1, 9, 10, 13, 18, 22, 28, 31, 34, 43, 48, 49)
(2, 3, 5, 11, 17, 20, 26, 36, 44, 45, 47, 50)
(7, 8, 11, 15, 18, 25, 28, 30, 32, 41, 42, 49)
(1, 10, 13, 18, 22, 25, 27, 28, 34, 37, 42, 49)
(3, 9, 12, 15, 16, 24, 26, 29, 33, 43, 46, 50)
(2, 3, 7, 16, 19, 24, 30, 33, 36, 41, 45, 50)
(6, 9, 10, 14, 15, 21, 27, 31, 32, 44, 48, 49)
(6, 10, 13, 16, 22, 25, 27, 31, 33, 34, 40, 49)
(5, 10, 11, 18, 21, 22, 27, 28, 36, 39, 44, 45)
(1, 4, 7, 19, 22, 25, 34, 36, 37, 39, 40, 42)
(2, 8, 12, 13, 19, 25, 27, 30, 36, 42, 45, 47)
(3, 6, 7, 15, 20, 24, 30, 32, 37, 41, 42, 49)
(6, 7, 12, 15, 23, 24, 29, 30, 33, 40, 41, 46)
(5, 6, 9, 13, 22, 24, 26, 30, 32, 43, 47, 49)
(3, 5, 11, 18, 20, 22, 28, 36, 37, 39, 42, 45)
(3, 6, 12, 13, 15, 20, 30, 32, 37, 42, 47, 49)
(5, 8, 14, 16, 22, 25, 27, 31, 33, 36, 39, 50)
(1, 2, 4, 19, 21, 23, 35, 36, 38, 39, 40, 48)
(2, 9, 12, 14, 19, 23, 29, 31, 33, 40, 46, 48)
(10, 12, 13, 16, 19, 25, 27, 28, 31, 34, 45, 46)
(1, 5, 6, 13, 18, 22, 30, 32, 35, 47, 48, 49)
(4, 6, 9, 14, 15, 21, 31, 32, 38, 39, 48, 49)
(5, 6, 9, 14, 17, 23, 26, 32, 35, 44, 47, 48)
(3, 4, 7, 16, 19, 25, 28, 34, 37, 42, 45, 46)
(2, 3, 12, 19, 20, 24, 26, 29, 37, 43, 45, 46)
(3, 6, 12, 13, 15, 16, 30, 32, 33, 47, 49, 50)
(2, 9, 11, 12, 14, 17, 26, 29, 44, 45, 47, 50)
(5, 6, 8, 17, 20, 23, 27, 32, 35, 42, 44, 47)
(1, 6, 12, 13, 15, 18, 30, 32, 35, 47, 48, 49)
(3, 4, 10, 16, 21, 22, 28, 34, 37, 39, 43, 49)
(4, 9, 10, 16, 19, 21, 31, 33, 34, 40, 43, 46)
(5, 6, 9, 14, 17, 23, 26, 32, 33, 44, 47, 50)
(2, 8, 12, 17, 20, 23, 29, 30, 35, 41, 42, 47)
(4, 9, 11, 18, 21, 24, 26, 28, 38, 39, 43, 45)
(5, 11, 17, 18, 20, 21, 26, 32, 35, 38, 39, 44)
(7, 11, 12, 15, 18, 24, 28, 29, 30, 41, 45, 46)
(1, 10, 12, 13, 19, 25, 27, 34, 37, 40, 42, 46)
(1, 4, 7, 19, 22, 24, 34, 36, 37, 39, 40, 43)
(2, 8, 11, 12, 14, 17, 27, 29, 44, 45, 47, 50)
(6, 10, 12, 15, 21, 23, 27, 29, 33, 40, 44, 46)
(1, 7, 12, 13, 19, 25, 30, 31, 34, 40, 46, 48)
(1, 4, 7, 18, 19, 24, 28, 34, 37, 43, 45, 46)
(5, 9, 11, 18, 22, 24, 26, 28, 36, 39, 43, 45)
(4, 7, 9, 14, 16, 24, 31, 33, 38, 39, 41, 50)
(4, 7, 9, 16, 19, 24, 31, 33, 34, 40, 43, 46)
(1, 7, 12, 13, 19, 25, 30, 34, 37, 40, 42, 46)
(5, 11, 17, 18, 20, 24, 26, 32, 35, 38, 39, 41)
(2, 7, 8, 12, 19, 25, 29, 30, 41, 42, 45, 46)
(1, 4, 7, 18, 19, 25, 28, 34, 37, 42, 45, 46)
(1, 4, 10, 19, 21, 25, 27, 31, 34, 40, 46, 48)
(4, 7, 16, 19, 22, 25, 31, 33, 34, 36, 39, 40)
(3, 10, 13, 16, 19, 22, 28, 34, 36, 37, 43, 45)
(3, 7, 13, 16, 22, 24, 28, 30, 34, 37, 43, 49)
(2, 4, 7, 8, 19, 25, 36, 38, 39, 41, 42, 45)
(3, 8, 12, 15, 16, 25, 27, 29, 33, 42, 46, 50)
(5, 6, 17, 20, 23, 24, 26, 32, 35, 38, 39, 41)
(1, 6, 10, 15, 18, 21, 27, 32, 35, 44, 48, 49)
(7, 9, 12, 14, 15, 24, 29, 30, 31, 41, 46, 48)
(3, 10, 12, 13, 15, 16, 28, 34, 37, 43, 46, 49)
(1, 2, 12, 13, 18, 19, 30, 35, 36, 45, 47, 48)
(4, 6, 7, 15, 16, 25, 31, 33, 34, 40, 46, 49)
(4, 6, 9, 15, 21, 24, 26, 32, 38, 39, 43, 49)
(3, 6, 9, 15, 16, 24, 26, 32, 33, 43, 49, 50)
(1, 9, 10, 13, 19, 22, 31, 34, 36, 40, 43, 48)
(9, 11, 12, 13, 14, 16, 28, 30, 31, 45, 47, 50)
(6, 9, 12, 13, 15, 24, 26, 30, 32, 43, 47, 49)
(6, 9, 12, 13, 23, 24, 26, 30, 33, 40, 43, 47)
(6, 7, 8, 14, 23, 25, 30, 31, 33, 40, 41, 48)
(8, 11, 15, 17, 18, 20, 29, 32, 35, 38, 41, 42)
(9, 11, 14, 15, 17, 24, 26, 29, 32, 38, 41, 50)
(3, 10, 11, 18, 20, 21, 26, 28, 37, 43, 44, 45)
(1, 9, 10, 12, 13, 19, 31, 34, 40, 43, 46, 48)
(1, 6, 12, 15, 20, 23, 29, 35, 37, 40, 42, 46)
(4, 6, 8, 21, 23, 25, 27, 33, 38, 39, 40, 42)
(2, 4, 9, 19, 21, 24, 26, 29, 38, 43, 45, 46)
(4, 9, 14, 15, 16, 21, 29, 31, 33, 38, 46, 50)
(5, 9, 11, 14, 18, 22, 28, 31, 36, 39, 45, 48)
(1, 6, 10, 12, 13, 15, 34, 37, 40, 43, 46, 49)
(2, 12, 17, 20, 23, 24, 26, 29, 30, 35, 41, 47)
(10, 11, 12, 13, 15, 18, 27, 28, 32, 44, 47, 49)
(1, 4, 10, 18, 19, 21, 28, 34, 37, 43, 45, 46)
(5, 8, 11, 14, 17, 21, 27, 32, 38, 39, 44, 50)
(2, 9, 11, 14, 17, 21, 26, 29, 38, 44, 45, 50)
(1, 9, 10, 12, 13, 18, 26, 35, 43, 44, 47, 48)
(1, 6, 10, 20, 21, 23, 27, 35, 37, 40, 42, 44)
(7, 12, 13, 16, 19, 25, 28, 30, 31, 34, 45, 46)
(2, 9, 12, 13, 19, 24, 26, 30, 36, 43, 45, 47)
(2, 5, 8, 14, 17, 23, 30, 33, 36, 41, 47, 50)
(3, 6, 7, 20, 23, 24, 30, 33, 37, 40, 41, 42)
(3, 9, 10, 11, 16, 21, 26, 28, 43, 44, 45, 50)
(11, 12, 15, 17, 18, 20, 26, 29, 32, 35, 44, 47)
(3, 5, 8, 11, 17, 20, 30, 32, 41, 42, 47, 50)
(11, 15, 17, 18, 20, 24, 26, 29, 32, 35, 38, 41)
(1, 4, 7, 15, 18, 25, 28, 31, 34, 46, 48, 49)
(3, 4, 7, 15, 16, 24, 28, 34, 37, 43, 46, 49)
(8, 11, 12, 14, 15, 17, 27, 29, 32, 44, 47, 50)
(6, 8, 12, 15, 23, 25, 27, 29, 33, 40, 42, 46)
(1, 4, 15, 18, 20, 21, 29, 35, 37, 38, 42, 46)
(7, 12, 13, 15, 16, 25, 28, 30, 31, 34, 46, 49)
(1, 2, 4, 18, 19, 21, 29, 35, 38, 45, 46, 48)
(6, 9, 10, 14, 21, 23, 27, 31, 33, 40, 44, 48)
(3, 4, 11, 15, 16, 21, 28, 32, 38, 39, 49, 50)
(2, 3, 4, 16, 19, 21, 29, 33, 38, 45, 46, 50)
(1, 4, 7, 19, 22, 25, 31, 34, 36, 39, 40, 48)
(4, 6, 7, 15, 23, 24, 29, 33, 38, 40, 41, 46)
(4, 10, 16, 19, 21, 25, 27, 31, 33, 34, 40, 46)
(2, 4, 7, 19, 23, 24, 29, 33, 38, 40, 41, 46)
(1, 12, 15, 18, 20, 24, 26, 29, 35, 37, 43, 46)
(5, 7, 8, 14, 22, 25, 30, 31, 36, 39, 41, 48)
(5, 10, 11, 13, 18, 22, 27, 28, 36, 44, 45, 47)
(1, 6, 10, 13, 22, 25, 27, 31, 34, 40, 48, 49)
(5, 6, 10, 21, 22, 23, 27, 33, 36, 39, 40, 44)
(2, 4, 7, 8, 19, 25, 29, 38, 41, 42, 45, 46)
(1, 6, 7, 15, 18, 24, 30, 32, 35, 41, 48, 49)
(1, 2, 8, 18, 19, 25, 27, 35, 36, 42, 45, 48)
(6, 7, 9, 14, 15, 24, 30, 31, 32, 41, 48, 49)
(2, 4, 9, 19, 21, 24, 26, 36, 38, 39, 43, 45)
(1, 7, 13, 19, 22, 25, 30, 31, 34, 36, 40, 48)
(8, 11, 14, 15, 16, 25, 27, 28, 31, 32, 49, 50)
(1, 6, 9, 10, 21, 23, 26, 35, 40, 43, 44, 48)
(1, 8, 12, 13, 18, 25, 27, 30, 35, 42, 47, 48)
(6, 9, 10, 12, 13, 15, 26, 32, 43, 44, 47, 49)
(2, 11, 17, 18, 20, 24, 26, 29, 35, 38, 41, 45)
(3, 4, 7, 15, 16, 25, 28, 34, 37, 42, 46, 49)
(5, 6, 9, 10, 21, 22, 26, 32, 39, 43, 44, 49)
(10, 13, 16, 19, 22, 25, 27, 31, 33, 34, 36, 40)
(1, 10, 12, 13, 18, 19, 28, 34, 37, 43, 45, 46)
(1, 5, 6, 20, 22, 23, 35, 36, 37, 39, 40, 42)
(5, 10, 11, 18, 21, 22, 27, 28, 32, 39, 44, 49)
(2, 5, 8, 11, 14, 17, 27, 36, 44, 45, 47, 50)
(1, 2, 9, 19, 23, 24, 26, 35, 36, 40, 43, 48)
(5, 6, 8, 14, 17, 23, 32, 33, 38, 39, 41, 50)
(1, 5, 10, 18, 21, 22, 27, 35, 36, 39, 44, 48)
(5, 6, 8, 14, 17, 23, 27, 32, 33, 44, 47, 50)
(2, 8, 12, 14, 19, 25, 27, 29, 31, 45, 46, 48)
(3, 8, 11, 15, 17, 20, 29, 32, 38, 41, 42, 50)
(3, 11, 15, 17, 20, 24, 26, 29, 32, 38, 41, 50)
(6, 9, 12, 13, 14, 15, 30, 31, 32, 47, 48, 49)
(2, 5, 8, 14, 17, 23, 35, 36, 38, 39, 41, 48)
(3, 6, 10, 15, 16, 21, 27, 32, 33, 44, 49, 50)
(3, 5, 7, 20, 22, 24, 30, 36, 37, 39, 41, 42)
(3, 6, 10, 20, 21, 23, 27, 33, 37, 40, 42, 44)
(1, 4, 9, 18, 21, 24, 26, 35, 38, 39, 43, 48)
(2, 9, 10, 19, 21, 23, 26, 33, 36, 40, 43, 44)
(6, 8, 14, 15, 16, 25, 27, 31, 32, 33, 49, 50)
(2, 9, 10, 12, 13, 19, 26, 36, 43, 44, 45, 47)
(3, 7, 12, 15, 16, 24, 29, 30, 33, 41, 46, 50)
(4, 7, 11, 15, 18, 24, 28, 32, 38, 39, 41, 49)
(2, 4, 8, 19, 21, 25, 27, 36, 38, 39, 42, 45)
(10, 12, 13, 16, 19, 25, 27, 31, 33, 34, 40, 46)
(1, 8, 12, 15, 18, 25, 27, 29, 35, 42, 46, 48)
(3, 7, 11, 15, 16, 24, 28, 30, 32, 41, 49, 50)
(2, 3, 17, 20, 21, 23, 26, 29, 33, 38, 44, 50)
(2, 10, 12, 19, 21, 23, 27, 29, 33, 40, 44, 46)
(7, 8, 12, 14, 15, 25, 29, 30, 31, 41, 46, 48)
(9, 11, 14, 15, 17, 21, 26, 29, 32, 38, 44, 50)
(3, 10, 13, 16, 19, 22, 33, 34, 36, 37, 40, 43)
(1, 4, 7, 9, 19, 24, 31, 34, 40, 43, 46, 48)
(2, 8, 14, 17, 21, 23, 27, 29, 33, 38, 44, 50)
(3, 11, 12, 15, 18, 20, 28, 29, 37, 42, 45, 46)
(1, 4, 9, 10, 19, 21, 31, 34, 40, 43, 46, 48)
(3, 6, 8, 15, 16, 25, 27, 32, 33, 42, 49, 50)
(3, 4, 9, 16, 21, 24, 26, 33, 38, 39, 43, 50)
(1, 2, 12, 19, 20, 23, 29, 35, 37, 40, 42, 46)
(2, 5, 8, 14, 17, 23, 30, 35, 36, 41, 47, 48)
(5, 9, 11, 14, 17, 24, 26, 30, 32, 41, 47, 50)
(3, 9, 12, 13, 16, 24, 26, 30, 33, 43, 47, 50)
(3, 4, 10, 16, 19, 21, 28, 34, 37, 43, 45, 46)
(1, 10, 13, 19, 22, 25, 27, 34, 36, 37, 40, 42)
(2, 9, 11, 14, 17, 24, 26, 29, 38, 41, 45, 50)
(3, 4, 7, 16, 19, 25, 33, 34, 37, 40, 42, 46)
(2, 3, 19, 20, 23, 24, 26, 33, 36, 37, 40, 43)
(1, 6, 8, 15, 18, 25, 27, 32, 35, 42, 48, 49)
(1, 4, 18, 20, 21, 24, 26, 35, 37, 38, 39, 43)
(1, 4, 7, 18, 22, 25, 28, 34, 37, 39, 42, 49)
(2, 3, 5, 17, 20, 23, 26, 33, 36, 44, 47, 50)
(6, 7, 9, 14, 23, 24, 30, 31, 33, 40, 41, 48)
(7, 8, 11, 14, 18, 25, 28, 30, 31, 41, 45, 48)
(5, 6, 9, 14, 16, 22, 31, 32, 33, 39, 49, 50)
(6, 9, 10, 12, 13, 23, 26, 33, 40, 43, 44, 47)
(3, 4, 10, 15, 16, 21, 28, 34, 37, 43, 46, 49)
(1, 4, 8, 18, 21, 25, 27, 35, 38, 39, 42, 48)
(9, 10, 12, 13, 14, 16, 27, 31, 33, 44, 47, 50)
(3, 4, 7, 11, 16, 24, 28, 38, 39, 41, 45, 50)
(1, 5, 6, 18, 20, 22, 32, 35, 37, 39, 42, 49)
(2, 5, 11, 17, 18, 20, 26, 35, 36, 44, 45, 47)
(1, 2, 19, 20, 23, 24, 26, 35, 36, 37, 40, 43)
(1, 10, 12, 13, 18, 20, 26, 35, 37, 43, 44, 47)
(9, 10, 11, 12, 13, 18, 26, 28, 43, 44, 45, 47)
(3, 5, 11, 17, 20, 21, 26, 32, 38, 39, 44, 50)
(1, 2, 4, 19, 21, 23, 29, 35, 38, 40, 46, 48)
(2, 9, 12, 14, 17, 23, 26, 29, 33, 44, 47, 50)
(2, 5, 9, 14, 17, 23, 26, 33, 36, 44, 47, 50)
(2, 5, 8, 17, 20, 23, 35, 36, 38, 39, 41, 42)
(1, 7, 12, 13, 19, 24, 30, 34, 37, 40, 43, 46)
(5, 6, 9, 22, 23, 24, 26, 33, 36, 39, 40, 43)
(2, 4, 8, 19, 21, 25, 27, 29, 38, 42, 45, 46)
(3, 5, 6, 13, 16, 22, 30, 32, 33, 47, 49, 50)
(4, 9, 10, 16, 21, 22, 28, 31, 34, 39, 43, 49)
(3, 5, 10, 20, 21, 22, 27, 36, 37, 39, 42, 44)
(2, 10, 12, 13, 19, 23, 27, 33, 36, 40, 44, 47)
(2, 8, 12, 14, 17, 23, 27, 29, 35, 44, 47, 48)
(3, 5, 9, 16, 22, 24, 26, 33, 36, 39, 43, 50)
(1, 4, 6, 10, 15, 21, 34, 37, 40, 43, 46, 49)
(2, 3, 10, 19, 20, 21, 27, 36, 37, 42, 44, 45)
(5, 8, 11, 17, 18, 20, 32, 35, 38, 39, 41, 42)
(4, 6, 9, 14, 21, 23, 31, 33, 38, 39, 40, 48)
(5, 6, 8, 14, 17, 23, 30, 32, 33, 41, 47, 50)
(1, 6, 7, 8, 23, 25, 30, 35, 40, 41, 42, 48)
}

Print indecomposable (contains 0 tuples): {
}

Print decomposable but no pairs (contains 512 tuples): {
(1, 6, 7, 13, 22, 25, 30, 34, 37, 40, 42, 49)
(2, 9, 14, 17, 23, 24, 26, 29, 35, 38, 41, 48)
(1, 2, 7, 18, 19, 24, 30, 35, 36, 41, 45, 48)
(3, 10, 12, 15, 20, 21, 26, 29, 37, 43, 44, 46)
(5, 7, 11, 18, 22, 24, 28, 30, 36, 39, 41, 45)
(1, 10, 13, 19, 22, 25, 27, 31, 34, 36, 40, 48)
(9, 11, 12, 14, 15, 18, 28, 29, 31, 45, 46, 48)
(3, 8, 11, 15, 16, 25, 27, 28, 32, 42, 49, 50)
(4, 7, 8, 11, 18, 25, 28, 38, 39, 41, 42, 45)
(3, 5, 7, 16, 22, 24, 30, 33, 36, 39, 41, 50)
(1, 7, 13, 19, 22, 25, 30, 34, 36, 37, 40, 42)
(4, 9, 10, 16, 19, 21, 28, 31, 34, 43, 45, 46)
(2, 8, 14, 19, 23, 25, 27, 31, 33, 36, 40, 48)
(9, 10, 12, 13, 16, 19, 28, 31, 34, 43, 45, 46)
(2, 3, 4, 16, 19, 21, 33, 36, 38, 39, 45, 50)
(1, 6, 7, 13, 22, 24, 30, 34, 37, 40, 43, 49)
(9, 10, 11, 15, 18, 21, 26, 28, 32, 43, 44, 49)
(2, 5, 9, 14, 17, 23, 26, 35, 36, 44, 47, 48)
(1, 4, 6, 7, 15, 25, 34, 37, 40, 42, 46, 49)
(1, 7, 13, 18, 22, 24, 28, 30, 34, 37, 43, 49)
(5, 6, 8, 17, 20, 23, 30, 32, 35, 41, 42, 47)
(1, 4, 10, 19, 21, 22, 34, 36, 37, 39, 40, 43)
(1, 5, 10, 13, 18, 22, 27, 35, 36, 44, 47, 48)
(3, 5, 11, 13, 16, 22, 28, 30, 36, 45, 47, 50)
(3, 10, 12, 15, 16, 21, 27, 29, 33, 44, 46, 50)
(1, 10, 12, 13, 19, 25, 27, 31, 34, 40, 46, 48)
(6, 9, 12, 15, 23, 24, 26, 29, 33, 40, 43, 46)
(5, 6, 8, 22, 23, 25, 27, 33, 36, 39, 40, 42)
(3, 9, 11, 15, 16, 24, 26, 28, 32, 43, 49, 50)
(1, 2, 7, 19, 23, 24, 30, 35, 36, 40, 41, 48)
(3, 5, 10, 16, 21, 22, 27, 33, 36, 39, 44, 50)
(8, 12, 13, 14, 16, 25, 27, 30, 31, 33, 47, 50)
(3, 4, 6, 20, 21, 23, 33, 37, 38, 39, 40, 42)
(3, 10, 11, 12, 13, 16, 27, 28, 44, 45, 47, 50)
(1, 4, 7, 18, 22, 25, 28, 31, 34, 39, 48, 49)
(2, 8, 14, 17, 21, 23, 27, 29, 35, 38, 44, 48)
(2, 3, 12, 13, 19, 20, 30, 36, 37, 42, 45, 47)
(1, 4, 7, 8, 18, 25, 35, 38, 39, 41, 42, 48)
(5, 6, 8, 14, 22, 25, 27, 31, 32, 39, 48, 49)
(1, 6, 12, 13, 20, 23, 30, 35, 37, 40, 42, 47)
(2, 9, 12, 13, 14, 19, 30, 31, 36, 45, 47, 48)
(2, 3, 4, 19, 20, 21, 36, 37, 38, 39, 42, 45)
(2, 7, 9, 14, 19, 24, 30, 31, 36, 41, 45, 48)
(9, 10, 13, 16, 19, 22, 28, 31, 34, 36, 43, 45)
(2, 5, 17, 20, 23, 24, 26, 35, 36, 38, 39, 41)
(2, 8, 12, 14, 17, 23, 27, 29, 33, 44, 47, 50)
(3, 10, 12, 13, 16, 19, 33, 34, 37, 40, 43, 46)
(4, 7, 9, 16, 19, 24, 28, 31, 34, 43, 45, 46)
(3, 7, 12, 15, 20, 24, 29, 30, 37, 41, 42, 46)
(1, 4, 10, 18, 21, 22, 28, 34, 37, 39, 43, 49)
(5, 10, 11, 13, 18, 22, 27, 28, 32, 44, 47, 49)
(2, 8, 11, 12, 14, 17, 29, 30, 41, 45, 47, 50)
(1, 7, 13, 19, 22, 24, 30, 34, 36, 37, 40, 43)
(2, 9, 12, 14, 17, 23, 26, 29, 35, 44, 47, 48)
(3, 5, 8, 16, 22, 25, 27, 33, 36, 39, 42, 50)
(3, 11, 15, 18, 20, 24, 26, 28, 32, 37, 43, 49)
(3, 5, 6, 20, 22, 23, 33, 36, 37, 39, 40, 42)
(1, 6, 7, 13, 22, 25, 30, 31, 34, 40, 48, 49)
(2, 7, 8, 14, 19, 25, 30, 31, 36, 41, 45, 48)
(4, 10, 16, 19, 21, 25, 27, 28, 31, 34, 45, 46)
(3, 5, 13, 20, 22, 24, 26, 30, 36, 37, 43, 47)
(7, 8, 11, 14, 16, 25, 28, 30, 31, 41, 45, 50)
(4, 8, 11, 18, 21, 25, 27, 28, 38, 39, 42, 45)
(3, 4, 7, 8, 16, 25, 33, 38, 39, 41, 42, 50)
(3, 5, 6, 13, 20, 22, 30, 32, 37, 42, 47, 49)
(5, 9, 11, 14, 17, 18, 26, 32, 35, 44, 47, 48)
(3, 4, 7, 16, 22, 25, 28, 34, 37, 39, 42, 49)
(4, 9, 11, 14, 18, 21, 28, 31, 38, 39, 45, 48)
(1, 4, 7, 18, 22, 24, 28, 34, 37, 39, 43, 49)
(1, 4, 7, 15, 18, 24, 29, 35, 38, 41, 46, 48)
(5, 8, 11, 17, 18, 20, 30, 32, 35, 41, 42, 47)
(3, 5, 8, 11, 17, 20, 27, 32, 42, 44, 47, 50)
(4, 7, 9, 15, 16, 24, 28, 31, 34, 43, 46, 49)
(2, 4, 9, 14, 19, 21, 31, 36, 38, 39, 45, 48)
(3, 4, 6, 15, 20, 21, 32, 37, 38, 39, 42, 49)
(3, 10, 12, 15, 20, 21, 27, 29, 37, 42, 44, 46)
(4, 9, 11, 14, 16, 21, 28, 31, 38, 39, 45, 50)
(3, 5, 11, 17, 20, 24, 26, 30, 32, 41, 47, 50)
(1, 4, 7, 15, 18, 24, 28, 34, 37, 43, 46, 49)
(3, 4, 7, 16, 19, 24, 33, 34, 37, 40, 43, 46)
(2, 8, 12, 14, 17, 23, 29, 30, 35, 41, 47, 48)
(3, 7, 11, 18, 20, 24, 28, 30, 37, 41, 42, 45)
(9, 10, 12, 14, 15, 21, 27, 29, 31, 44, 46, 48)
(4, 9, 10, 15, 16, 21, 28, 31, 34, 43, 46, 49)
(5, 8, 11, 18, 22, 25, 27, 28, 32, 39, 42, 49)
(1, 4, 6, 7, 23, 24, 35, 38, 39, 40, 41, 48)
(5, 9, 11, 14, 17, 21, 26, 32, 38, 39, 44, 50)
(6, 15, 17, 20, 23, 24, 26, 29, 32, 35, 38, 41)
(9, 11, 12, 13, 14, 18, 28, 30, 31, 45, 47, 48)
(5, 9, 13, 14, 16, 22, 30, 31, 33, 36, 47, 50)
(2, 3, 8, 17, 20, 23, 29, 33, 38, 41, 42, 50)
(1, 6, 10, 12, 13, 23, 27, 35, 40, 44, 47, 48)
(3, 6, 12, 13, 20, 23, 30, 33, 37, 40, 42, 47)
(4, 6, 8, 15, 21, 25, 27, 32, 38, 39, 42, 49)
(4, 6, 9, 21, 23, 24, 26, 33, 38, 39, 40, 43)
(3, 5, 6, 17, 20, 23, 26, 32, 33, 44, 47, 50)
(9, 10, 12, 13, 16, 19, 31, 33, 34, 40, 43, 46)
(5, 6, 8, 14, 17, 23, 27, 32, 35, 44, 47, 48)
(1, 5, 6, 13, 22, 23, 30, 35, 36, 40, 47, 48)
(6, 7, 13, 16, 22, 25, 30, 31, 33, 34, 40, 49)
(3, 4, 15, 20, 21, 24, 26, 29, 37, 38, 43, 46)
(6, 8, 14, 15, 17, 23, 29, 32, 35, 38, 41, 48)
(5, 8, 11, 18, 22, 25, 27, 28, 36, 39, 42, 45)
(4, 8, 14, 16, 21, 25, 27, 31, 33, 38, 39, 50)
(2, 3, 8, 11, 17, 20, 29, 38, 41, 42, 45, 50)
(2, 7, 8, 19, 23, 25, 30, 33, 36, 40, 41, 42)
(2, 8, 17, 20, 21, 23, 27, 29, 35, 38, 42, 44)
(9, 11, 12, 15, 18, 24, 26, 28, 29, 43, 45, 46)
(8, 11, 12, 13, 18, 25, 27, 28, 30, 42, 45, 47)
(5, 8, 13, 14, 22, 25, 27, 30, 31, 36, 47, 48)
(1, 2, 9, 18, 19, 24, 26, 35, 36, 43, 45, 48)
(3, 5, 11, 13, 16, 22, 28, 30, 32, 47, 49, 50)
(3, 4, 7, 15, 16, 24, 29, 33, 38, 41, 46, 50)
(1, 4, 7, 18, 20, 24, 35, 37, 38, 39, 41, 42)
(1, 9, 12, 13, 18, 24, 26, 30, 35, 43, 47, 48)
(9, 10, 13, 16, 19, 22, 31, 33, 34, 36, 40, 43)
(7, 13, 16, 19, 22, 25, 30, 31, 33, 34, 36, 40)
(2, 4, 9, 14, 19, 21, 29, 31, 38, 45, 46, 48)
(3, 4, 7, 16, 19, 24, 28, 34, 37, 43, 45, 46)
(1, 4, 6, 7, 15, 24, 34, 37, 40, 43, 46, 49)
(1, 2, 8, 19, 23, 25, 27, 35, 36, 40, 42, 48)
(1, 5, 13, 18, 20, 22, 30, 35, 36, 37, 42, 47)
(3, 9, 10, 12, 13, 16, 26, 33, 43, 44, 47, 50)
(2, 5, 8, 14, 17, 23, 27, 35, 36, 44, 47, 48)
(2, 9, 14, 17, 21, 23, 26, 29, 33, 38, 44, 50)
(11, 15, 17, 18, 20, 21, 26, 29, 32, 35, 38, 44)
(1, 2, 18, 19, 20, 24, 26, 35, 36, 37, 43, 45)
(8, 11, 14, 15, 18, 25, 27, 28, 31, 32, 48, 49)
(1, 10, 12, 13, 18, 20, 27, 35, 37, 42, 44, 47)
(10, 12, 13, 15, 16, 25, 27, 28, 31, 34, 46, 49)
(1, 4, 7, 15, 18, 25, 28, 34, 37, 42, 46, 49)
(2, 3, 9, 16, 19, 24, 26, 33, 36, 43, 45, 50)
(3, 11, 12, 15, 17, 20, 26, 29, 32, 44, 47, 50)
(1, 6, 15, 18, 20, 24, 26, 32, 35, 37, 43, 49)
(6, 12, 15, 17, 20, 23, 26, 29, 32, 35, 44, 47)
(2, 3, 12, 13, 16, 19, 30, 33, 36, 45, 47, 50)
(5, 9, 11, 14, 18, 22, 28, 31, 32, 39, 48, 49)
(3, 11, 15, 17, 20, 21, 26, 29, 32, 38, 44, 50)
(5, 6, 7, 8, 22, 25, 30, 32, 39, 41, 42, 49)
(3, 6, 7, 15, 16, 24, 30, 32, 33, 41, 49, 50)
(2, 3, 11, 17, 20, 21, 26, 29, 38, 44, 45, 50)
(1, 4, 6, 15, 21, 23, 29, 35, 38, 40, 46, 48)
(8, 11, 12, 14, 15, 17, 29, 30, 32, 41, 47, 50)
(2, 3, 10, 19, 20, 21, 26, 36, 37, 43, 44, 45)
(3, 6, 10, 15, 20, 21, 27, 32, 37, 42, 44, 49)
(9, 11, 12, 14, 15, 16, 28, 29, 31, 45, 46, 50)
(7, 12, 13, 16, 19, 25, 30, 31, 33, 34, 40, 46)
(2, 7, 12, 19, 23, 24, 29, 30, 33, 40, 41, 46)
(1, 4, 10, 15, 18, 21, 28, 34, 37, 43, 46, 49)
(4, 7, 9, 14, 15, 24, 29, 31, 38, 41, 46, 48)
(1, 10, 12, 13, 15, 18, 28, 34, 37, 43, 46, 49)
(6, 8, 12, 13, 15, 25, 27, 30, 32, 42, 47, 49)
(2, 8, 12, 19, 23, 25, 27, 29, 33, 40, 42, 46)
(1, 6, 7, 20, 23, 24, 30, 35, 37, 40, 41, 42)
(1, 4, 6, 7, 22, 25, 34, 37, 39, 40, 42, 49)
(2, 8, 11, 14, 17, 21, 27, 29, 38, 44, 45, 50)
(5, 9, 11, 14, 17, 24, 26, 32, 38, 39, 41, 50)
(2, 3, 10, 16, 19, 21, 27, 33, 36, 44, 45, 50)
(6, 15, 17, 20, 21, 23, 26, 29, 32, 35, 38, 44)
(5, 6, 17, 20, 21, 23, 26, 32, 35, 38, 39, 44)
(1, 4, 6, 7, 22, 24, 34, 37, 39, 40, 43, 49)
(4, 10, 15, 16, 21, 25, 27, 28, 31, 34, 46, 49)
(9, 10, 12, 13, 15, 16, 28, 31, 34, 43, 46, 49)
(1, 5, 8, 18, 22, 25, 27, 35, 36, 39, 42, 48)
(9, 10, 11, 14, 16, 21, 27, 28, 31, 44, 45, 50)
(2, 3, 12, 17, 20, 23, 26, 29, 33, 44, 47, 50)
(2, 11, 17, 18, 20, 21, 26, 29, 35, 38, 44, 45)
(2, 5, 8, 17, 20, 23, 30, 35, 36, 41, 42, 47)
(9, 11, 12, 13, 18, 24, 26, 28, 30, 43, 45, 47)
(3, 4, 7, 16, 22, 24, 28, 34, 37, 39, 43, 49)
(3, 10, 12, 13, 16, 19, 28, 34, 37, 43, 45, 46)
(1, 4, 10, 19, 21, 25, 27, 34, 37, 40, 42, 46)
(4, 7, 11, 15, 18, 24, 28, 29, 38, 41, 45, 46)
(1, 2, 12, 18, 19, 20, 29, 35, 37, 42, 45, 46)
(1, 4, 7, 18, 19, 25, 28, 31, 34, 45, 46, 48)
(2, 3, 4, 19, 20, 21, 29, 37, 38, 42, 45, 46)
(1, 5, 9, 18, 22, 24, 26, 35, 36, 39, 43, 48)
(5, 6, 9, 10, 13, 22, 26, 32, 43, 44, 47, 49)
(1, 2, 4, 18, 19, 21, 35, 36, 38, 39, 45, 48)
(5, 6, 8, 14, 17, 23, 30, 32, 35, 41, 47, 48)
(4, 8, 14, 15, 21, 25, 27, 29, 31, 38, 46, 48)
(4, 7, 8, 14, 15, 25, 29, 31, 38, 41, 46, 48)
(3, 6, 10, 13, 16, 22, 33, 34, 37, 40, 43, 49)
(2, 8, 11, 17, 18, 20, 29, 35, 38, 41, 42, 45)
(3, 10, 11, 18, 20, 21, 27, 28, 37, 42, 44, 45)
(3, 10, 13, 16, 22, 25, 27, 28, 34, 37, 42, 49)
(2, 5, 17, 20, 21, 23, 26, 35, 36, 38, 39, 44)
(2, 9, 14, 17, 23, 24, 26, 29, 33, 38, 41, 50)
(4, 6, 7, 8, 15, 25, 32, 38, 39, 41, 42, 49)
(2, 3, 7, 19, 20, 24, 30, 36, 37, 41, 42, 45)
(2, 5, 9, 11, 14, 17, 26, 36, 44, 45, 47, 50)
(2, 8, 12, 14, 17, 23, 29, 30, 33, 41, 47, 50)
(3, 5, 8, 11, 17, 20, 32, 38, 39, 41, 42, 50)
(2, 11, 12, 17, 18, 20, 26, 29, 35, 44, 45, 47)
(5, 9, 11, 14, 16, 22, 28, 31, 36, 39, 45, 50)
(1, 4, 6, 7, 15, 25, 31, 34, 40, 46, 48, 49)
(1, 4, 6, 7, 22, 25, 31, 34, 39, 40, 48, 49)
(1, 7, 13, 18, 22, 25, 28, 30, 31, 34, 48, 49)
(1, 7, 13, 18, 22, 25, 28, 30, 34, 37, 42, 49)
(7, 9, 13, 16, 22, 24, 28, 30, 31, 34, 43, 49)
(7, 9, 11, 14, 18, 24, 28, 30, 31, 41, 45, 48)
(3, 5, 10, 20, 21, 22, 26, 36, 37, 39, 43, 44)
(8, 12, 14, 15, 16, 25, 27, 29, 31, 33, 46, 50)
(5, 9, 11, 18, 22, 24, 26, 28, 32, 39, 43, 49)
(3, 7, 13, 16, 22, 25, 28, 30, 34, 37, 42, 49)
(1, 6, 9, 15, 18, 24, 26, 32, 35, 43, 48, 49)
(2, 9, 10, 14, 19, 21, 27, 31, 36, 44, 45, 48)
(5, 9, 10, 13, 14, 22, 27, 31, 36, 44, 47, 48)
(4, 6, 7, 8, 23, 25, 33, 38, 39, 40, 41, 42)
(10, 13, 16, 19, 22, 25, 27, 28, 31, 34, 36, 45)
(3, 6, 12, 15, 20, 23, 29, 33, 37, 40, 42, 46)
(1, 10, 13, 18, 19, 22, 28, 34, 36, 37, 43, 45)
(2, 3, 12, 19, 20, 23, 29, 33, 37, 40, 42, 46)
(5, 6, 17, 20, 23, 24, 26, 30, 32, 35, 41, 47)
(2, 4, 7, 19, 23, 24, 33, 36, 38, 39, 40, 41)
(3, 5, 10, 13, 16, 22, 27, 33, 36, 44, 47, 50)
(3, 4, 11, 15, 16, 21, 28, 29, 38, 45, 46, 50)
(5, 6, 9, 13, 14, 22, 30, 31, 32, 47, 48, 49)
(1, 6, 10, 20, 21, 23, 26, 35, 37, 40, 43, 44)
(4, 7, 16, 19, 22, 25, 28, 31, 34, 36, 39, 45)
(1, 5, 18, 20, 22, 24, 26, 35, 36, 37, 39, 43)
(3, 8, 12, 13, 16, 25, 27, 30, 33, 42, 47, 50)
(4, 7, 9, 16, 22, 24, 28, 31, 34, 39, 43, 49)
(5, 11, 17, 18, 20, 24, 26, 30, 32, 35, 41, 47)
(6, 8, 15, 17, 20, 23, 29, 32, 35, 38, 41, 42)
(1, 9, 12, 15, 18, 24, 26, 29, 35, 43, 46, 48)
(3, 5, 11, 17, 20, 24, 26, 32, 38, 39, 41, 50)
(5, 6, 8, 13, 22, 25, 27, 30, 32, 42, 47, 49)
(3, 4, 8, 16, 21, 25, 27, 33, 38, 39, 42, 50)
(2, 8, 12, 17, 20, 23, 27, 29, 35, 42, 44, 47)
(3, 5, 6, 20, 22, 24, 26, 32, 37, 39, 43, 49)
(6, 9, 10, 13, 16, 22, 31, 33, 34, 40, 43, 49)
(7, 9, 11, 14, 16, 24, 28, 30, 31, 41, 45, 50)
(1, 4, 6, 15, 18, 21, 32, 35, 38, 39, 48, 49)
(3, 4, 10, 16, 19, 21, 33, 34, 37, 40, 43, 46)
(1, 10, 12, 15, 18, 21, 27, 29, 35, 44, 46, 48)
(5, 8, 11, 14, 17, 18, 27, 32, 35, 44, 47, 48)
(1, 4, 6, 10, 21, 22, 34, 37, 39, 40, 43, 49)
(2, 5, 17, 20, 23, 24, 26, 30, 35, 36, 41, 47)
(8, 11, 14, 15, 17, 18, 29, 32, 35, 38, 41, 48)
(3, 11, 12, 13, 15, 16, 28, 30, 32, 47, 49, 50)
(3, 4, 7, 15, 20, 24, 29, 37, 38, 41, 42, 46)
(5, 6, 7, 22, 23, 24, 30, 33, 36, 39, 40, 41)
(10, 11, 12, 15, 18, 21, 27, 28, 29, 44, 45, 46)
(4, 10, 16, 21, 22, 25, 27, 28, 31, 34, 39, 49)
(7, 13, 16, 19, 22, 25, 28, 30, 31, 34, 36, 45)
(2, 5, 8, 11, 14, 17, 30, 36, 41, 45, 47, 50)
(2, 9, 10, 12, 19, 21, 26, 29, 43, 44, 45, 46)
(3, 11, 12, 13, 18, 20, 28, 30, 37, 42, 45, 47)
(6, 7, 8, 14, 15, 25, 30, 31, 32, 41, 48, 49)
(6, 9, 12, 14, 15, 23, 29, 31, 33, 40, 46, 48)
(3, 5, 11, 18, 20, 22, 28, 32, 37, 39, 42, 49)
(3, 6, 10, 15, 20, 21, 26, 32, 37, 43, 44, 49)
(9, 11, 12, 14, 15, 17, 26, 29, 32, 44, 47, 50)
(5, 9, 10, 14, 21, 22, 27, 31, 36, 39, 44, 48)
(6, 8, 12, 13, 23, 25, 27, 30, 33, 40, 42, 47)
(2, 5, 8, 11, 14, 17, 36, 38, 39, 41, 45, 50)
(1, 2, 10, 19, 21, 23, 27, 35, 36, 40, 44, 48)
(1, 2, 12, 13, 19, 23, 30, 35, 36, 40, 47, 48)
(3, 10, 11, 15, 16, 21, 27, 28, 32, 44, 49, 50)
(4, 6, 7, 16, 22, 25, 31, 33, 34, 39, 40, 49)
(2, 3, 8, 16, 19, 25, 27, 33, 36, 42, 45, 50)
(5, 8, 11, 14, 17, 18, 32, 35, 38, 39, 41, 48)
(2, 9, 12, 19, 23, 24, 26, 29, 33, 40, 43, 46)
(5, 6, 8, 14, 17, 23, 32, 35, 38, 39, 41, 48)
(3, 4, 6, 15, 16, 21, 32, 33, 38, 39, 49, 50)
(1, 4, 6, 20, 21, 23, 35, 37, 38, 39, 40, 42)
(8, 11, 12, 15, 18, 25, 27, 28, 29, 42, 45, 46)
(2, 8, 14, 16, 19, 25, 27, 31, 33, 36, 45, 50)
(9, 10, 11, 14, 18, 21, 27, 28, 31, 44, 45, 48)
(2, 9, 14, 17, 21, 23, 26, 29, 35, 38, 44, 48)
(2, 9, 12, 14, 16, 19, 29, 31, 33, 45, 46, 50)
(1, 6, 10, 13, 22, 25, 27, 34, 37, 40, 42, 49)
(2, 3, 11, 12, 17, 20, 26, 29, 44, 45, 47, 50)
(5, 6, 9, 14, 22, 23, 31, 33, 36, 39, 40, 48)
(2, 5, 8, 17, 20, 23, 27, 35, 36, 42, 44, 47)
(1, 12, 13, 18, 20, 24, 26, 30, 35, 37, 43, 47)
(2, 3, 11, 17, 20, 24, 26, 29, 38, 41, 45, 50)
(3, 4, 11, 18, 20, 21, 28, 37, 38, 39, 42, 45)
(1, 6, 9, 10, 13, 22, 31, 34, 40, 43, 48, 49)
(5, 9, 11, 14, 16, 22, 28, 31, 32, 39, 49, 50)
(5, 6, 8, 17, 20, 23, 32, 35, 38, 39, 41, 42)
(6, 9, 12, 13, 14, 23, 30, 31, 33, 40, 47, 48)
(3, 6, 10, 20, 21, 23, 26, 33, 37, 40, 43, 44)
(2, 8, 11, 14, 17, 18, 29, 35, 38, 41, 45, 48)
(5, 7, 9, 14, 22, 24, 30, 31, 36, 39, 41, 48)
(5, 8, 11, 14, 17, 18, 30, 32, 35, 41, 47, 48)
(4, 7, 8, 14, 16, 25, 31, 33, 38, 39, 41, 50)
(5, 7, 11, 18, 22, 24, 28, 30, 32, 39, 41, 49)
(1, 2, 10, 18, 19, 21, 27, 35, 36, 44, 45, 48)
(1, 10, 13, 18, 22, 25, 27, 28, 31, 34, 48, 49)
(2, 5, 8, 14, 17, 23, 27, 33, 36, 44, 47, 50)
(5, 8, 11, 17, 18, 20, 27, 32, 35, 42, 44, 47)
(5, 6, 10, 13, 22, 23, 27, 33, 36, 40, 44, 47)
(1, 7, 12, 15, 18, 24, 29, 30, 35, 41, 46, 48)
(1, 5, 7, 18, 22, 24, 30, 35, 36, 39, 41, 48)
(2, 3, 17, 20, 23, 24, 26, 29, 33, 38, 41, 50)
(3, 5, 10, 13, 20, 22, 27, 36, 37, 42, 44, 47)
(2, 5, 8, 14, 17, 23, 33, 36, 38, 39, 41, 50)
(8, 11, 14, 15, 17, 21, 27, 29, 32, 38, 44, 50)
(3, 5, 10, 13, 20, 22, 26, 36, 37, 43, 44, 47)
(6, 8, 14, 15, 17, 23, 29, 32, 33, 38, 41, 50)
(3, 7, 8, 11, 16, 25, 28, 30, 41, 42, 45, 50)
(1, 9, 10, 13, 18, 22, 28, 31, 34, 43, 48, 49)
(2, 3, 5, 11, 17, 20, 26, 36, 44, 45, 47, 50)
(7, 8, 11, 15, 18, 25, 28, 30, 32, 41, 42, 49)
(1, 10, 13, 18, 22, 25, 27, 28, 34, 37, 42, 49)
(3, 9, 12, 15, 16, 24, 26, 29, 33, 43, 46, 50)
(2, 3, 7, 16, 19, 24, 30, 33, 36, 41, 45, 50)
(6, 9, 10, 14, 15, 21, 27, 31, 32, 44, 48, 49)
(6, 10, 13, 16, 22, 25, 27, 31, 33, 34, 40, 49)
(5, 10, 11, 18, 21, 22, 27, 28, 36, 39, 44, 45)
(1, 4, 7, 19, 22, 25, 34, 36, 37, 39, 40, 42)
(2, 8, 12, 13, 19, 25, 27, 30, 36, 42, 45, 47)
(3, 6, 7, 15, 20, 24, 30, 32, 37, 41, 42, 49)
(6, 7, 12, 15, 23, 24, 29, 30, 33, 40, 41, 46)
(5, 6, 9, 13, 22, 24, 26, 30, 32, 43, 47, 49)
(3, 5, 11, 18, 20, 22, 28, 36, 37, 39, 42, 45)
(3, 6, 12, 13, 15, 20, 30, 32, 37, 42, 47, 49)
(5, 8, 14, 16, 22, 25, 27, 31, 33, 36, 39, 50)
(1, 2, 4, 19, 21, 23, 35, 36, 38, 39, 40, 48)
(2, 9, 12, 14, 19, 23, 29, 31, 33, 40, 46, 48)
(10, 12, 13, 16, 19, 25, 27, 28, 31, 34, 45, 46)
(1, 5, 6, 13, 18, 22, 30, 32, 35, 47, 48, 49)
(4, 6, 9, 14, 15, 21, 31, 32, 38, 39, 48, 49)
(5, 6, 9, 14, 17, 23, 26, 32, 35, 44, 47, 48)
(3, 4, 7, 16, 19, 25, 28, 34, 37, 42, 45, 46)
(2, 3, 12, 19, 20, 24, 26, 29, 37, 43, 45, 46)
(3, 6, 12, 13, 15, 16, 30, 32, 33, 47, 49, 50)
(2, 9, 11, 12, 14, 17, 26, 29, 44, 45, 47, 50)
(5, 6, 8, 17, 20, 23, 27, 32, 35, 42, 44, 47)
(1, 6, 12, 13, 15, 18, 30, 32, 35, 47, 48, 49)
(3, 4, 10, 16, 21, 22, 28, 34, 37, 39, 43, 49)
(4, 9, 10, 16, 19, 21, 31, 33, 34, 40, 43, 46)
(5, 6, 9, 14, 17, 23, 26, 32, 33, 44, 47, 50)
(2, 8, 12, 17, 20, 23, 29, 30, 35, 41, 42, 47)
(4, 9, 11, 18, 21, 24, 26, 28, 38, 39, 43, 45)
(5, 11, 17, 18, 20, 21, 26, 32, 35, 38, 39, 44)
(7, 11, 12, 15, 18, 24, 28, 29, 30, 41, 45, 46)
(1, 10, 12, 13, 19, 25, 27, 34, 37, 40, 42, 46)
(1, 4, 7, 19, 22, 24, 34, 36, 37, 39, 40, 43)
(2, 8, 11, 12, 14, 17, 27, 29, 44, 45, 47, 50)
(6, 10, 12, 15, 21, 23, 27, 29, 33, 40, 44, 46)
(1, 7, 12, 13, 19, 25, 30, 31, 34, 40, 46, 48)
(1, 4, 7, 18, 19, 24, 28, 34, 37, 43, 45, 46)
(5, 9, 11, 18, 22, 24, 26, 28, 36, 39, 43, 45)
(4, 7, 9, 14, 16, 24, 31, 33, 38, 39, 41, 50)
(4, 7, 9, 16, 19, 24, 31, 33, 34, 40, 43, 46)
(1, 7, 12, 13, 19, 25, 30, 34, 37, 40, 42, 46)
(5, 11, 17, 18, 20, 24, 26, 32, 35, 38, 39, 41)
(2, 7, 8, 12, 19, 25, 29, 30, 41, 42, 45, 46)
(1, 4, 7, 18, 19, 25, 28, 34, 37, 42, 45, 46)
(1, 4, 10, 19, 21, 25, 27, 31, 34, 40, 46, 48)
(4, 7, 16, 19, 22, 25, 31, 33, 34, 36, 39, 40)
(3, 10, 13, 16, 19, 22, 28, 34, 36, 37, 43, 45)
(3, 7, 13, 16, 22, 24, 28, 30, 34, 37, 43, 49)
(2, 4, 7, 8, 19, 25, 36, 38, 39, 41, 42, 45)
(3, 8, 12, 15, 16, 25, 27, 29, 33, 42, 46, 50)
(5, 6, 17, 20, 23, 24, 26, 32, 35, 38, 39, 41)
(1, 6, 10, 15, 18, 21, 27, 32, 35, 44, 48, 49)
(7, 9, 12, 14, 15, 24, 29, 30, 31, 41, 46, 48)
(3, 10, 12, 13, 15, 16, 28, 34, 37, 43, 46, 49)
(1, 2, 12, 13, 18, 19, 30, 35, 36, 45, 47, 48)
(4, 6, 7, 15, 16, 25, 31, 33, 34, 40, 46, 49)
(4, 6, 9, 15, 21, 24, 26, 32, 38, 39, 43, 49)
(3, 6, 9, 15, 16, 24, 26, 32, 33, 43, 49, 50)
(1, 9, 10, 13, 19, 22, 31, 34, 36, 40, 43, 48)
(9, 11, 12, 13, 14, 16, 28, 30, 31, 45, 47, 50)
(6, 9, 12, 13, 15, 24, 26, 30, 32, 43, 47, 49)
(6, 9, 12, 13, 23, 24, 26, 30, 33, 40, 43, 47)
(6, 7, 8, 14, 23, 25, 30, 31, 33, 40, 41, 48)
(8, 11, 15, 17, 18, 20, 29, 32, 35, 38, 41, 42)
(9, 11, 14, 15, 17, 24, 26, 29, 32, 38, 41, 50)
(3, 10, 11, 18, 20, 21, 26, 28, 37, 43, 44, 45)
(1, 9, 10, 12, 13, 19, 31, 34, 40, 43, 46, 48)
(1, 6, 12, 15, 20, 23, 29, 35, 37, 40, 42, 46)
(4, 6, 8, 21, 23, 25, 27, 33, 38, 39, 40, 42)
(2, 4, 9, 19, 21, 24, 26, 29, 38, 43, 45, 46)
(4, 9, 14, 15, 16, 21, 29, 31, 33, 38, 46, 50)
(5, 9, 11, 14, 18, 22, 28, 31, 36, 39, 45, 48)
(1, 6, 10, 12, 13, 15, 34, 37, 40, 43, 46, 49)
(2, 12, 17, 20, 23, 24, 26, 29, 30, 35, 41, 47)
(10, 11, 12, 13, 15, 18, 27, 28, 32, 44, 47, 49)
(1, 4, 10, 18, 19, 21, 28, 34, 37, 43, 45, 46)
(5, 8, 11, 14, 17, 21, 27, 32, 38, 39, 44, 50)
(2, 9, 11, 14, 17, 21, 26, 29, 38, 44, 45, 50)
(1, 9, 10, 12, 13, 18, 26, 35, 43, 44, 47, 48)
(1, 6, 10, 20, 21, 23, 27, 35, 37, 40, 42, 44)
(7, 12, 13, 16, 19, 25, 28, 30, 31, 34, 45, 46)
(2, 9, 12, 13, 19, 24, 26, 30, 36, 43, 45, 47)
(2, 5, 8, 14, 17, 23, 30, 33, 36, 41, 47, 50)
(3, 6, 7, 20, 23, 24, 30, 33, 37, 40, 41, 42)
(3, 9, 10, 11, 16, 21, 26, 28, 43, 44, 45, 50)
(11, 12, 15, 17, 18, 20, 26, 29, 32, 35, 44, 47)
(3, 5, 8, 11, 17, 20, 30, 32, 41, 42, 47, 50)
(11, 15, 17, 18, 20, 24, 26, 29, 32, 35, 38, 41)
(1, 4, 7, 15, 18, 25, 28, 31, 34, 46, 48, 49)
(3, 4, 7, 15, 16, 24, 28, 34, 37, 43, 46, 49)
(8, 11, 12, 14, 15, 17, 27, 29, 32, 44, 47, 50)
(6, 8, 12, 15, 23, 25, 27, 29, 33, 40, 42, 46)
(1, 4, 15, 18, 20, 21, 29, 35, 37, 38, 42, 46)
(7, 12, 13, 15, 16, 25, 28, 30, 31, 34, 46, 49)
(1, 2, 4, 18, 19, 21, 29, 35, 38, 45, 46, 48)
(6, 9, 10, 14, 21, 23, 27, 31, 33, 40, 44, 48)
(3, 4, 11, 15, 16, 21, 28, 32, 38, 39, 49, 50)
(2, 3, 4, 16, 19, 21, 29, 33, 38, 45, 46, 50)
(1, 4, 7, 19, 22, 25, 31, 34, 36, 39, 40, 48)
(4, 6, 7, 15, 23, 24, 29, 33, 38, 40, 41, 46)
(4, 10, 16, 19, 21, 25, 27, 31, 33, 34, 40, 46)
(2, 4, 7, 19, 23, 24, 29, 33, 38, 40, 41, 46)
(1, 12, 15, 18, 20, 24, 26, 29, 35, 37, 43, 46)
(5, 7, 8, 14, 22, 25, 30, 31, 36, 39, 41, 48)
(5, 10, 11, 13, 18, 22, 27, 28, 36, 44, 45, 47)
(1, 6, 10, 13, 22, 25, 27, 31, 34, 40, 48, 49)
(5, 6, 10, 21, 22, 23, 27, 33, 36, 39, 40, 44)
(2, 4, 7, 8, 19, 25, 29, 38, 41, 42, 45, 46)
(1, 6, 7, 15, 18, 24, 30, 32, 35, 41, 48, 49)
(1, 2, 8, 18, 19, 25, 27, 35, 36, 42, 45, 48)
(6, 7, 9, 14, 15, 24, 30, 31, 32, 41, 48, 49)
(2, 4, 9, 19, 21, 24, 26, 36, 38, 39, 43, 45)
(1, 7, 13, 19, 22, 25, 30, 31, 34, 36, 40, 48)
(8, 11, 14, 15, 16, 25, 27, 28, 31, 32, 49, 50)
(1, 6, 9, 10, 21, 23, 26, 35, 40, 43, 44, 48)
(1, 8, 12, 13, 18, 25, 27, 30, 35, 42, 47, 48)
(6, 9, 10, 12, 13, 15, 26, 32, 43, 44, 47, 49)
(2, 11, 17, 18, 20, 24, 26, 29, 35, 38, 41, 45)
(3, 4, 7, 15, 16, 25, 28, 34, 37, 42, 46, 49)
(5, 6, 9, 10, 21, 22, 26, 32, 39, 43, 44, 49)
(10, 13, 16, 19, 22, 25, 27, 31, 33, 34, 36, 40)
(1, 10, 12, 13, 18, 19, 28, 34, 37, 43, 45, 46)
(1, 5, 6, 20, 22, 23, 35, 36, 37, 39, 40, 42)
(5, 10, 11, 18, 21, 22, 27, 28, 32, 39, 44, 49)
(2, 5, 8, 11, 14, 17, 27, 36, 44, 45, 47, 50)
(1, 2, 9, 19, 23, 24, 26, 35, 36, 40, 43, 48)
(5, 6, 8, 14, 17, 23, 32, 33, 38, 39, 41, 50)
(1, 5, 10, 18, 21, 22, 27, 35, 36, 39, 44, 48)
(5, 6, 8, 14, 17, 23, 27, 32, 33, 44, 47, 50)
(2, 8, 12, 14, 19, 25, 27, 29, 31, 45, 46, 48)
(3, 8, 11, 15, 17, 20, 29, 32, 38, 41, 42, 50)
(3, 11, 15, 17, 20, 24, 26, 29, 32, 38, 41, 50)
(6, 9, 12, 13, 14, 15, 30, 31, 32, 47, 48, 49)
(2, 5, 8, 14, 17, 23, 35, 36, 38, 39, 41, 48)
(3, 6, 10, 15, 16, 21, 27, 32, 33, 44, 49, 50)
(3, 5, 7, 20, 22, 24, 30, 36, 37, 39, 41, 42)
(3, 6, 10, 20, 21, 23, 27, 33, 37, 40, 42, 44)
(1, 4, 9, 18, 21, 24, 26, 35, 38, 39, 43, 48)
(2, 9, 10, 19, 21, 23, 26, 33, 36, 40, 43, 44)
(6, 8, 14, 15, 16, 25, 27, 31, 32, 33, 49, 50)
(2, 9, 10, 12, 13, 19, 26, 36, 43, 44, 45, 47)
(3, 7, 12, 15, 16, 24, 29, 30, 33, 41, 46, 50)
(4, 7, 11, 15, 18, 24, 28, 32, 38, 39, 41, 49)
(2, 4, 8, 19, 21, 25, 27, 36, 38, 39, 42, 45)
(10, 12, 13, 16, 19, 25, 27, 31, 33, 34, 40, 46)
(1, 8, 12, 15, 18, 25, 27, 29, 35, 42, 46, 48)
(3, 7, 11, 15, 16, 24, 28, 30, 32, 41, 49, 50)
(2, 3, 17, 20, 21, 23, 26, 29, 33, 38, 44, 50)
(2, 10, 12, 19, 21, 23, 27, 29, 33, 40, 44, 46)
(7, 8, 12, 14, 15, 25, 29, 30, 31, 41, 46, 48)
(9, 11, 14, 15, 17, 21, 26, 29, 32, 38, 44, 50)
(3, 10, 13, 16, 19, 22, 33, 34, 36, 37, 40, 43)
(1, 4, 7, 9, 19, 24, 31, 34, 40, 43, 46, 48)
(2, 8, 14, 17, 21, 23, 27, 29, 33, 38, 44, 50)
(3, 11, 12, 15, 18, 20, 28, 29, 37, 42, 45, 46)
(1, 4, 9, 10, 19, 21, 31, 34, 40, 43, 46, 48)
(3, 6, 8, 15, 16, 25, 27, 32, 33, 42, 49, 50)
(3, 4, 9, 16, 21, 24, 26, 33, 38, 39, 43, 50)
(1, 2, 12, 19, 20, 23, 29, 35, 37, 40, 42, 46)
(2, 5, 8, 14, 17, 23, 30, 35, 36, 41, 47, 48)
(5, 9, 11, 14, 17, 24, 26, 30, 32, 41, 47, 50)
(3, 9, 12, 13, 16, 24, 26, 30, 33, 43, 47, 50)
(3, 4, 10, 16, 19, 21, 28, 34, 37, 43, 45, 46)
(1, 10, 13, 19, 22, 25, 27, 34, 36, 37, 40, 42)
(2, 9, 11, 14, 17, 24, 26, 29, 38, 41, 45, 50)
(3, 4, 7, 16, 19, 25, 33, 34, 37, 40, 42, 46)
(2, 3, 19, 20, 23, 24, 26, 33, 36, 37, 40, 43)
(1, 6, 8, 15, 18, 25, 27, 32, 35, 42, 48, 49)
(1, 4, 18, 20, 21, 24, 26, 35, 37, 38, 39, 43)
(1, 4, 7, 18, 22, 25, 28, 34, 37, 39, 42, 49)
(2, 3, 5, 17, 20, 23, 26, 33, 36, 44, 47, 50)
(6, 7, 9, 14, 23, 24, 30, 31, 33, 40, 41, 48)
(7, 8, 11, 14, 18, 25, 28, 30, 31, 41, 45, 48)
(5, 6, 9, 14, 16, 22, 31, 32, 33, 39, 49, 50)
(6, 9, 10, 12, 13, 23, 26, 33, 40, 43, 44, 47)
(3, 4, 10, 15, 16, 21, 28, 34, 37, 43, 46, 49)
(1, 4, 8, 18, 21, 25, 27, 35, 38, 39, 42, 48)
(9, 10, 12, 13, 14, 16, 27, 31, 33, 44, 47, 50)
(3, 4, 7, 11, 16, 24, 28, 38, 39, 41, 45, 50)
(1, 5, 6, 18, 20, 22, 32, 35, 37, 39, 42, 49)
(2, 5, 11, 17, 18, 20, 26, 35, 36, 44, 45, 47)
(1, 2, 19, 20, 23, 24, 26, 35, 36, 37, 40, 43)
(1, 10, 12, 13, 18, 20, 26, 35, 37, 43, 44, 47)
(9, 10, 11, 12, 13, 18, 26, 28, 43, 44, 45, 47)
(3, 5, 11, 17, 20, 21, 26, 32, 38, 39, 44, 50)
(1, 2, 4, 19, 21, 23, 29, 35, 38, 40, 46, 48)
(2, 9, 12, 14, 17, 23, 26, 29, 33, 44, 47, 50)
(2, 5, 9, 14, 17, 23, 26, 33, 36, 44, 47, 50)
(2, 5, 8, 17, 20, 23, 35, 36, 38, 39, 41, 42)
(1, 7, 12, 13, 19, 24, 30, 34, 37, 40, 43, 46)
(5, 6, 9, 22, 23, 24, 26, 33, 36, 39, 40, 43)
(2, 4, 8, 19, 21, 25, 27, 29, 38, 42, 45, 46)
(3, 5, 6, 13, 16, 22, 30, 32, 33, 47, 49, 50)
(4, 9, 10, 16, 21, 22, 28, 31, 34, 39, 43, 49)
(3, 5, 10, 20, 21, 22, 27, 36, 37, 39, 42, 44)
(2, 10, 12, 13, 19, 23, 27, 33, 36, 40, 44, 47)
(2, 8, 12, 14, 17, 23, 27, 29, 35, 44, 47, 48)
(3, 5, 9, 16, 22, 24, 26, 33, 36, 39, 43, 50)
(1, 4, 6, 10, 15, 21, 34, 37, 40, 43, 46, 49)
(2, 3, 10, 19, 20, 21, 27, 36, 37, 42, 44, 45)
(5, 8, 11, 17, 18, 20, 32, 35, 38, 39, 41, 42)
(4, 6, 9, 14, 21, 23, 31, 33, 38, 39, 40, 48)
(5, 6, 8, 14, 17, 23, 30, 32, 33, 41, 47, 50)
(1, 6, 7, 8, 23, 25, 30, 35, 40, 41, 42, 48)
}

method validate_set_V(51, 6) ran to completion.
