Running method validate_set_V(m = 51, d = 2) and generating using halves:

Summary:
given m = 51, d = 2
Calculations took 0 days, 0 hours, 0 minutes, 0 seconds, 2 miliseconds, 334 microseconds, 400 nanoseconds.
Z/mZ:  [0, 1, 2, 3, 4, 5, 6, 7, 8, 9, 10, 11, 12, 13, 14, 15, 16, 17, 18, 19, 20, 21, 22, 23, 24, 25, 26, 27, 28, 29, 30, 31, 32, 33, 34, 35, 36, 37, 38, 39, 40, 41, 42, 43, 44, 45, 46, 47, 48, 49, 50]
Z/mZ*: [1, 2, 4, 5, 7, 8, 10, 11, 13, 14, 16, 19, 20, 22, 23, 25, 26, 28, 29, 31, 32, 35, 37, 38, 40, 41, 43, 44, 46, 47, 49, 50]
All ascending & non-repeating tuple (size 4) combinations possible for the U set: 230300
                      V set: contains 316 tuples
          all_are_pairs set: contains 300 tuples
         some_are_pairs set: contains 0 tuples
         none_are_pairs set: contains 16 tuples
         indecomposable set: contains 16 tuples
decomposable & no pairs set: contains 0 tuples
     exceptional_cycles set: contains 16 tuples

Print V set (contains 316 tuples): {
(1, 2, 49, 50)
(1, 3, 48, 50)
(1, 4, 47, 50)
(1, 5, 46, 50)
(1, 6, 45, 50)
(1, 7, 44, 50)
(1, 8, 43, 50)
(1, 9, 42, 50)
(1, 10, 41, 50)
(1, 11, 40, 50)
(1, 12, 39, 50)
(1, 13, 38, 50)
(1, 14, 37, 50)
(1, 15, 36, 50)
(1, 16, 35, 50)
(1, 17, 34, 50)
(1, 18, 33, 50)
(1, 18, 35, 48)
(1, 19, 32, 50)
(1, 20, 31, 50)
(1, 21, 30, 50)
(1, 22, 29, 50)
(1, 23, 28, 50)
(1, 24, 27, 50)
(1, 25, 26, 50)
(2, 3, 48, 49)
(2, 4, 47, 49)
(2, 5, 46, 49)
(2, 6, 45, 49)
(2, 7, 44, 49)
(2, 8, 43, 49)
(2, 9, 42, 49)
(2, 10, 41, 49)
(2, 11, 40, 49)
(2, 12, 39, 49)
(2, 13, 38, 49)
(2, 14, 37, 49)
(2, 15, 36, 49)
(2, 16, 35, 49)
(2, 17, 34, 49)
(2, 18, 33, 49)
(2, 19, 32, 49)
(2, 19, 36, 45)
(2, 20, 31, 49)
(2, 21, 30, 49)
(2, 22, 29, 49)
(2, 23, 28, 49)
(2, 24, 27, 49)
(2, 25, 26, 49)
(3, 4, 47, 48)
(3, 5, 46, 48)
(3, 6, 45, 48)
(3, 7, 44, 48)
(3, 8, 43, 48)
(3, 9, 42, 48)
(3, 10, 41, 48)
(3, 11, 40, 48)
(3, 12, 39, 48)
(3, 13, 38, 48)
(3, 14, 37, 48)
(3, 15, 36, 48)
(3, 16, 33, 50)
(3, 16, 35, 48)
(3, 17, 34, 48)
(3, 18, 33, 48)
(3, 19, 32, 48)
(3, 20, 31, 48)
(3, 20, 37, 42)
(3, 21, 30, 48)
(3, 22, 29, 48)
(3, 23, 28, 48)
(3, 24, 27, 48)
(3, 25, 26, 48)
(4, 5, 46, 47)
(4, 6, 45, 47)
(4, 7, 44, 47)
(4, 8, 43, 47)
(4, 9, 42, 47)
(4, 10, 41, 47)
(4, 11, 40, 47)
(4, 12, 39, 47)
(4, 13, 38, 47)
(4, 14, 37, 47)
(4, 15, 36, 47)
(4, 16, 35, 47)
(4, 17, 34, 47)
(4, 18, 33, 47)
(4, 19, 32, 47)
(4, 20, 31, 47)
(4, 21, 30, 47)
(4, 21, 38, 39)
(4, 22, 29, 47)
(4, 23, 28, 47)
(4, 24, 27, 47)
(4, 25, 26, 47)
(5, 6, 45, 46)
(5, 7, 44, 46)
(5, 8, 43, 46)
(5, 9, 42, 46)
(5, 10, 41, 46)
(5, 11, 40, 46)
(5, 12, 39, 46)
(5, 13, 38, 46)
(5, 14, 37, 46)
(5, 15, 36, 46)
(5, 16, 35, 46)
(5, 17, 34, 46)
(5, 18, 33, 46)
(5, 19, 32, 46)
(5, 20, 31, 46)
(5, 21, 30, 46)
(5, 22, 29, 46)
(5, 22, 36, 39)
(5, 23, 28, 46)
(5, 24, 27, 46)
(5, 25, 26, 46)
(6, 7, 44, 45)
(6, 8, 43, 45)
(6, 9, 42, 45)
(6, 10, 41, 45)
(6, 11, 40, 45)
(6, 12, 39, 45)
(6, 13, 38, 45)
(6, 14, 37, 45)
(6, 15, 32, 49)
(6, 15, 36, 45)
(6, 16, 35, 45)
(6, 17, 34, 45)
(6, 18, 33, 45)
(6, 19, 32, 45)
(6, 20, 31, 45)
(6, 21, 30, 45)
(6, 22, 29, 45)
(6, 23, 28, 45)
(6, 23, 33, 40)
(6, 24, 27, 45)
(6, 25, 26, 45)
(7, 8, 43, 44)
(7, 9, 42, 44)
(7, 10, 41, 44)
(7, 11, 40, 44)
(7, 12, 39, 44)
(7, 13, 38, 44)
(7, 14, 37, 44)
(7, 15, 36, 44)
(7, 16, 35, 44)
(7, 17, 34, 44)
(7, 18, 33, 44)
(7, 19, 32, 44)
(7, 20, 31, 44)
(7, 21, 30, 44)
(7, 22, 29, 44)
(7, 23, 28, 44)
(7, 24, 27, 44)
(7, 24, 30, 41)
(7, 25, 26, 44)
(8, 9, 42, 43)
(8, 10, 41, 43)
(8, 11, 40, 43)
(8, 12, 39, 43)
(8, 13, 38, 43)
(8, 14, 37, 43)
(8, 15, 36, 43)
(8, 16, 35, 43)
(8, 17, 34, 43)
(8, 18, 33, 43)
(8, 19, 32, 43)
(8, 20, 31, 43)
(8, 21, 30, 43)
(8, 22, 29, 43)
(8, 23, 28, 43)
(8, 24, 27, 43)
(8, 25, 26, 43)
(8, 25, 27, 42)
(9, 10, 41, 42)
(9, 11, 40, 42)
(9, 12, 39, 42)
(9, 13, 38, 42)
(9, 14, 31, 48)
(9, 14, 37, 42)
(9, 15, 36, 42)
(9, 16, 35, 42)
(9, 17, 34, 42)
(9, 18, 33, 42)
(9, 19, 32, 42)
(9, 20, 31, 42)
(9, 21, 30, 42)
(9, 22, 29, 42)
(9, 23, 28, 42)
(9, 24, 26, 43)
(9, 24, 27, 42)
(9, 25, 26, 42)
(10, 11, 40, 41)
(10, 12, 39, 41)
(10, 13, 38, 41)
(10, 14, 37, 41)
(10, 15, 36, 41)
(10, 16, 35, 41)
(10, 17, 34, 41)
(10, 18, 33, 41)
(10, 19, 32, 41)
(10, 20, 31, 41)
(10, 21, 27, 44)
(10, 21, 30, 41)
(10, 22, 29, 41)
(10, 23, 28, 41)
(10, 24, 27, 41)
(10, 25, 26, 41)
(11, 12, 39, 40)
(11, 13, 38, 40)
(11, 14, 37, 40)
(11, 15, 36, 40)
(11, 16, 35, 40)
(11, 17, 34, 40)
(11, 18, 28, 45)
(11, 18, 33, 40)
(11, 19, 32, 40)
(11, 20, 31, 40)
(11, 21, 30, 40)
(11, 22, 29, 40)
(11, 23, 28, 40)
(11, 24, 27, 40)
(11, 25, 26, 40)
(12, 13, 30, 47)
(12, 13, 38, 39)
(12, 14, 37, 39)
(12, 15, 29, 46)
(12, 15, 36, 39)
(12, 16, 35, 39)
(12, 17, 34, 39)
(12, 18, 33, 39)
(12, 19, 32, 39)
(12, 20, 31, 39)
(12, 21, 30, 39)
(12, 22, 29, 39)
(12, 23, 28, 39)
(12, 24, 27, 39)
(12, 25, 26, 39)
(13, 14, 37, 38)
(13, 15, 36, 38)
(13, 16, 35, 38)
(13, 17, 34, 38)
(13, 18, 33, 38)
(13, 19, 32, 38)
(13, 20, 31, 38)
(13, 21, 30, 38)
(13, 22, 29, 38)
(13, 23, 28, 38)
(13, 24, 27, 38)
(13, 25, 26, 38)
(14, 15, 36, 37)
(14, 16, 35, 37)
(14, 17, 34, 37)
(14, 18, 33, 37)
(14, 19, 32, 37)
(14, 20, 31, 37)
(14, 21, 30, 37)
(14, 22, 29, 37)
(14, 23, 28, 37)
(14, 24, 27, 37)
(14, 25, 26, 37)
(15, 16, 35, 36)
(15, 17, 34, 36)
(15, 18, 33, 36)
(15, 19, 32, 36)
(15, 20, 31, 36)
(15, 21, 30, 36)
(15, 22, 29, 36)
(15, 23, 28, 36)
(15, 24, 27, 36)
(15, 25, 26, 36)
(16, 17, 34, 35)
(16, 18, 33, 35)
(16, 19, 32, 35)
(16, 20, 31, 35)
(16, 21, 30, 35)
(16, 22, 29, 35)
(16, 23, 28, 35)
(16, 24, 27, 35)
(16, 25, 26, 35)
(17, 18, 33, 34)
(17, 19, 32, 34)
(17, 20, 31, 34)
(17, 21, 30, 34)
(17, 22, 29, 34)
(17, 23, 28, 34)
(17, 24, 27, 34)
(17, 25, 26, 34)
(18, 19, 32, 33)
(18, 20, 31, 33)
(18, 21, 30, 33)
(18, 22, 29, 33)
(18, 23, 28, 33)
(18, 24, 27, 33)
(18, 25, 26, 33)
(19, 20, 31, 32)
(19, 21, 30, 32)
(19, 22, 29, 32)
(19, 23, 28, 32)
(19, 24, 27, 32)
(19, 25, 26, 32)
(20, 21, 30, 31)
(20, 22, 29, 31)
(20, 23, 28, 31)
(20, 24, 27, 31)
(20, 25, 26, 31)
(21, 22, 29, 30)
(21, 23, 28, 30)
(21, 24, 27, 30)
(21, 25, 26, 30)
(22, 23, 28, 29)
(22, 24, 27, 29)
(22, 25, 26, 29)
(23, 24, 27, 28)
(23, 25, 26, 28)
(24, 25, 26, 27)
}

Print all_are_pairs (contains 300 tuples): {
(1, 24, 27, 50)
(10, 17, 34, 41)
(15, 20, 31, 36)
(4, 14, 37, 47)
(11, 20, 31, 40)
(15, 23, 28, 36)
(19, 24, 27, 32)
(5, 25, 26, 46)
(19, 23, 28, 32)
(9, 20, 31, 42)
(9, 12, 39, 42)
(6, 22, 29, 45)
(15, 25, 26, 36)
(19, 21, 30, 32)
(21, 24, 27, 30)
(13, 23, 28, 38)
(4, 6, 45, 47)
(10, 16, 35, 41)
(4, 15, 36, 47)
(3, 6, 45, 48)
(5, 13, 38, 46)
(18, 21, 30, 33)
(10, 21, 30, 41)
(2, 16, 35, 49)
(7, 10, 41, 44)
(4, 23, 28, 47)
(20, 24, 27, 31)
(2, 17, 34, 49)
(14, 16, 35, 37)
(1, 17, 34, 50)
(6, 14, 37, 45)
(5, 20, 31, 46)
(22, 24, 27, 29)
(20, 22, 29, 31)
(2, 12, 39, 49)
(5, 12, 39, 46)
(9, 19, 32, 42)
(18, 22, 29, 33)
(1, 16, 35, 50)
(11, 24, 27, 40)
(11, 23, 28, 40)
(10, 23, 28, 41)
(4, 25, 26, 47)
(10, 13, 38, 41)
(13, 25, 26, 38)
(18, 19, 32, 33)
(5, 17, 34, 46)
(9, 14, 37, 42)
(2, 22, 29, 49)
(14, 18, 33, 37)
(17, 24, 27, 34)
(13, 22, 29, 38)
(16, 25, 26, 35)
(15, 22, 29, 36)
(3, 10, 41, 48)
(19, 22, 29, 32)
(4, 22, 29, 47)
(24, 25, 26, 27)
(1, 3, 48, 50)
(5, 8, 43, 46)
(8, 12, 39, 43)
(13, 14, 37, 38)
(9, 23, 28, 42)
(6, 12, 39, 45)
(16, 23, 28, 35)
(2, 8, 43, 49)
(6, 11, 40, 45)
(4, 8, 43, 47)
(12, 15, 36, 39)
(3, 7, 44, 48)
(13, 20, 31, 38)
(10, 14, 37, 41)
(15, 16, 35, 36)
(21, 22, 29, 30)
(2, 5, 46, 49)
(8, 18, 33, 43)
(10, 24, 27, 41)
(1, 15, 36, 50)
(3, 13, 38, 48)
(23, 24, 27, 28)
(8, 22, 29, 43)
(6, 16, 35, 45)
(4, 5, 46, 47)
(13, 16, 35, 38)
(7, 25, 26, 44)
(21, 23, 28, 30)
(12, 22, 29, 39)
(1, 2, 49, 50)
(8, 19, 32, 43)
(4, 13, 38, 47)
(15, 24, 27, 36)
(7, 12, 39, 44)
(6, 17, 34, 45)
(10, 11, 40, 41)
(1, 23, 28, 50)
(2, 19, 32, 49)
(5, 11, 40, 46)
(3, 8, 43, 48)
(9, 11, 40, 42)
(14, 21, 30, 37)
(15, 17, 34, 36)
(11, 18, 33, 40)
(4, 7, 44, 47)
(7, 14, 37, 44)
(13, 18, 33, 38)
(8, 25, 26, 43)
(7, 8, 43, 44)
(9, 15, 36, 42)
(10, 15, 36, 41)
(1, 5, 46, 50)
(3, 5, 46, 48)
(3, 18, 33, 48)
(18, 20, 31, 33)
(11, 13, 38, 40)
(8, 23, 28, 43)
(10, 12, 39, 41)
(5, 9, 42, 46)
(13, 24, 27, 38)
(11, 22, 29, 40)
(8, 13, 38, 43)
(6, 10, 41, 45)
(6, 15, 36, 45)
(1, 10, 41, 50)
(18, 25, 26, 33)
(2, 13, 38, 49)
(16, 17, 34, 35)
(4, 9, 42, 47)
(1, 22, 29, 50)
(8, 20, 31, 43)
(7, 17, 34, 44)
(15, 18, 33, 36)
(1, 9, 42, 50)
(12, 24, 27, 39)
(14, 23, 28, 37)
(5, 7, 44, 46)
(8, 17, 34, 43)
(3, 11, 40, 48)
(8, 11, 40, 43)
(12, 16, 35, 39)
(17, 22, 29, 34)
(17, 23, 28, 34)
(1, 11, 40, 50)
(2, 4, 47, 49)
(14, 15, 36, 37)
(14, 25, 26, 37)
(3, 4, 47, 48)
(2, 11, 40, 49)
(8, 16, 35, 43)
(5, 18, 33, 46)
(11, 19, 32, 40)
(7, 13, 38, 44)
(13, 17, 34, 38)
(2, 3, 48, 49)
(21, 25, 26, 30)
(16, 18, 33, 35)
(4, 12, 39, 47)
(22, 23, 28, 29)
(22, 25, 26, 29)
(18, 24, 27, 33)
(17, 19, 32, 34)
(23, 25, 26, 28)
(7, 22, 29, 44)
(14, 19, 32, 37)
(1, 20, 31, 50)
(1, 18, 33, 50)
(2, 9, 42, 49)
(18, 23, 28, 33)
(6, 7, 44, 45)
(19, 20, 31, 32)
(5, 22, 29, 46)
(5, 16, 35, 46)
(7, 24, 27, 44)
(9, 21, 30, 42)
(2, 18, 33, 49)
(2, 21, 30, 49)
(12, 25, 26, 39)
(16, 19, 32, 35)
(9, 16, 35, 42)
(4, 21, 30, 47)
(9, 13, 38, 42)
(6, 18, 33, 45)
(12, 23, 28, 39)
(3, 23, 28, 48)
(9, 22, 29, 42)
(15, 19, 32, 36)
(1, 19, 32, 50)
(11, 16, 35, 40)
(7, 20, 31, 44)
(17, 20, 31, 34)
(1, 8, 43, 50)
(6, 24, 27, 45)
(3, 15, 36, 48)
(6, 20, 31, 45)
(8, 15, 36, 43)
(9, 25, 26, 42)
(13, 21, 30, 38)
(20, 21, 30, 31)
(2, 20, 31, 49)
(19, 25, 26, 32)
(11, 21, 30, 40)
(3, 9, 42, 48)
(3, 25, 26, 48)
(8, 24, 27, 43)
(14, 20, 31, 37)
(5, 10, 41, 46)
(12, 18, 33, 39)
(3, 21, 30, 48)
(6, 19, 32, 45)
(13, 15, 36, 38)
(14, 17, 34, 37)
(12, 20, 31, 39)
(5, 21, 30, 46)
(11, 14, 37, 40)
(2, 15, 36, 49)
(2, 25, 26, 49)
(7, 21, 30, 44)
(4, 24, 27, 47)
(16, 22, 29, 35)
(7, 15, 36, 44)
(10, 18, 33, 41)
(12, 17, 34, 39)
(4, 11, 40, 47)
(20, 23, 28, 31)
(12, 21, 30, 39)
(4, 10, 41, 47)
(2, 14, 37, 49)
(6, 21, 30, 45)
(1, 13, 38, 50)
(1, 14, 37, 50)
(4, 19, 32, 47)
(6, 25, 26, 45)
(6, 23, 28, 45)
(2, 6, 45, 49)
(3, 12, 39, 48)
(12, 13, 38, 39)
(3, 24, 27, 48)
(6, 13, 38, 45)
(17, 18, 33, 34)
(3, 22, 29, 48)
(7, 11, 40, 44)
(2, 23, 28, 49)
(10, 20, 31, 41)
(12, 19, 32, 39)
(11, 25, 26, 40)
(15, 21, 30, 36)
(1, 21, 30, 50)
(3, 19, 32, 48)
(7, 9, 42, 44)
(11, 12, 39, 40)
(6, 8, 43, 45)
(10, 19, 32, 41)
(1, 25, 26, 50)
(9, 17, 34, 42)
(2, 7, 44, 49)
(2, 10, 41, 49)
(14, 22, 29, 37)
(11, 15, 36, 40)
(4, 20, 31, 47)
(7, 18, 33, 44)
(3, 20, 31, 48)
(5, 23, 28, 46)
(16, 21, 30, 35)
(5, 24, 27, 46)
(1, 4, 47, 50)
(14, 24, 27, 37)
(3, 14, 37, 48)
(9, 10, 41, 42)
(17, 25, 26, 34)
(9, 18, 33, 42)
(10, 25, 26, 41)
(5, 14, 37, 46)
(13, 19, 32, 38)
(16, 24, 27, 35)
(6, 9, 42, 45)
(8, 21, 30, 43)
(17, 21, 30, 34)
(5, 6, 45, 46)
(12, 14, 37, 39)
(8, 9, 42, 43)
(1, 7, 44, 50)
(8, 10, 41, 43)
(9, 24, 27, 42)
(1, 12, 39, 50)
(3, 17, 34, 48)
(3, 16, 35, 48)
(5, 19, 32, 46)
(16, 20, 31, 35)
(7, 16, 35, 44)
(7, 19, 32, 44)
(10, 22, 29, 41)
(7, 23, 28, 44)
(4, 17, 34, 47)
(11, 17, 34, 40)
(8, 14, 37, 43)
(4, 16, 35, 47)
(1, 6, 45, 50)
(20, 25, 26, 31)
(2, 24, 27, 49)
(4, 18, 33, 47)
(5, 15, 36, 46)
}

Print some_are_pairs (contains 0 tuples): {
}

Print none_are_pairs (contains 16 tuples): {
(7, 24, 30, 41)
(1, 18, 35, 48)
(3, 20, 37, 42)
(3, 16, 33, 50)
(10, 21, 27, 44)
(11, 18, 28, 45)
(9, 14, 31, 48)
(5, 22, 36, 39)
(9, 24, 26, 43)
(6, 15, 32, 49)
(4, 21, 38, 39)
(2, 19, 36, 45)
(6, 23, 33, 40)
(12, 15, 29, 46)
(8, 25, 27, 42)
(12, 13, 30, 47)
}

Print indecomposable (contains 16 tuples): {
(7, 24, 30, 41)
(1, 18, 35, 48)
(3, 20, 37, 42)
(3, 16, 33, 50)
(10, 21, 27, 44)
(11, 18, 28, 45)
(9, 14, 31, 48)
(5, 22, 36, 39)
(9, 24, 26, 43)
(6, 15, 32, 49)
(4, 21, 38, 39)
(2, 19, 36, 45)
(6, 23, 33, 40)
(12, 15, 29, 46)
(8, 25, 27, 42)
(12, 13, 30, 47)
}

Print decomposable but no pairs (contains 0 tuples): {
}

Print exceptional cycles (contains 16 tuples): {
(7, 24, 30, 41)
(1, 18, 35, 48)
(3, 20, 37, 42)
(3, 16, 33, 50)
(10, 21, 27, 44)
(11, 18, 28, 45)
(9, 14, 31, 48)
(5, 22, 36, 39)
(9, 24, 26, 43)
(6, 15, 32, 49)
(4, 21, 38, 39)
(2, 19, 36, 45)
(6, 23, 33, 40)
(12, 15, 29, 46)
(8, 25, 27, 42)
(12, 13, 30, 47)
}

method validate_set_V(51, 2) ran to completion.
