Running method validate_set_V(m = 41, d = 3) and generating using halves:

Summary:
given m = 41, d = 3
Calculations took 0 days, 0 hours, 0 minutes, 0 seconds, 18 miliseconds, 819 microseconds, 700 nanoseconds.
Z/mZ:  [0, 1, 2, 3, 4, 5, 6, 7, 8, 9, 10, 11, 12, 13, 14, 15, 16, 17, 18, 19, 20, 21, 22, 23, 24, 25, 26, 27, 28, 29, 30, 31, 32, 33, 34, 35, 36, 37, 38, 39, 40]
Z/mZ*: [1, 2, 3, 4, 5, 6, 7, 8, 9, 10, 11, 12, 13, 14, 15, 16, 17, 18, 19, 20, 21, 22, 23, 24, 25, 26, 27, 28, 29, 30, 31, 32, 33, 34, 35, 36, 37, 38, 39, 40]
All ascending & non-repeating tuple (size 6) combinations possible for the U set: 3838380
                      V set: contains 1140 tuples
          all_are_pairs set: contains 1140 tuples
         some_are_pairs set: contains 0 tuples
         none_are_pairs set: contains 0 tuples
         indecomposable set: contains 0 tuples
decomposable & no pairs set: contains 0 tuples
     exceptional_cycles set: contains 0 tuples

Print V set (contains 1140 tuples): {
(1, 2, 3, 38, 39, 40)
(1, 2, 4, 37, 39, 40)
(1, 2, 5, 36, 39, 40)
(1, 2, 6, 35, 39, 40)
(1, 2, 7, 34, 39, 40)
(1, 2, 8, 33, 39, 40)
(1, 2, 9, 32, 39, 40)
(1, 2, 10, 31, 39, 40)
(1, 2, 11, 30, 39, 40)
(1, 2, 12, 29, 39, 40)
(1, 2, 13, 28, 39, 40)
(1, 2, 14, 27, 39, 40)
(1, 2, 15, 26, 39, 40)
(1, 2, 16, 25, 39, 40)
(1, 2, 17, 24, 39, 40)
(1, 2, 18, 23, 39, 40)
(1, 2, 19, 22, 39, 40)
(1, 2, 20, 21, 39, 40)
(1, 3, 4, 37, 38, 40)
(1, 3, 5, 36, 38, 40)
(1, 3, 6, 35, 38, 40)
(1, 3, 7, 34, 38, 40)
(1, 3, 8, 33, 38, 40)
(1, 3, 9, 32, 38, 40)
(1, 3, 10, 31, 38, 40)
(1, 3, 11, 30, 38, 40)
(1, 3, 12, 29, 38, 40)
(1, 3, 13, 28, 38, 40)
(1, 3, 14, 27, 38, 40)
(1, 3, 15, 26, 38, 40)
(1, 3, 16, 25, 38, 40)
(1, 3, 17, 24, 38, 40)
(1, 3, 18, 23, 38, 40)
(1, 3, 19, 22, 38, 40)
(1, 3, 20, 21, 38, 40)
(1, 4, 5, 36, 37, 40)
(1, 4, 6, 35, 37, 40)
(1, 4, 7, 34, 37, 40)
(1, 4, 8, 33, 37, 40)
(1, 4, 9, 32, 37, 40)
(1, 4, 10, 31, 37, 40)
(1, 4, 11, 30, 37, 40)
(1, 4, 12, 29, 37, 40)
(1, 4, 13, 28, 37, 40)
(1, 4, 14, 27, 37, 40)
(1, 4, 15, 26, 37, 40)
(1, 4, 16, 25, 37, 40)
(1, 4, 17, 24, 37, 40)
(1, 4, 18, 23, 37, 40)
(1, 4, 19, 22, 37, 40)
(1, 4, 20, 21, 37, 40)
(1, 5, 6, 35, 36, 40)
(1, 5, 7, 34, 36, 40)
(1, 5, 8, 33, 36, 40)
(1, 5, 9, 32, 36, 40)
(1, 5, 10, 31, 36, 40)
(1, 5, 11, 30, 36, 40)
(1, 5, 12, 29, 36, 40)
(1, 5, 13, 28, 36, 40)
(1, 5, 14, 27, 36, 40)
(1, 5, 15, 26, 36, 40)
(1, 5, 16, 25, 36, 40)
(1, 5, 17, 24, 36, 40)
(1, 5, 18, 23, 36, 40)
(1, 5, 19, 22, 36, 40)
(1, 5, 20, 21, 36, 40)
(1, 6, 7, 34, 35, 40)
(1, 6, 8, 33, 35, 40)
(1, 6, 9, 32, 35, 40)
(1, 6, 10, 31, 35, 40)
(1, 6, 11, 30, 35, 40)
(1, 6, 12, 29, 35, 40)
(1, 6, 13, 28, 35, 40)
(1, 6, 14, 27, 35, 40)
(1, 6, 15, 26, 35, 40)
(1, 6, 16, 25, 35, 40)
(1, 6, 17, 24, 35, 40)
(1, 6, 18, 23, 35, 40)
(1, 6, 19, 22, 35, 40)
(1, 6, 20, 21, 35, 40)
(1, 7, 8, 33, 34, 40)
(1, 7, 9, 32, 34, 40)
(1, 7, 10, 31, 34, 40)
(1, 7, 11, 30, 34, 40)
(1, 7, 12, 29, 34, 40)
(1, 7, 13, 28, 34, 40)
(1, 7, 14, 27, 34, 40)
(1, 7, 15, 26, 34, 40)
(1, 7, 16, 25, 34, 40)
(1, 7, 17, 24, 34, 40)
(1, 7, 18, 23, 34, 40)
(1, 7, 19, 22, 34, 40)
(1, 7, 20, 21, 34, 40)
(1, 8, 9, 32, 33, 40)
(1, 8, 10, 31, 33, 40)
(1, 8, 11, 30, 33, 40)
(1, 8, 12, 29, 33, 40)
(1, 8, 13, 28, 33, 40)
(1, 8, 14, 27, 33, 40)
(1, 8, 15, 26, 33, 40)
(1, 8, 16, 25, 33, 40)
(1, 8, 17, 24, 33, 40)
(1, 8, 18, 23, 33, 40)
(1, 8, 19, 22, 33, 40)
(1, 8, 20, 21, 33, 40)
(1, 9, 10, 31, 32, 40)
(1, 9, 11, 30, 32, 40)
(1, 9, 12, 29, 32, 40)
(1, 9, 13, 28, 32, 40)
(1, 9, 14, 27, 32, 40)
(1, 9, 15, 26, 32, 40)
(1, 9, 16, 25, 32, 40)
(1, 9, 17, 24, 32, 40)
(1, 9, 18, 23, 32, 40)
(1, 9, 19, 22, 32, 40)
(1, 9, 20, 21, 32, 40)
(1, 10, 11, 30, 31, 40)
(1, 10, 12, 29, 31, 40)
(1, 10, 13, 28, 31, 40)
(1, 10, 14, 27, 31, 40)
(1, 10, 15, 26, 31, 40)
(1, 10, 16, 25, 31, 40)
(1, 10, 17, 24, 31, 40)
(1, 10, 18, 23, 31, 40)
(1, 10, 19, 22, 31, 40)
(1, 10, 20, 21, 31, 40)
(1, 11, 12, 29, 30, 40)
(1, 11, 13, 28, 30, 40)
(1, 11, 14, 27, 30, 40)
(1, 11, 15, 26, 30, 40)
(1, 11, 16, 25, 30, 40)
(1, 11, 17, 24, 30, 40)
(1, 11, 18, 23, 30, 40)
(1, 11, 19, 22, 30, 40)
(1, 11, 20, 21, 30, 40)
(1, 12, 13, 28, 29, 40)
(1, 12, 14, 27, 29, 40)
(1, 12, 15, 26, 29, 40)
(1, 12, 16, 25, 29, 40)
(1, 12, 17, 24, 29, 40)
(1, 12, 18, 23, 29, 40)
(1, 12, 19, 22, 29, 40)
(1, 12, 20, 21, 29, 40)
(1, 13, 14, 27, 28, 40)
(1, 13, 15, 26, 28, 40)
(1, 13, 16, 25, 28, 40)
(1, 13, 17, 24, 28, 40)
(1, 13, 18, 23, 28, 40)
(1, 13, 19, 22, 28, 40)
(1, 13, 20, 21, 28, 40)
(1, 14, 15, 26, 27, 40)
(1, 14, 16, 25, 27, 40)
(1, 14, 17, 24, 27, 40)
(1, 14, 18, 23, 27, 40)
(1, 14, 19, 22, 27, 40)
(1, 14, 20, 21, 27, 40)
(1, 15, 16, 25, 26, 40)
(1, 15, 17, 24, 26, 40)
(1, 15, 18, 23, 26, 40)
(1, 15, 19, 22, 26, 40)
(1, 15, 20, 21, 26, 40)
(1, 16, 17, 24, 25, 40)
(1, 16, 18, 23, 25, 40)
(1, 16, 19, 22, 25, 40)
(1, 16, 20, 21, 25, 40)
(1, 17, 18, 23, 24, 40)
(1, 17, 19, 22, 24, 40)
(1, 17, 20, 21, 24, 40)
(1, 18, 19, 22, 23, 40)
(1, 18, 20, 21, 23, 40)
(1, 19, 20, 21, 22, 40)
(2, 3, 4, 37, 38, 39)
(2, 3, 5, 36, 38, 39)
(2, 3, 6, 35, 38, 39)
(2, 3, 7, 34, 38, 39)
(2, 3, 8, 33, 38, 39)
(2, 3, 9, 32, 38, 39)
(2, 3, 10, 31, 38, 39)
(2, 3, 11, 30, 38, 39)
(2, 3, 12, 29, 38, 39)
(2, 3, 13, 28, 38, 39)
(2, 3, 14, 27, 38, 39)
(2, 3, 15, 26, 38, 39)
(2, 3, 16, 25, 38, 39)
(2, 3, 17, 24, 38, 39)
(2, 3, 18, 23, 38, 39)
(2, 3, 19, 22, 38, 39)
(2, 3, 20, 21, 38, 39)
(2, 4, 5, 36, 37, 39)
(2, 4, 6, 35, 37, 39)
(2, 4, 7, 34, 37, 39)
(2, 4, 8, 33, 37, 39)
(2, 4, 9, 32, 37, 39)
(2, 4, 10, 31, 37, 39)
(2, 4, 11, 30, 37, 39)
(2, 4, 12, 29, 37, 39)
(2, 4, 13, 28, 37, 39)
(2, 4, 14, 27, 37, 39)
(2, 4, 15, 26, 37, 39)
(2, 4, 16, 25, 37, 39)
(2, 4, 17, 24, 37, 39)
(2, 4, 18, 23, 37, 39)
(2, 4, 19, 22, 37, 39)
(2, 4, 20, 21, 37, 39)
(2, 5, 6, 35, 36, 39)
(2, 5, 7, 34, 36, 39)
(2, 5, 8, 33, 36, 39)
(2, 5, 9, 32, 36, 39)
(2, 5, 10, 31, 36, 39)
(2, 5, 11, 30, 36, 39)
(2, 5, 12, 29, 36, 39)
(2, 5, 13, 28, 36, 39)
(2, 5, 14, 27, 36, 39)
(2, 5, 15, 26, 36, 39)
(2, 5, 16, 25, 36, 39)
(2, 5, 17, 24, 36, 39)
(2, 5, 18, 23, 36, 39)
(2, 5, 19, 22, 36, 39)
(2, 5, 20, 21, 36, 39)
(2, 6, 7, 34, 35, 39)
(2, 6, 8, 33, 35, 39)
(2, 6, 9, 32, 35, 39)
(2, 6, 10, 31, 35, 39)
(2, 6, 11, 30, 35, 39)
(2, 6, 12, 29, 35, 39)
(2, 6, 13, 28, 35, 39)
(2, 6, 14, 27, 35, 39)
(2, 6, 15, 26, 35, 39)
(2, 6, 16, 25, 35, 39)
(2, 6, 17, 24, 35, 39)
(2, 6, 18, 23, 35, 39)
(2, 6, 19, 22, 35, 39)
(2, 6, 20, 21, 35, 39)
(2, 7, 8, 33, 34, 39)
(2, 7, 9, 32, 34, 39)
(2, 7, 10, 31, 34, 39)
(2, 7, 11, 30, 34, 39)
(2, 7, 12, 29, 34, 39)
(2, 7, 13, 28, 34, 39)
(2, 7, 14, 27, 34, 39)
(2, 7, 15, 26, 34, 39)
(2, 7, 16, 25, 34, 39)
(2, 7, 17, 24, 34, 39)
(2, 7, 18, 23, 34, 39)
(2, 7, 19, 22, 34, 39)
(2, 7, 20, 21, 34, 39)
(2, 8, 9, 32, 33, 39)
(2, 8, 10, 31, 33, 39)
(2, 8, 11, 30, 33, 39)
(2, 8, 12, 29, 33, 39)
(2, 8, 13, 28, 33, 39)
(2, 8, 14, 27, 33, 39)
(2, 8, 15, 26, 33, 39)
(2, 8, 16, 25, 33, 39)
(2, 8, 17, 24, 33, 39)
(2, 8, 18, 23, 33, 39)
(2, 8, 19, 22, 33, 39)
(2, 8, 20, 21, 33, 39)
(2, 9, 10, 31, 32, 39)
(2, 9, 11, 30, 32, 39)
(2, 9, 12, 29, 32, 39)
(2, 9, 13, 28, 32, 39)
(2, 9, 14, 27, 32, 39)
(2, 9, 15, 26, 32, 39)
(2, 9, 16, 25, 32, 39)
(2, 9, 17, 24, 32, 39)
(2, 9, 18, 23, 32, 39)
(2, 9, 19, 22, 32, 39)
(2, 9, 20, 21, 32, 39)
(2, 10, 11, 30, 31, 39)
(2, 10, 12, 29, 31, 39)
(2, 10, 13, 28, 31, 39)
(2, 10, 14, 27, 31, 39)
(2, 10, 15, 26, 31, 39)
(2, 10, 16, 25, 31, 39)
(2, 10, 17, 24, 31, 39)
(2, 10, 18, 23, 31, 39)
(2, 10, 19, 22, 31, 39)
(2, 10, 20, 21, 31, 39)
(2, 11, 12, 29, 30, 39)
(2, 11, 13, 28, 30, 39)
(2, 11, 14, 27, 30, 39)
(2, 11, 15, 26, 30, 39)
(2, 11, 16, 25, 30, 39)
(2, 11, 17, 24, 30, 39)
(2, 11, 18, 23, 30, 39)
(2, 11, 19, 22, 30, 39)
(2, 11, 20, 21, 30, 39)
(2, 12, 13, 28, 29, 39)
(2, 12, 14, 27, 29, 39)
(2, 12, 15, 26, 29, 39)
(2, 12, 16, 25, 29, 39)
(2, 12, 17, 24, 29, 39)
(2, 12, 18, 23, 29, 39)
(2, 12, 19, 22, 29, 39)
(2, 12, 20, 21, 29, 39)
(2, 13, 14, 27, 28, 39)
(2, 13, 15, 26, 28, 39)
(2, 13, 16, 25, 28, 39)
(2, 13, 17, 24, 28, 39)
(2, 13, 18, 23, 28, 39)
(2, 13, 19, 22, 28, 39)
(2, 13, 20, 21, 28, 39)
(2, 14, 15, 26, 27, 39)
(2, 14, 16, 25, 27, 39)
(2, 14, 17, 24, 27, 39)
(2, 14, 18, 23, 27, 39)
(2, 14, 19, 22, 27, 39)
(2, 14, 20, 21, 27, 39)
(2, 15, 16, 25, 26, 39)
(2, 15, 17, 24, 26, 39)
(2, 15, 18, 23, 26, 39)
(2, 15, 19, 22, 26, 39)
(2, 15, 20, 21, 26, 39)
(2, 16, 17, 24, 25, 39)
(2, 16, 18, 23, 25, 39)
(2, 16, 19, 22, 25, 39)
(2, 16, 20, 21, 25, 39)
(2, 17, 18, 23, 24, 39)
(2, 17, 19, 22, 24, 39)
(2, 17, 20, 21, 24, 39)
(2, 18, 19, 22, 23, 39)
(2, 18, 20, 21, 23, 39)
(2, 19, 20, 21, 22, 39)
(3, 4, 5, 36, 37, 38)
(3, 4, 6, 35, 37, 38)
(3, 4, 7, 34, 37, 38)
(3, 4, 8, 33, 37, 38)
(3, 4, 9, 32, 37, 38)
(3, 4, 10, 31, 37, 38)
(3, 4, 11, 30, 37, 38)
(3, 4, 12, 29, 37, 38)
(3, 4, 13, 28, 37, 38)
(3, 4, 14, 27, 37, 38)
(3, 4, 15, 26, 37, 38)
(3, 4, 16, 25, 37, 38)
(3, 4, 17, 24, 37, 38)
(3, 4, 18, 23, 37, 38)
(3, 4, 19, 22, 37, 38)
(3, 4, 20, 21, 37, 38)
(3, 5, 6, 35, 36, 38)
(3, 5, 7, 34, 36, 38)
(3, 5, 8, 33, 36, 38)
(3, 5, 9, 32, 36, 38)
(3, 5, 10, 31, 36, 38)
(3, 5, 11, 30, 36, 38)
(3, 5, 12, 29, 36, 38)
(3, 5, 13, 28, 36, 38)
(3, 5, 14, 27, 36, 38)
(3, 5, 15, 26, 36, 38)
(3, 5, 16, 25, 36, 38)
(3, 5, 17, 24, 36, 38)
(3, 5, 18, 23, 36, 38)
(3, 5, 19, 22, 36, 38)
(3, 5, 20, 21, 36, 38)
(3, 6, 7, 34, 35, 38)
(3, 6, 8, 33, 35, 38)
(3, 6, 9, 32, 35, 38)
(3, 6, 10, 31, 35, 38)
(3, 6, 11, 30, 35, 38)
(3, 6, 12, 29, 35, 38)
(3, 6, 13, 28, 35, 38)
(3, 6, 14, 27, 35, 38)
(3, 6, 15, 26, 35, 38)
(3, 6, 16, 25, 35, 38)
(3, 6, 17, 24, 35, 38)
(3, 6, 18, 23, 35, 38)
(3, 6, 19, 22, 35, 38)
(3, 6, 20, 21, 35, 38)
(3, 7, 8, 33, 34, 38)
(3, 7, 9, 32, 34, 38)
(3, 7, 10, 31, 34, 38)
(3, 7, 11, 30, 34, 38)
(3, 7, 12, 29, 34, 38)
(3, 7, 13, 28, 34, 38)
(3, 7, 14, 27, 34, 38)
(3, 7, 15, 26, 34, 38)
(3, 7, 16, 25, 34, 38)
(3, 7, 17, 24, 34, 38)
(3, 7, 18, 23, 34, 38)
(3, 7, 19, 22, 34, 38)
(3, 7, 20, 21, 34, 38)
(3, 8, 9, 32, 33, 38)
(3, 8, 10, 31, 33, 38)
(3, 8, 11, 30, 33, 38)
(3, 8, 12, 29, 33, 38)
(3, 8, 13, 28, 33, 38)
(3, 8, 14, 27, 33, 38)
(3, 8, 15, 26, 33, 38)
(3, 8, 16, 25, 33, 38)
(3, 8, 17, 24, 33, 38)
(3, 8, 18, 23, 33, 38)
(3, 8, 19, 22, 33, 38)
(3, 8, 20, 21, 33, 38)
(3, 9, 10, 31, 32, 38)
(3, 9, 11, 30, 32, 38)
(3, 9, 12, 29, 32, 38)
(3, 9, 13, 28, 32, 38)
(3, 9, 14, 27, 32, 38)
(3, 9, 15, 26, 32, 38)
(3, 9, 16, 25, 32, 38)
(3, 9, 17, 24, 32, 38)
(3, 9, 18, 23, 32, 38)
(3, 9, 19, 22, 32, 38)
(3, 9, 20, 21, 32, 38)
(3, 10, 11, 30, 31, 38)
(3, 10, 12, 29, 31, 38)
(3, 10, 13, 28, 31, 38)
(3, 10, 14, 27, 31, 38)
(3, 10, 15, 26, 31, 38)
(3, 10, 16, 25, 31, 38)
(3, 10, 17, 24, 31, 38)
(3, 10, 18, 23, 31, 38)
(3, 10, 19, 22, 31, 38)
(3, 10, 20, 21, 31, 38)
(3, 11, 12, 29, 30, 38)
(3, 11, 13, 28, 30, 38)
(3, 11, 14, 27, 30, 38)
(3, 11, 15, 26, 30, 38)
(3, 11, 16, 25, 30, 38)
(3, 11, 17, 24, 30, 38)
(3, 11, 18, 23, 30, 38)
(3, 11, 19, 22, 30, 38)
(3, 11, 20, 21, 30, 38)
(3, 12, 13, 28, 29, 38)
(3, 12, 14, 27, 29, 38)
(3, 12, 15, 26, 29, 38)
(3, 12, 16, 25, 29, 38)
(3, 12, 17, 24, 29, 38)
(3, 12, 18, 23, 29, 38)
(3, 12, 19, 22, 29, 38)
(3, 12, 20, 21, 29, 38)
(3, 13, 14, 27, 28, 38)
(3, 13, 15, 26, 28, 38)
(3, 13, 16, 25, 28, 38)
(3, 13, 17, 24, 28, 38)
(3, 13, 18, 23, 28, 38)
(3, 13, 19, 22, 28, 38)
(3, 13, 20, 21, 28, 38)
(3, 14, 15, 26, 27, 38)
(3, 14, 16, 25, 27, 38)
(3, 14, 17, 24, 27, 38)
(3, 14, 18, 23, 27, 38)
(3, 14, 19, 22, 27, 38)
(3, 14, 20, 21, 27, 38)
(3, 15, 16, 25, 26, 38)
(3, 15, 17, 24, 26, 38)
(3, 15, 18, 23, 26, 38)
(3, 15, 19, 22, 26, 38)
(3, 15, 20, 21, 26, 38)
(3, 16, 17, 24, 25, 38)
(3, 16, 18, 23, 25, 38)
(3, 16, 19, 22, 25, 38)
(3, 16, 20, 21, 25, 38)
(3, 17, 18, 23, 24, 38)
(3, 17, 19, 22, 24, 38)
(3, 17, 20, 21, 24, 38)
(3, 18, 19, 22, 23, 38)
(3, 18, 20, 21, 23, 38)
(3, 19, 20, 21, 22, 38)
(4, 5, 6, 35, 36, 37)
(4, 5, 7, 34, 36, 37)
(4, 5, 8, 33, 36, 37)
(4, 5, 9, 32, 36, 37)
(4, 5, 10, 31, 36, 37)
(4, 5, 11, 30, 36, 37)
(4, 5, 12, 29, 36, 37)
(4, 5, 13, 28, 36, 37)
(4, 5, 14, 27, 36, 37)
(4, 5, 15, 26, 36, 37)
(4, 5, 16, 25, 36, 37)
(4, 5, 17, 24, 36, 37)
(4, 5, 18, 23, 36, 37)
(4, 5, 19, 22, 36, 37)
(4, 5, 20, 21, 36, 37)
(4, 6, 7, 34, 35, 37)
(4, 6, 8, 33, 35, 37)
(4, 6, 9, 32, 35, 37)
(4, 6, 10, 31, 35, 37)
(4, 6, 11, 30, 35, 37)
(4, 6, 12, 29, 35, 37)
(4, 6, 13, 28, 35, 37)
(4, 6, 14, 27, 35, 37)
(4, 6, 15, 26, 35, 37)
(4, 6, 16, 25, 35, 37)
(4, 6, 17, 24, 35, 37)
(4, 6, 18, 23, 35, 37)
(4, 6, 19, 22, 35, 37)
(4, 6, 20, 21, 35, 37)
(4, 7, 8, 33, 34, 37)
(4, 7, 9, 32, 34, 37)
(4, 7, 10, 31, 34, 37)
(4, 7, 11, 30, 34, 37)
(4, 7, 12, 29, 34, 37)
(4, 7, 13, 28, 34, 37)
(4, 7, 14, 27, 34, 37)
(4, 7, 15, 26, 34, 37)
(4, 7, 16, 25, 34, 37)
(4, 7, 17, 24, 34, 37)
(4, 7, 18, 23, 34, 37)
(4, 7, 19, 22, 34, 37)
(4, 7, 20, 21, 34, 37)
(4, 8, 9, 32, 33, 37)
(4, 8, 10, 31, 33, 37)
(4, 8, 11, 30, 33, 37)
(4, 8, 12, 29, 33, 37)
(4, 8, 13, 28, 33, 37)
(4, 8, 14, 27, 33, 37)
(4, 8, 15, 26, 33, 37)
(4, 8, 16, 25, 33, 37)
(4, 8, 17, 24, 33, 37)
(4, 8, 18, 23, 33, 37)
(4, 8, 19, 22, 33, 37)
(4, 8, 20, 21, 33, 37)
(4, 9, 10, 31, 32, 37)
(4, 9, 11, 30, 32, 37)
(4, 9, 12, 29, 32, 37)
(4, 9, 13, 28, 32, 37)
(4, 9, 14, 27, 32, 37)
(4, 9, 15, 26, 32, 37)
(4, 9, 16, 25, 32, 37)
(4, 9, 17, 24, 32, 37)
(4, 9, 18, 23, 32, 37)
(4, 9, 19, 22, 32, 37)
(4, 9, 20, 21, 32, 37)
(4, 10, 11, 30, 31, 37)
(4, 10, 12, 29, 31, 37)
(4, 10, 13, 28, 31, 37)
(4, 10, 14, 27, 31, 37)
(4, 10, 15, 26, 31, 37)
(4, 10, 16, 25, 31, 37)
(4, 10, 17, 24, 31, 37)
(4, 10, 18, 23, 31, 37)
(4, 10, 19, 22, 31, 37)
(4, 10, 20, 21, 31, 37)
(4, 11, 12, 29, 30, 37)
(4, 11, 13, 28, 30, 37)
(4, 11, 14, 27, 30, 37)
(4, 11, 15, 26, 30, 37)
(4, 11, 16, 25, 30, 37)
(4, 11, 17, 24, 30, 37)
(4, 11, 18, 23, 30, 37)
(4, 11, 19, 22, 30, 37)
(4, 11, 20, 21, 30, 37)
(4, 12, 13, 28, 29, 37)
(4, 12, 14, 27, 29, 37)
(4, 12, 15, 26, 29, 37)
(4, 12, 16, 25, 29, 37)
(4, 12, 17, 24, 29, 37)
(4, 12, 18, 23, 29, 37)
(4, 12, 19, 22, 29, 37)
(4, 12, 20, 21, 29, 37)
(4, 13, 14, 27, 28, 37)
(4, 13, 15, 26, 28, 37)
(4, 13, 16, 25, 28, 37)
(4, 13, 17, 24, 28, 37)
(4, 13, 18, 23, 28, 37)
(4, 13, 19, 22, 28, 37)
(4, 13, 20, 21, 28, 37)
(4, 14, 15, 26, 27, 37)
(4, 14, 16, 25, 27, 37)
(4, 14, 17, 24, 27, 37)
(4, 14, 18, 23, 27, 37)
(4, 14, 19, 22, 27, 37)
(4, 14, 20, 21, 27, 37)
(4, 15, 16, 25, 26, 37)
(4, 15, 17, 24, 26, 37)
(4, 15, 18, 23, 26, 37)
(4, 15, 19, 22, 26, 37)
(4, 15, 20, 21, 26, 37)
(4, 16, 17, 24, 25, 37)
(4, 16, 18, 23, 25, 37)
(4, 16, 19, 22, 25, 37)
(4, 16, 20, 21, 25, 37)
(4, 17, 18, 23, 24, 37)
(4, 17, 19, 22, 24, 37)
(4, 17, 20, 21, 24, 37)
(4, 18, 19, 22, 23, 37)
(4, 18, 20, 21, 23, 37)
(4, 19, 20, 21, 22, 37)
(5, 6, 7, 34, 35, 36)
(5, 6, 8, 33, 35, 36)
(5, 6, 9, 32, 35, 36)
(5, 6, 10, 31, 35, 36)
(5, 6, 11, 30, 35, 36)
(5, 6, 12, 29, 35, 36)
(5, 6, 13, 28, 35, 36)
(5, 6, 14, 27, 35, 36)
(5, 6, 15, 26, 35, 36)
(5, 6, 16, 25, 35, 36)
(5, 6, 17, 24, 35, 36)
(5, 6, 18, 23, 35, 36)
(5, 6, 19, 22, 35, 36)
(5, 6, 20, 21, 35, 36)
(5, 7, 8, 33, 34, 36)
(5, 7, 9, 32, 34, 36)
(5, 7, 10, 31, 34, 36)
(5, 7, 11, 30, 34, 36)
(5, 7, 12, 29, 34, 36)
(5, 7, 13, 28, 34, 36)
(5, 7, 14, 27, 34, 36)
(5, 7, 15, 26, 34, 36)
(5, 7, 16, 25, 34, 36)
(5, 7, 17, 24, 34, 36)
(5, 7, 18, 23, 34, 36)
(5, 7, 19, 22, 34, 36)
(5, 7, 20, 21, 34, 36)
(5, 8, 9, 32, 33, 36)
(5, 8, 10, 31, 33, 36)
(5, 8, 11, 30, 33, 36)
(5, 8, 12, 29, 33, 36)
(5, 8, 13, 28, 33, 36)
(5, 8, 14, 27, 33, 36)
(5, 8, 15, 26, 33, 36)
(5, 8, 16, 25, 33, 36)
(5, 8, 17, 24, 33, 36)
(5, 8, 18, 23, 33, 36)
(5, 8, 19, 22, 33, 36)
(5, 8, 20, 21, 33, 36)
(5, 9, 10, 31, 32, 36)
(5, 9, 11, 30, 32, 36)
(5, 9, 12, 29, 32, 36)
(5, 9, 13, 28, 32, 36)
(5, 9, 14, 27, 32, 36)
(5, 9, 15, 26, 32, 36)
(5, 9, 16, 25, 32, 36)
(5, 9, 17, 24, 32, 36)
(5, 9, 18, 23, 32, 36)
(5, 9, 19, 22, 32, 36)
(5, 9, 20, 21, 32, 36)
(5, 10, 11, 30, 31, 36)
(5, 10, 12, 29, 31, 36)
(5, 10, 13, 28, 31, 36)
(5, 10, 14, 27, 31, 36)
(5, 10, 15, 26, 31, 36)
(5, 10, 16, 25, 31, 36)
(5, 10, 17, 24, 31, 36)
(5, 10, 18, 23, 31, 36)
(5, 10, 19, 22, 31, 36)
(5, 10, 20, 21, 31, 36)
(5, 11, 12, 29, 30, 36)
(5, 11, 13, 28, 30, 36)
(5, 11, 14, 27, 30, 36)
(5, 11, 15, 26, 30, 36)
(5, 11, 16, 25, 30, 36)
(5, 11, 17, 24, 30, 36)
(5, 11, 18, 23, 30, 36)
(5, 11, 19, 22, 30, 36)
(5, 11, 20, 21, 30, 36)
(5, 12, 13, 28, 29, 36)
(5, 12, 14, 27, 29, 36)
(5, 12, 15, 26, 29, 36)
(5, 12, 16, 25, 29, 36)
(5, 12, 17, 24, 29, 36)
(5, 12, 18, 23, 29, 36)
(5, 12, 19, 22, 29, 36)
(5, 12, 20, 21, 29, 36)
(5, 13, 14, 27, 28, 36)
(5, 13, 15, 26, 28, 36)
(5, 13, 16, 25, 28, 36)
(5, 13, 17, 24, 28, 36)
(5, 13, 18, 23, 28, 36)
(5, 13, 19, 22, 28, 36)
(5, 13, 20, 21, 28, 36)
(5, 14, 15, 26, 27, 36)
(5, 14, 16, 25, 27, 36)
(5, 14, 17, 24, 27, 36)
(5, 14, 18, 23, 27, 36)
(5, 14, 19, 22, 27, 36)
(5, 14, 20, 21, 27, 36)
(5, 15, 16, 25, 26, 36)
(5, 15, 17, 24, 26, 36)
(5, 15, 18, 23, 26, 36)
(5, 15, 19, 22, 26, 36)
(5, 15, 20, 21, 26, 36)
(5, 16, 17, 24, 25, 36)
(5, 16, 18, 23, 25, 36)
(5, 16, 19, 22, 25, 36)
(5, 16, 20, 21, 25, 36)
(5, 17, 18, 23, 24, 36)
(5, 17, 19, 22, 24, 36)
(5, 17, 20, 21, 24, 36)
(5, 18, 19, 22, 23, 36)
(5, 18, 20, 21, 23, 36)
(5, 19, 20, 21, 22, 36)
(6, 7, 8, 33, 34, 35)
(6, 7, 9, 32, 34, 35)
(6, 7, 10, 31, 34, 35)
(6, 7, 11, 30, 34, 35)
(6, 7, 12, 29, 34, 35)
(6, 7, 13, 28, 34, 35)
(6, 7, 14, 27, 34, 35)
(6, 7, 15, 26, 34, 35)
(6, 7, 16, 25, 34, 35)
(6, 7, 17, 24, 34, 35)
(6, 7, 18, 23, 34, 35)
(6, 7, 19, 22, 34, 35)
(6, 7, 20, 21, 34, 35)
(6, 8, 9, 32, 33, 35)
(6, 8, 10, 31, 33, 35)
(6, 8, 11, 30, 33, 35)
(6, 8, 12, 29, 33, 35)
(6, 8, 13, 28, 33, 35)
(6, 8, 14, 27, 33, 35)
(6, 8, 15, 26, 33, 35)
(6, 8, 16, 25, 33, 35)
(6, 8, 17, 24, 33, 35)
(6, 8, 18, 23, 33, 35)
(6, 8, 19, 22, 33, 35)
(6, 8, 20, 21, 33, 35)
(6, 9, 10, 31, 32, 35)
(6, 9, 11, 30, 32, 35)
(6, 9, 12, 29, 32, 35)
(6, 9, 13, 28, 32, 35)
(6, 9, 14, 27, 32, 35)
(6, 9, 15, 26, 32, 35)
(6, 9, 16, 25, 32, 35)
(6, 9, 17, 24, 32, 35)
(6, 9, 18, 23, 32, 35)
(6, 9, 19, 22, 32, 35)
(6, 9, 20, 21, 32, 35)
(6, 10, 11, 30, 31, 35)
(6, 10, 12, 29, 31, 35)
(6, 10, 13, 28, 31, 35)
(6, 10, 14, 27, 31, 35)
(6, 10, 15, 26, 31, 35)
(6, 10, 16, 25, 31, 35)
(6, 10, 17, 24, 31, 35)
(6, 10, 18, 23, 31, 35)
(6, 10, 19, 22, 31, 35)
(6, 10, 20, 21, 31, 35)
(6, 11, 12, 29, 30, 35)
(6, 11, 13, 28, 30, 35)
(6, 11, 14, 27, 30, 35)
(6, 11, 15, 26, 30, 35)
(6, 11, 16, 25, 30, 35)
(6, 11, 17, 24, 30, 35)
(6, 11, 18, 23, 30, 35)
(6, 11, 19, 22, 30, 35)
(6, 11, 20, 21, 30, 35)
(6, 12, 13, 28, 29, 35)
(6, 12, 14, 27, 29, 35)
(6, 12, 15, 26, 29, 35)
(6, 12, 16, 25, 29, 35)
(6, 12, 17, 24, 29, 35)
(6, 12, 18, 23, 29, 35)
(6, 12, 19, 22, 29, 35)
(6, 12, 20, 21, 29, 35)
(6, 13, 14, 27, 28, 35)
(6, 13, 15, 26, 28, 35)
(6, 13, 16, 25, 28, 35)
(6, 13, 17, 24, 28, 35)
(6, 13, 18, 23, 28, 35)
(6, 13, 19, 22, 28, 35)
(6, 13, 20, 21, 28, 35)
(6, 14, 15, 26, 27, 35)
(6, 14, 16, 25, 27, 35)
(6, 14, 17, 24, 27, 35)
(6, 14, 18, 23, 27, 35)
(6, 14, 19, 22, 27, 35)
(6, 14, 20, 21, 27, 35)
(6, 15, 16, 25, 26, 35)
(6, 15, 17, 24, 26, 35)
(6, 15, 18, 23, 26, 35)
(6, 15, 19, 22, 26, 35)
(6, 15, 20, 21, 26, 35)
(6, 16, 17, 24, 25, 35)
(6, 16, 18, 23, 25, 35)
(6, 16, 19, 22, 25, 35)
(6, 16, 20, 21, 25, 35)
(6, 17, 18, 23, 24, 35)
(6, 17, 19, 22, 24, 35)
(6, 17, 20, 21, 24, 35)
(6, 18, 19, 22, 23, 35)
(6, 18, 20, 21, 23, 35)
(6, 19, 20, 21, 22, 35)
(7, 8, 9, 32, 33, 34)
(7, 8, 10, 31, 33, 34)
(7, 8, 11, 30, 33, 34)
(7, 8, 12, 29, 33, 34)
(7, 8, 13, 28, 33, 34)
(7, 8, 14, 27, 33, 34)
(7, 8, 15, 26, 33, 34)
(7, 8, 16, 25, 33, 34)
(7, 8, 17, 24, 33, 34)
(7, 8, 18, 23, 33, 34)
(7, 8, 19, 22, 33, 34)
(7, 8, 20, 21, 33, 34)
(7, 9, 10, 31, 32, 34)
(7, 9, 11, 30, 32, 34)
(7, 9, 12, 29, 32, 34)
(7, 9, 13, 28, 32, 34)
(7, 9, 14, 27, 32, 34)
(7, 9, 15, 26, 32, 34)
(7, 9, 16, 25, 32, 34)
(7, 9, 17, 24, 32, 34)
(7, 9, 18, 23, 32, 34)
(7, 9, 19, 22, 32, 34)
(7, 9, 20, 21, 32, 34)
(7, 10, 11, 30, 31, 34)
(7, 10, 12, 29, 31, 34)
(7, 10, 13, 28, 31, 34)
(7, 10, 14, 27, 31, 34)
(7, 10, 15, 26, 31, 34)
(7, 10, 16, 25, 31, 34)
(7, 10, 17, 24, 31, 34)
(7, 10, 18, 23, 31, 34)
(7, 10, 19, 22, 31, 34)
(7, 10, 20, 21, 31, 34)
(7, 11, 12, 29, 30, 34)
(7, 11, 13, 28, 30, 34)
(7, 11, 14, 27, 30, 34)
(7, 11, 15, 26, 30, 34)
(7, 11, 16, 25, 30, 34)
(7, 11, 17, 24, 30, 34)
(7, 11, 18, 23, 30, 34)
(7, 11, 19, 22, 30, 34)
(7, 11, 20, 21, 30, 34)
(7, 12, 13, 28, 29, 34)
(7, 12, 14, 27, 29, 34)
(7, 12, 15, 26, 29, 34)
(7, 12, 16, 25, 29, 34)
(7, 12, 17, 24, 29, 34)
(7, 12, 18, 23, 29, 34)
(7, 12, 19, 22, 29, 34)
(7, 12, 20, 21, 29, 34)
(7, 13, 14, 27, 28, 34)
(7, 13, 15, 26, 28, 34)
(7, 13, 16, 25, 28, 34)
(7, 13, 17, 24, 28, 34)
(7, 13, 18, 23, 28, 34)
(7, 13, 19, 22, 28, 34)
(7, 13, 20, 21, 28, 34)
(7, 14, 15, 26, 27, 34)
(7, 14, 16, 25, 27, 34)
(7, 14, 17, 24, 27, 34)
(7, 14, 18, 23, 27, 34)
(7, 14, 19, 22, 27, 34)
(7, 14, 20, 21, 27, 34)
(7, 15, 16, 25, 26, 34)
(7, 15, 17, 24, 26, 34)
(7, 15, 18, 23, 26, 34)
(7, 15, 19, 22, 26, 34)
(7, 15, 20, 21, 26, 34)
(7, 16, 17, 24, 25, 34)
(7, 16, 18, 23, 25, 34)
(7, 16, 19, 22, 25, 34)
(7, 16, 20, 21, 25, 34)
(7, 17, 18, 23, 24, 34)
(7, 17, 19, 22, 24, 34)
(7, 17, 20, 21, 24, 34)
(7, 18, 19, 22, 23, 34)
(7, 18, 20, 21, 23, 34)
(7, 19, 20, 21, 22, 34)
(8, 9, 10, 31, 32, 33)
(8, 9, 11, 30, 32, 33)
(8, 9, 12, 29, 32, 33)
(8, 9, 13, 28, 32, 33)
(8, 9, 14, 27, 32, 33)
(8, 9, 15, 26, 32, 33)
(8, 9, 16, 25, 32, 33)
(8, 9, 17, 24, 32, 33)
(8, 9, 18, 23, 32, 33)
(8, 9, 19, 22, 32, 33)
(8, 9, 20, 21, 32, 33)
(8, 10, 11, 30, 31, 33)
(8, 10, 12, 29, 31, 33)
(8, 10, 13, 28, 31, 33)
(8, 10, 14, 27, 31, 33)
(8, 10, 15, 26, 31, 33)
(8, 10, 16, 25, 31, 33)
(8, 10, 17, 24, 31, 33)
(8, 10, 18, 23, 31, 33)
(8, 10, 19, 22, 31, 33)
(8, 10, 20, 21, 31, 33)
(8, 11, 12, 29, 30, 33)
(8, 11, 13, 28, 30, 33)
(8, 11, 14, 27, 30, 33)
(8, 11, 15, 26, 30, 33)
(8, 11, 16, 25, 30, 33)
(8, 11, 17, 24, 30, 33)
(8, 11, 18, 23, 30, 33)
(8, 11, 19, 22, 30, 33)
(8, 11, 20, 21, 30, 33)
(8, 12, 13, 28, 29, 33)
(8, 12, 14, 27, 29, 33)
(8, 12, 15, 26, 29, 33)
(8, 12, 16, 25, 29, 33)
(8, 12, 17, 24, 29, 33)
(8, 12, 18, 23, 29, 33)
(8, 12, 19, 22, 29, 33)
(8, 12, 20, 21, 29, 33)
(8, 13, 14, 27, 28, 33)
(8, 13, 15, 26, 28, 33)
(8, 13, 16, 25, 28, 33)
(8, 13, 17, 24, 28, 33)
(8, 13, 18, 23, 28, 33)
(8, 13, 19, 22, 28, 33)
(8, 13, 20, 21, 28, 33)
(8, 14, 15, 26, 27, 33)
(8, 14, 16, 25, 27, 33)
(8, 14, 17, 24, 27, 33)
(8, 14, 18, 23, 27, 33)
(8, 14, 19, 22, 27, 33)
(8, 14, 20, 21, 27, 33)
(8, 15, 16, 25, 26, 33)
(8, 15, 17, 24, 26, 33)
(8, 15, 18, 23, 26, 33)
(8, 15, 19, 22, 26, 33)
(8, 15, 20, 21, 26, 33)
(8, 16, 17, 24, 25, 33)
(8, 16, 18, 23, 25, 33)
(8, 16, 19, 22, 25, 33)
(8, 16, 20, 21, 25, 33)
(8, 17, 18, 23, 24, 33)
(8, 17, 19, 22, 24, 33)
(8, 17, 20, 21, 24, 33)
(8, 18, 19, 22, 23, 33)
(8, 18, 20, 21, 23, 33)
(8, 19, 20, 21, 22, 33)
(9, 10, 11, 30, 31, 32)
(9, 10, 12, 29, 31, 32)
(9, 10, 13, 28, 31, 32)
(9, 10, 14, 27, 31, 32)
(9, 10, 15, 26, 31, 32)
(9, 10, 16, 25, 31, 32)
(9, 10, 17, 24, 31, 32)
(9, 10, 18, 23, 31, 32)
(9, 10, 19, 22, 31, 32)
(9, 10, 20, 21, 31, 32)
(9, 11, 12, 29, 30, 32)
(9, 11, 13, 28, 30, 32)
(9, 11, 14, 27, 30, 32)
(9, 11, 15, 26, 30, 32)
(9, 11, 16, 25, 30, 32)
(9, 11, 17, 24, 30, 32)
(9, 11, 18, 23, 30, 32)
(9, 11, 19, 22, 30, 32)
(9, 11, 20, 21, 30, 32)
(9, 12, 13, 28, 29, 32)
(9, 12, 14, 27, 29, 32)
(9, 12, 15, 26, 29, 32)
(9, 12, 16, 25, 29, 32)
(9, 12, 17, 24, 29, 32)
(9, 12, 18, 23, 29, 32)
(9, 12, 19, 22, 29, 32)
(9, 12, 20, 21, 29, 32)
(9, 13, 14, 27, 28, 32)
(9, 13, 15, 26, 28, 32)
(9, 13, 16, 25, 28, 32)
(9, 13, 17, 24, 28, 32)
(9, 13, 18, 23, 28, 32)
(9, 13, 19, 22, 28, 32)
(9, 13, 20, 21, 28, 32)
(9, 14, 15, 26, 27, 32)
(9, 14, 16, 25, 27, 32)
(9, 14, 17, 24, 27, 32)
(9, 14, 18, 23, 27, 32)
(9, 14, 19, 22, 27, 32)
(9, 14, 20, 21, 27, 32)
(9, 15, 16, 25, 26, 32)
(9, 15, 17, 24, 26, 32)
(9, 15, 18, 23, 26, 32)
(9, 15, 19, 22, 26, 32)
(9, 15, 20, 21, 26, 32)
(9, 16, 17, 24, 25, 32)
(9, 16, 18, 23, 25, 32)
(9, 16, 19, 22, 25, 32)
(9, 16, 20, 21, 25, 32)
(9, 17, 18, 23, 24, 32)
(9, 17, 19, 22, 24, 32)
(9, 17, 20, 21, 24, 32)
(9, 18, 19, 22, 23, 32)
(9, 18, 20, 21, 23, 32)
(9, 19, 20, 21, 22, 32)
(10, 11, 12, 29, 30, 31)
(10, 11, 13, 28, 30, 31)
(10, 11, 14, 27, 30, 31)
(10, 11, 15, 26, 30, 31)
(10, 11, 16, 25, 30, 31)
(10, 11, 17, 24, 30, 31)
(10, 11, 18, 23, 30, 31)
(10, 11, 19, 22, 30, 31)
(10, 11, 20, 21, 30, 31)
(10, 12, 13, 28, 29, 31)
(10, 12, 14, 27, 29, 31)
(10, 12, 15, 26, 29, 31)
(10, 12, 16, 25, 29, 31)
(10, 12, 17, 24, 29, 31)
(10, 12, 18, 23, 29, 31)
(10, 12, 19, 22, 29, 31)
(10, 12, 20, 21, 29, 31)
(10, 13, 14, 27, 28, 31)
(10, 13, 15, 26, 28, 31)
(10, 13, 16, 25, 28, 31)
(10, 13, 17, 24, 28, 31)
(10, 13, 18, 23, 28, 31)
(10, 13, 19, 22, 28, 31)
(10, 13, 20, 21, 28, 31)
(10, 14, 15, 26, 27, 31)
(10, 14, 16, 25, 27, 31)
(10, 14, 17, 24, 27, 31)
(10, 14, 18, 23, 27, 31)
(10, 14, 19, 22, 27, 31)
(10, 14, 20, 21, 27, 31)
(10, 15, 16, 25, 26, 31)
(10, 15, 17, 24, 26, 31)
(10, 15, 18, 23, 26, 31)
(10, 15, 19, 22, 26, 31)
(10, 15, 20, 21, 26, 31)
(10, 16, 17, 24, 25, 31)
(10, 16, 18, 23, 25, 31)
(10, 16, 19, 22, 25, 31)
(10, 16, 20, 21, 25, 31)
(10, 17, 18, 23, 24, 31)
(10, 17, 19, 22, 24, 31)
(10, 17, 20, 21, 24, 31)
(10, 18, 19, 22, 23, 31)
(10, 18, 20, 21, 23, 31)
(10, 19, 20, 21, 22, 31)
(11, 12, 13, 28, 29, 30)
(11, 12, 14, 27, 29, 30)
(11, 12, 15, 26, 29, 30)
(11, 12, 16, 25, 29, 30)
(11, 12, 17, 24, 29, 30)
(11, 12, 18, 23, 29, 30)
(11, 12, 19, 22, 29, 30)
(11, 12, 20, 21, 29, 30)
(11, 13, 14, 27, 28, 30)
(11, 13, 15, 26, 28, 30)
(11, 13, 16, 25, 28, 30)
(11, 13, 17, 24, 28, 30)
(11, 13, 18, 23, 28, 30)
(11, 13, 19, 22, 28, 30)
(11, 13, 20, 21, 28, 30)
(11, 14, 15, 26, 27, 30)
(11, 14, 16, 25, 27, 30)
(11, 14, 17, 24, 27, 30)
(11, 14, 18, 23, 27, 30)
(11, 14, 19, 22, 27, 30)
(11, 14, 20, 21, 27, 30)
(11, 15, 16, 25, 26, 30)
(11, 15, 17, 24, 26, 30)
(11, 15, 18, 23, 26, 30)
(11, 15, 19, 22, 26, 30)
(11, 15, 20, 21, 26, 30)
(11, 16, 17, 24, 25, 30)
(11, 16, 18, 23, 25, 30)
(11, 16, 19, 22, 25, 30)
(11, 16, 20, 21, 25, 30)
(11, 17, 18, 23, 24, 30)
(11, 17, 19, 22, 24, 30)
(11, 17, 20, 21, 24, 30)
(11, 18, 19, 22, 23, 30)
(11, 18, 20, 21, 23, 30)
(11, 19, 20, 21, 22, 30)
(12, 13, 14, 27, 28, 29)
(12, 13, 15, 26, 28, 29)
(12, 13, 16, 25, 28, 29)
(12, 13, 17, 24, 28, 29)
(12, 13, 18, 23, 28, 29)
(12, 13, 19, 22, 28, 29)
(12, 13, 20, 21, 28, 29)
(12, 14, 15, 26, 27, 29)
(12, 14, 16, 25, 27, 29)
(12, 14, 17, 24, 27, 29)
(12, 14, 18, 23, 27, 29)
(12, 14, 19, 22, 27, 29)
(12, 14, 20, 21, 27, 29)
(12, 15, 16, 25, 26, 29)
(12, 15, 17, 24, 26, 29)
(12, 15, 18, 23, 26, 29)
(12, 15, 19, 22, 26, 29)
(12, 15, 20, 21, 26, 29)
(12, 16, 17, 24, 25, 29)
(12, 16, 18, 23, 25, 29)
(12, 16, 19, 22, 25, 29)
(12, 16, 20, 21, 25, 29)
(12, 17, 18, 23, 24, 29)
(12, 17, 19, 22, 24, 29)
(12, 17, 20, 21, 24, 29)
(12, 18, 19, 22, 23, 29)
(12, 18, 20, 21, 23, 29)
(12, 19, 20, 21, 22, 29)
(13, 14, 15, 26, 27, 28)
(13, 14, 16, 25, 27, 28)
(13, 14, 17, 24, 27, 28)
(13, 14, 18, 23, 27, 28)
(13, 14, 19, 22, 27, 28)
(13, 14, 20, 21, 27, 28)
(13, 15, 16, 25, 26, 28)
(13, 15, 17, 24, 26, 28)
(13, 15, 18, 23, 26, 28)
(13, 15, 19, 22, 26, 28)
(13, 15, 20, 21, 26, 28)
(13, 16, 17, 24, 25, 28)
(13, 16, 18, 23, 25, 28)
(13, 16, 19, 22, 25, 28)
(13, 16, 20, 21, 25, 28)
(13, 17, 18, 23, 24, 28)
(13, 17, 19, 22, 24, 28)
(13, 17, 20, 21, 24, 28)
(13, 18, 19, 22, 23, 28)
(13, 18, 20, 21, 23, 28)
(13, 19, 20, 21, 22, 28)
(14, 15, 16, 25, 26, 27)
(14, 15, 17, 24, 26, 27)
(14, 15, 18, 23, 26, 27)
(14, 15, 19, 22, 26, 27)
(14, 15, 20, 21, 26, 27)
(14, 16, 17, 24, 25, 27)
(14, 16, 18, 23, 25, 27)
(14, 16, 19, 22, 25, 27)
(14, 16, 20, 21, 25, 27)
(14, 17, 18, 23, 24, 27)
(14, 17, 19, 22, 24, 27)
(14, 17, 20, 21, 24, 27)
(14, 18, 19, 22, 23, 27)
(14, 18, 20, 21, 23, 27)
(14, 19, 20, 21, 22, 27)
(15, 16, 17, 24, 25, 26)
(15, 16, 18, 23, 25, 26)
(15, 16, 19, 22, 25, 26)
(15, 16, 20, 21, 25, 26)
(15, 17, 18, 23, 24, 26)
(15, 17, 19, 22, 24, 26)
(15, 17, 20, 21, 24, 26)
(15, 18, 19, 22, 23, 26)
(15, 18, 20, 21, 23, 26)
(15, 19, 20, 21, 22, 26)
(16, 17, 18, 23, 24, 25)
(16, 17, 19, 22, 24, 25)
(16, 17, 20, 21, 24, 25)
(16, 18, 19, 22, 23, 25)
(16, 18, 20, 21, 23, 25)
(16, 19, 20, 21, 22, 25)
(17, 18, 19, 22, 23, 24)
(17, 18, 20, 21, 23, 24)
(17, 19, 20, 21, 22, 24)
(18, 19, 20, 21, 22, 23)
}

Print all_are_pairs (contains 1140 tuples): {
(7, 11, 14, 27, 30, 34)
(5, 10, 13, 28, 31, 36)
(5, 12, 15, 26, 29, 36)
(10, 11, 16, 25, 30, 31)
(10, 13, 15, 26, 28, 31)
(7, 13, 15, 26, 28, 34)
(3, 6, 8, 33, 35, 38)
(8, 9, 11, 30, 32, 33)
(3, 14, 16, 25, 27, 38)
(5, 6, 16, 25, 35, 36)
(3, 8, 17, 24, 33, 38)
(16, 18, 20, 21, 23, 25)
(7, 8, 14, 27, 33, 34)
(1, 2, 15, 26, 39, 40)
(8, 9, 15, 26, 32, 33)
(5, 13, 18, 23, 28, 36)
(8, 12, 20, 21, 29, 33)
(13, 16, 20, 21, 25, 28)
(10, 13, 17, 24, 28, 31)
(2, 3, 6, 35, 38, 39)
(2, 11, 12, 29, 30, 39)
(4, 10, 12, 29, 31, 37)
(2, 4, 19, 22, 37, 39)
(2, 13, 15, 26, 28, 39)
(1, 17, 20, 21, 24, 40)
(4, 7, 20, 21, 34, 37)
(7, 9, 18, 23, 32, 34)
(8, 12, 13, 28, 29, 33)
(10, 12, 13, 28, 29, 31)
(3, 15, 19, 22, 26, 38)
(4, 12, 17, 24, 29, 37)
(10, 15, 20, 21, 26, 31)
(14, 15, 18, 23, 26, 27)
(7, 12, 15, 26, 29, 34)
(2, 10, 20, 21, 31, 39)
(6, 8, 13, 28, 33, 35)
(6, 16, 20, 21, 25, 35)
(5, 8, 20, 21, 33, 36)
(7, 9, 13, 28, 32, 34)
(8, 19, 20, 21, 22, 33)
(4, 7, 11, 30, 34, 37)
(4, 14, 15, 26, 27, 37)
(7, 10, 11, 30, 31, 34)
(4, 5, 9, 32, 36, 37)
(4, 6, 20, 21, 35, 37)
(4, 13, 18, 23, 28, 37)
(8, 9, 13, 28, 32, 33)
(6, 13, 17, 24, 28, 35)
(1, 12, 14, 27, 29, 40)
(6, 10, 14, 27, 31, 35)
(1, 6, 8, 33, 35, 40)
(10, 13, 18, 23, 28, 31)
(10, 16, 18, 23, 25, 31)
(1, 7, 19, 22, 34, 40)
(4, 16, 18, 23, 25, 37)
(2, 6, 19, 22, 35, 39)
(1, 10, 11, 30, 31, 40)
(2, 4, 11, 30, 37, 39)
(3, 5, 10, 31, 36, 38)
(1, 3, 6, 35, 38, 40)
(8, 11, 17, 24, 30, 33)
(1, 2, 16, 25, 39, 40)
(1, 2, 18, 23, 39, 40)
(10, 15, 17, 24, 26, 31)
(5, 13, 19, 22, 28, 36)
(7, 19, 20, 21, 22, 34)
(2, 5, 17, 24, 36, 39)
(3, 11, 13, 28, 30, 38)
(1, 11, 18, 23, 30, 40)
(3, 13, 18, 23, 28, 38)
(9, 16, 17, 24, 25, 32)
(2, 4, 20, 21, 37, 39)
(2, 5, 18, 23, 36, 39)
(4, 16, 17, 24, 25, 37)
(1, 9, 19, 22, 32, 40)
(14, 15, 17, 24, 26, 27)
(5, 17, 19, 22, 24, 36)
(3, 14, 18, 23, 27, 38)
(3, 6, 20, 21, 35, 38)
(3, 6, 15, 26, 35, 38)
(7, 13, 18, 23, 28, 34)
(13, 15, 17, 24, 26, 28)
(5, 16, 20, 21, 25, 36)
(4, 9, 12, 29, 32, 37)
(5, 13, 15, 26, 28, 36)
(8, 9, 10, 31, 32, 33)
(14, 19, 20, 21, 22, 27)
(2, 3, 14, 27, 38, 39)
(6, 15, 17, 24, 26, 35)
(1, 17, 18, 23, 24, 40)
(1, 13, 16, 25, 28, 40)
(15, 19, 20, 21, 22, 26)
(1, 6, 15, 26, 35, 40)
(4, 12, 19, 22, 29, 37)
(9, 12, 14, 27, 29, 32)
(9, 16, 20, 21, 25, 32)
(1, 11, 20, 21, 30, 40)
(1, 16, 17, 24, 25, 40)
(4, 8, 14, 27, 33, 37)
(12, 19, 20, 21, 22, 29)
(8, 10, 20, 21, 31, 33)
(8, 9, 17, 24, 32, 33)
(3, 9, 19, 22, 32, 38)
(9, 13, 18, 23, 28, 32)
(6, 7, 11, 30, 34, 35)
(7, 18, 19, 22, 23, 34)
(8, 9, 19, 22, 32, 33)
(9, 13, 15, 26, 28, 32)
(11, 13, 14, 27, 28, 30)
(5, 17, 18, 23, 24, 36)
(1, 4, 7, 34, 37, 40)
(4, 14, 16, 25, 27, 37)
(3, 16, 19, 22, 25, 38)
(6, 14, 18, 23, 27, 35)
(3, 4, 9, 32, 37, 38)
(2, 6, 12, 29, 35, 39)
(3, 5, 7, 34, 36, 38)
(2, 6, 15, 26, 35, 39)
(7, 9, 20, 21, 32, 34)
(12, 14, 17, 24, 27, 29)
(2, 13, 17, 24, 28, 39)
(5, 7, 10, 31, 34, 36)
(6, 7, 9, 32, 34, 35)
(4, 12, 16, 25, 29, 37)
(3, 9, 13, 28, 32, 38)
(5, 16, 19, 22, 25, 36)
(1, 10, 13, 28, 31, 40)
(4, 10, 14, 27, 31, 37)
(7, 15, 16, 25, 26, 34)
(2, 14, 19, 22, 27, 39)
(7, 12, 16, 25, 29, 34)
(5, 7, 14, 27, 34, 36)
(8, 10, 17, 24, 31, 33)
(4, 12, 18, 23, 29, 37)
(3, 7, 16, 25, 34, 38)
(6, 11, 18, 23, 30, 35)
(4, 10, 18, 23, 31, 37)
(5, 9, 13, 28, 32, 36)
(7, 9, 14, 27, 32, 34)
(1, 10, 18, 23, 31, 40)
(1, 14, 17, 24, 27, 40)
(6, 14, 19, 22, 27, 35)
(7, 9, 17, 24, 32, 34)
(2, 6, 18, 23, 35, 39)
(16, 17, 19, 22, 24, 25)
(4, 7, 10, 31, 34, 37)
(12, 16, 18, 23, 25, 29)
(5, 6, 15, 26, 35, 36)
(9, 10, 15, 26, 31, 32)
(8, 14, 20, 21, 27, 33)
(8, 18, 20, 21, 23, 33)
(3, 8, 18, 23, 33, 38)
(12, 15, 19, 22, 26, 29)
(2, 5, 6, 35, 36, 39)
(6, 9, 10, 31, 32, 35)
(2, 5, 12, 29, 36, 39)
(4, 11, 20, 21, 30, 37)
(3, 6, 9, 32, 35, 38)
(2, 3, 7, 34, 38, 39)
(3, 11, 16, 25, 30, 38)
(1, 6, 10, 31, 35, 40)
(2, 7, 9, 32, 34, 39)
(5, 11, 18, 23, 30, 36)
(7, 12, 20, 21, 29, 34)
(1, 6, 16, 25, 35, 40)
(7, 16, 17, 24, 25, 34)
(7, 13, 14, 27, 28, 34)
(10, 16, 17, 24, 25, 31)
(4, 6, 7, 34, 35, 37)
(2, 7, 12, 29, 34, 39)
(2, 5, 15, 26, 36, 39)
(11, 15, 18, 23, 26, 30)
(17, 18, 19, 22, 23, 24)
(9, 15, 19, 22, 26, 32)
(12, 14, 16, 25, 27, 29)
(6, 9, 11, 30, 32, 35)
(6, 8, 20, 21, 33, 35)
(3, 15, 17, 24, 26, 38)
(1, 15, 19, 22, 26, 40)
(4, 6, 10, 31, 35, 37)
(4, 8, 19, 22, 33, 37)
(12, 18, 19, 22, 23, 29)
(1, 7, 12, 29, 34, 40)
(3, 13, 16, 25, 28, 38)
(12, 16, 19, 22, 25, 29)
(2, 8, 16, 25, 33, 39)
(5, 14, 20, 21, 27, 36)
(4, 6, 19, 22, 35, 37)
(2, 17, 20, 21, 24, 39)
(8, 11, 13, 28, 30, 33)
(1, 6, 11, 30, 35, 40)
(2, 9, 19, 22, 32, 39)
(7, 8, 18, 23, 33, 34)
(4, 14, 20, 21, 27, 37)
(4, 6, 15, 26, 35, 37)
(4, 10, 20, 21, 31, 37)
(2, 11, 15, 26, 30, 39)
(1, 3, 14, 27, 38, 40)
(4, 9, 16, 25, 32, 37)
(9, 16, 19, 22, 25, 32)
(12, 13, 14, 27, 28, 29)
(11, 16, 18, 23, 25, 30)
(4, 8, 10, 31, 33, 37)
(1, 3, 17, 24, 38, 40)
(5, 9, 19, 22, 32, 36)
(7, 9, 12, 29, 32, 34)
(9, 11, 17, 24, 30, 32)
(2, 13, 14, 27, 28, 39)
(15, 16, 19, 22, 25, 26)
(3, 4, 11, 30, 37, 38)
(6, 8, 10, 31, 33, 35)
(9, 11, 12, 29, 30, 32)
(1, 12, 20, 21, 29, 40)
(6, 10, 11, 30, 31, 35)
(4, 11, 19, 22, 30, 37)
(6, 15, 18, 23, 26, 35)
(7, 14, 19, 22, 27, 34)
(16, 19, 20, 21, 22, 25)
(4, 10, 13, 28, 31, 37)
(4, 10, 17, 24, 31, 37)
(1, 10, 16, 25, 31, 40)
(1, 13, 15, 26, 28, 40)
(1, 18, 19, 22, 23, 40)
(11, 19, 20, 21, 22, 30)
(1, 5, 18, 23, 36, 40)
(12, 13, 15, 26, 28, 29)
(15, 16, 20, 21, 25, 26)
(11, 12, 15, 26, 29, 30)
(6, 11, 15, 26, 30, 35)
(11, 14, 19, 22, 27, 30)
(1, 2, 14, 27, 39, 40)
(1, 16, 18, 23, 25, 40)
(2, 9, 12, 29, 32, 39)
(3, 11, 14, 27, 30, 38)
(12, 14, 19, 22, 27, 29)
(1, 4, 19, 22, 37, 40)
(3, 15, 16, 25, 26, 38)
(1, 8, 13, 28, 33, 40)
(10, 17, 20, 21, 24, 31)
(3, 13, 17, 24, 28, 38)
(9, 14, 15, 26, 27, 32)
(1, 10, 14, 27, 31, 40)
(6, 8, 9, 32, 33, 35)
(1, 6, 12, 29, 35, 40)
(8, 14, 16, 25, 27, 33)
(3, 9, 12, 29, 32, 38)
(3, 9, 15, 26, 32, 38)
(4, 9, 19, 22, 32, 37)
(11, 12, 16, 25, 29, 30)
(9, 17, 19, 22, 24, 32)
(16, 18, 19, 22, 23, 25)
(5, 8, 16, 25, 33, 36)
(10, 11, 12, 29, 30, 31)
(2, 7, 19, 22, 34, 39)
(14, 17, 20, 21, 24, 27)
(5, 6, 8, 33, 35, 36)
(1, 10, 15, 26, 31, 40)
(1, 8, 17, 24, 33, 40)
(12, 17, 18, 23, 24, 29)
(5, 7, 20, 21, 34, 36)
(16, 17, 20, 21, 24, 25)
(3, 4, 14, 27, 37, 38)
(1, 7, 17, 24, 34, 40)
(6, 11, 19, 22, 30, 35)
(15, 17, 19, 22, 24, 26)
(4, 10, 15, 26, 31, 37)
(1, 2, 8, 33, 39, 40)
(3, 7, 15, 26, 34, 38)
(3, 6, 11, 30, 35, 38)
(2, 14, 16, 25, 27, 39)
(8, 11, 14, 27, 30, 33)
(2, 8, 18, 23, 33, 39)
(2, 9, 13, 28, 32, 39)
(13, 14, 16, 25, 27, 28)
(3, 6, 13, 28, 35, 38)
(2, 6, 7, 34, 35, 39)
(5, 8, 12, 29, 33, 36)
(13, 16, 17, 24, 25, 28)
(1, 7, 14, 27, 34, 40)
(4, 7, 16, 25, 34, 37)
(10, 18, 20, 21, 23, 31)
(5, 13, 16, 25, 28, 36)
(6, 9, 19, 22, 32, 35)
(5, 7, 9, 32, 34, 36)
(15, 16, 18, 23, 25, 26)
(7, 10, 12, 29, 31, 34)
(1, 5, 10, 31, 36, 40)
(8, 10, 12, 29, 31, 33)
(11, 12, 17, 24, 29, 30)
(2, 9, 17, 24, 32, 39)
(3, 11, 19, 22, 30, 38)
(2, 11, 16, 25, 30, 39)
(9, 16, 18, 23, 25, 32)
(3, 4, 10, 31, 37, 38)
(14, 16, 18, 23, 25, 27)
(2, 14, 15, 26, 27, 39)
(12, 17, 20, 21, 24, 29)
(2, 15, 17, 24, 26, 39)
(4, 17, 18, 23, 24, 37)
(5, 11, 12, 29, 30, 36)
(12, 13, 19, 22, 28, 29)
(8, 13, 19, 22, 28, 33)
(4, 7, 18, 23, 34, 37)
(5, 6, 19, 22, 35, 36)
(8, 10, 19, 22, 31, 33)
(7, 8, 11, 30, 33, 34)
(8, 11, 20, 21, 30, 33)
(11, 13, 17, 24, 28, 30)
(4, 6, 14, 27, 35, 37)
(7, 11, 19, 22, 30, 34)
(3, 8, 12, 29, 33, 38)
(1, 3, 19, 22, 38, 40)
(11, 16, 20, 21, 25, 30)
(1, 11, 17, 24, 30, 40)
(5, 16, 18, 23, 25, 36)
(13, 14, 17, 24, 27, 28)
(14, 16, 20, 21, 25, 27)
(9, 12, 13, 28, 29, 32)
(2, 4, 17, 24, 37, 39)
(12, 13, 16, 25, 28, 29)
(4, 10, 16, 25, 31, 37)
(3, 17, 20, 21, 24, 38)
(5, 12, 19, 22, 29, 36)
(7, 8, 19, 22, 33, 34)
(3, 11, 20, 21, 30, 38)
(8, 10, 16, 25, 31, 33)
(10, 15, 19, 22, 26, 31)
(5, 6, 13, 28, 35, 36)
(3, 4, 8, 33, 37, 38)
(2, 6, 20, 21, 35, 39)
(7, 12, 18, 23, 29, 34)
(3, 4, 19, 22, 37, 38)
(7, 15, 18, 23, 26, 34)
(5, 10, 12, 29, 31, 36)
(3, 6, 17, 24, 35, 38)
(2, 9, 14, 27, 32, 39)
(11, 15, 19, 22, 26, 30)
(1, 9, 14, 27, 32, 40)
(11, 12, 18, 23, 29, 30)
(2, 8, 17, 24, 33, 39)
(3, 14, 17, 24, 27, 38)
(5, 10, 14, 27, 31, 36)
(8, 10, 18, 23, 31, 33)
(10, 17, 19, 22, 24, 31)
(1, 3, 12, 29, 38, 40)
(13, 19, 20, 21, 22, 28)
(1, 3, 10, 31, 38, 40)
(13, 17, 19, 22, 24, 28)
(1, 2, 20, 21, 39, 40)
(1, 12, 13, 28, 29, 40)
(11, 12, 14, 27, 29, 30)
(1, 5, 14, 27, 36, 40)
(6, 8, 19, 22, 33, 35)
(4, 17, 20, 21, 24, 37)
(9, 12, 15, 26, 29, 32)
(4, 6, 11, 30, 35, 37)
(7, 12, 17, 24, 29, 34)
(12, 13, 17, 24, 28, 29)
(2, 8, 15, 26, 33, 39)
(2, 8, 11, 30, 33, 39)
(6, 7, 20, 21, 34, 35)
(4, 16, 19, 22, 25, 37)
(1, 3, 9, 32, 38, 40)
(2, 12, 15, 26, 29, 39)
(2, 16, 20, 21, 25, 39)
(8, 12, 19, 22, 29, 33)
(7, 15, 19, 22, 26, 34)
(1, 7, 8, 33, 34, 40)
(14, 18, 20, 21, 23, 27)
(2, 4, 7, 34, 37, 39)
(5, 6, 7, 34, 35, 36)
(6, 15, 16, 25, 26, 35)
(13, 14, 20, 21, 27, 28)
(7, 10, 16, 25, 31, 34)
(3, 5, 14, 27, 36, 38)
(10, 19, 20, 21, 22, 31)
(9, 13, 14, 27, 28, 32)
(5, 8, 17, 24, 33, 36)
(8, 14, 19, 22, 27, 33)
(11, 15, 17, 24, 26, 30)
(4, 8, 11, 30, 33, 37)
(6, 16, 19, 22, 25, 35)
(5, 10, 16, 25, 31, 36)
(14, 17, 19, 22, 24, 27)
(6, 11, 20, 21, 30, 35)
(1, 4, 10, 31, 37, 40)
(3, 11, 12, 29, 30, 38)
(6, 11, 14, 27, 30, 35)
(8, 11, 16, 25, 30, 33)
(10, 12, 19, 22, 29, 31)
(4, 11, 13, 28, 30, 37)
(2, 3, 8, 33, 38, 39)
(3, 12, 17, 24, 29, 38)
(8, 17, 20, 21, 24, 33)
(9, 15, 20, 21, 26, 32)
(1, 9, 16, 25, 32, 40)
(3, 9, 11, 30, 32, 38)
(3, 10, 19, 22, 31, 38)
(8, 11, 18, 23, 30, 33)
(1, 8, 9, 32, 33, 40)
(3, 12, 15, 26, 29, 38)
(4, 9, 18, 23, 32, 37)
(5, 12, 20, 21, 29, 36)
(8, 13, 15, 26, 28, 33)
(1, 6, 20, 21, 35, 40)
(2, 10, 15, 26, 31, 39)
(4, 6, 9, 32, 35, 37)
(6, 10, 16, 25, 31, 35)
(2, 10, 17, 24, 31, 39)
(7, 13, 19, 22, 28, 34)
(7, 15, 20, 21, 26, 34)
(5, 7, 16, 25, 34, 36)
(11, 17, 20, 21, 24, 30)
(2, 19, 20, 21, 22, 39)
(10, 12, 20, 21, 29, 31)
(11, 13, 16, 25, 28, 30)
(3, 6, 7, 34, 35, 38)
(3, 5, 16, 25, 36, 38)
(6, 12, 19, 22, 29, 35)
(2, 11, 13, 28, 30, 39)
(2, 5, 14, 27, 36, 39)
(5, 6, 18, 23, 35, 36)
(2, 11, 18, 23, 30, 39)
(1, 4, 12, 29, 37, 40)
(4, 5, 15, 26, 36, 37)
(14, 16, 17, 24, 25, 27)
(4, 5, 17, 24, 36, 37)
(6, 15, 19, 22, 26, 35)
(6, 13, 15, 26, 28, 35)
(13, 15, 16, 25, 26, 28)
(7, 14, 18, 23, 27, 34)
(3, 15, 18, 23, 26, 38)
(3, 6, 18, 23, 35, 38)
(5, 6, 20, 21, 35, 36)
(6, 9, 15, 26, 32, 35)
(12, 14, 18, 23, 27, 29)
(3, 4, 17, 24, 37, 38)
(4, 17, 19, 22, 24, 37)
(6, 10, 18, 23, 31, 35)
(1, 5, 9, 32, 36, 40)
(1, 12, 19, 22, 29, 40)
(9, 12, 17, 24, 29, 32)
(1, 2, 5, 36, 39, 40)
(3, 10, 14, 27, 31, 38)
(6, 9, 13, 28, 32, 35)
(8, 10, 11, 30, 31, 33)
(8, 13, 20, 21, 28, 33)
(4, 14, 17, 24, 27, 37)
(7, 10, 17, 24, 31, 34)
(11, 17, 19, 22, 24, 30)
(3, 7, 11, 30, 34, 38)
(2, 13, 16, 25, 28, 39)
(3, 7, 19, 22, 34, 38)
(11, 16, 19, 22, 25, 30)
(3, 14, 15, 26, 27, 38)
(6, 10, 15, 26, 31, 35)
(10, 12, 17, 24, 29, 31)
(1, 11, 15, 26, 30, 40)
(7, 8, 9, 32, 33, 34)
(8, 9, 14, 27, 32, 33)
(5, 11, 20, 21, 30, 36)
(7, 11, 20, 21, 30, 34)
(5, 8, 14, 27, 33, 36)
(6, 8, 11, 30, 33, 35)
(9, 11, 20, 21, 30, 32)
(1, 6, 19, 22, 35, 40)
(7, 8, 13, 28, 33, 34)
(3, 7, 18, 23, 34, 38)
(3, 9, 17, 24, 32, 38)
(9, 15, 18, 23, 26, 32)
(2, 3, 11, 30, 38, 39)
(7, 15, 17, 24, 26, 34)
(4, 8, 20, 21, 33, 37)
(4, 7, 9, 32, 34, 37)
(2, 6, 8, 33, 35, 39)
(5, 12, 16, 25, 29, 36)
(4, 5, 18, 23, 36, 37)
(2, 7, 17, 24, 34, 39)
(3, 4, 12, 29, 37, 38)
(11, 13, 15, 26, 28, 30)
(9, 12, 19, 22, 29, 32)
(1, 9, 13, 28, 32, 40)
(3, 7, 12, 29, 34, 38)
(5, 7, 8, 33, 34, 36)
(2, 16, 18, 23, 25, 39)
(3, 6, 19, 22, 35, 38)
(1, 7, 18, 23, 34, 40)
(3, 5, 12, 29, 36, 38)
(1, 9, 11, 30, 32, 40)
(4, 5, 16, 25, 36, 37)
(7, 12, 19, 22, 29, 34)
(2, 3, 17, 24, 38, 39)
(10, 13, 14, 27, 28, 31)
(2, 10, 13, 28, 31, 39)
(3, 11, 15, 26, 30, 38)
(7, 14, 16, 25, 27, 34)
(8, 15, 17, 24, 26, 33)
(12, 14, 20, 21, 27, 29)
(6, 8, 18, 23, 33, 35)
(2, 3, 15, 26, 38, 39)
(3, 10, 12, 29, 31, 38)
(7, 9, 16, 25, 32, 34)
(10, 16, 20, 21, 25, 31)
(4, 10, 19, 22, 31, 37)
(3, 16, 17, 24, 25, 38)
(18, 19, 20, 21, 22, 23)
(1, 8, 12, 29, 33, 40)
(1, 4, 18, 23, 37, 40)
(13, 17, 20, 21, 24, 28)
(2, 3, 13, 28, 38, 39)
(5, 10, 20, 21, 31, 36)
(12, 14, 15, 26, 27, 29)
(6, 14, 15, 26, 27, 35)
(2, 7, 8, 33, 34, 39)
(4, 11, 17, 24, 30, 37)
(8, 9, 16, 25, 32, 33)
(1, 12, 16, 25, 29, 40)
(4, 11, 18, 23, 30, 37)
(2, 4, 16, 25, 37, 39)
(4, 5, 11, 30, 36, 37)
(4, 9, 20, 21, 32, 37)
(6, 17, 19, 22, 24, 35)
(1, 4, 5, 36, 37, 40)
(2, 10, 12, 29, 31, 39)
(11, 12, 13, 28, 29, 30)
(4, 7, 19, 22, 34, 37)
(8, 9, 12, 29, 32, 33)
(9, 10, 20, 21, 31, 32)
(2, 12, 14, 27, 29, 39)
(5, 14, 16, 25, 27, 36)
(3, 4, 16, 25, 37, 38)
(9, 13, 20, 21, 28, 32)
(3, 5, 19, 22, 36, 38)
(5, 15, 20, 21, 26, 36)
(1, 2, 11, 30, 39, 40)
(8, 16, 17, 24, 25, 33)
(1, 5, 19, 22, 36, 40)
(2, 4, 18, 23, 37, 39)
(5, 8, 15, 26, 33, 36)
(1, 11, 14, 27, 30, 40)
(5, 8, 13, 28, 33, 36)
(8, 12, 14, 27, 29, 33)
(3, 4, 13, 28, 37, 38)
(1, 2, 6, 35, 39, 40)
(9, 13, 19, 22, 28, 32)
(4, 7, 8, 33, 34, 37)
(2, 5, 20, 21, 36, 39)
(6, 11, 12, 29, 30, 35)
(1, 4, 9, 32, 37, 40)
(2, 13, 18, 23, 28, 39)
(7, 11, 17, 24, 30, 34)
(4, 15, 16, 25, 26, 37)
(2, 11, 19, 22, 30, 39)
(10, 18, 19, 22, 23, 31)
(3, 13, 15, 26, 28, 38)
(2, 8, 19, 22, 33, 39)
(5, 9, 17, 24, 32, 36)
(4, 5, 10, 31, 36, 37)
(3, 12, 19, 22, 29, 38)
(10, 11, 18, 23, 30, 31)
(1, 14, 20, 21, 27, 40)
(2, 16, 19, 22, 25, 39)
(2, 12, 16, 25, 29, 39)
(7, 16, 19, 22, 25, 34)
(10, 12, 14, 27, 29, 31)
(7, 11, 13, 28, 30, 34)
(3, 5, 9, 32, 36, 38)
(6, 11, 17, 24, 30, 35)
(1, 3, 13, 28, 38, 40)
(6, 10, 19, 22, 31, 35)
(6, 13, 18, 23, 28, 35)
(6, 13, 20, 21, 28, 35)
(2, 4, 14, 27, 37, 39)
(4, 14, 18, 23, 27, 37)
(5, 7, 17, 24, 34, 36)
(6, 9, 17, 24, 32, 35)
(4, 7, 15, 26, 34, 37)
(4, 7, 12, 29, 34, 37)
(5, 6, 9, 32, 35, 36)
(3, 5, 20, 21, 36, 38)
(5, 10, 17, 24, 31, 36)
(2, 14, 18, 23, 27, 39)
(2, 9, 10, 31, 32, 39)
(5, 6, 17, 24, 35, 36)
(7, 17, 19, 22, 24, 34)
(3, 4, 18, 23, 37, 38)
(5, 13, 20, 21, 28, 36)
(2, 14, 17, 24, 27, 39)
(1, 19, 20, 21, 22, 40)
(11, 14, 15, 26, 27, 30)
(6, 7, 12, 29, 34, 35)
(6, 7, 10, 31, 34, 35)
(3, 8, 10, 31, 33, 38)
(4, 15, 18, 23, 26, 37)
(6, 10, 20, 21, 31, 35)
(1, 5, 13, 28, 36, 40)
(5, 10, 19, 22, 31, 36)
(12, 15, 17, 24, 26, 29)
(1, 6, 17, 24, 35, 40)
(1, 14, 15, 26, 27, 40)
(8, 17, 19, 22, 24, 33)
(1, 18, 20, 21, 23, 40)
(1, 11, 16, 25, 30, 40)
(1, 13, 17, 24, 28, 40)
(1, 7, 11, 30, 34, 40)
(8, 11, 12, 29, 30, 33)
(1, 14, 16, 25, 27, 40)
(2, 15, 19, 22, 26, 39)
(5, 9, 12, 29, 32, 36)
(10, 13, 16, 25, 28, 31)
(6, 9, 12, 29, 32, 35)
(1, 14, 18, 23, 27, 40)
(3, 9, 18, 23, 32, 38)
(4, 8, 18, 23, 33, 37)
(4, 5, 12, 29, 36, 37)
(1, 4, 11, 30, 37, 40)
(4, 6, 12, 29, 35, 37)
(1, 4, 8, 33, 37, 40)
(2, 17, 19, 22, 24, 39)
(9, 10, 14, 27, 31, 32)
(14, 15, 19, 22, 26, 27)
(2, 18, 19, 22, 23, 39)
(4, 9, 10, 31, 32, 37)
(3, 10, 13, 28, 31, 38)
(6, 13, 19, 22, 28, 35)
(2, 5, 8, 33, 36, 39)
(4, 5, 14, 27, 36, 37)
(3, 5, 13, 28, 36, 38)
(2, 3, 12, 29, 38, 39)
(3, 15, 20, 21, 26, 38)
(11, 16, 17, 24, 25, 30)
(4, 8, 9, 32, 33, 37)
(7, 11, 16, 25, 30, 34)
(6, 12, 15, 26, 29, 35)
(3, 14, 20, 21, 27, 38)
(3, 4, 15, 26, 37, 38)
(6, 9, 18, 23, 32, 35)
(13, 15, 18, 23, 26, 28)
(4, 9, 11, 30, 32, 37)
(3, 9, 16, 25, 32, 38)
(9, 15, 16, 25, 26, 32)
(6, 14, 17, 24, 27, 35)
(7, 9, 15, 26, 32, 34)
(1, 10, 19, 22, 31, 40)
(4, 6, 8, 33, 35, 37)
(5, 15, 16, 25, 26, 36)
(4, 6, 13, 28, 35, 37)
(4, 11, 14, 27, 30, 37)
(5, 14, 18, 23, 27, 36)
(5, 7, 11, 30, 34, 36)
(8, 12, 18, 23, 29, 33)
(3, 12, 16, 25, 29, 38)
(2, 16, 17, 24, 25, 39)
(9, 10, 18, 23, 31, 32)
(3, 16, 20, 21, 25, 38)
(9, 11, 16, 25, 30, 32)
(9, 13, 17, 24, 28, 32)
(1, 2, 4, 37, 39, 40)
(9, 17, 20, 21, 24, 32)
(5, 15, 19, 22, 26, 36)
(1, 2, 7, 34, 39, 40)
(10, 11, 17, 24, 30, 31)
(13, 18, 19, 22, 23, 28)
(5, 7, 18, 23, 34, 36)
(8, 11, 19, 22, 30, 33)
(6, 7, 18, 23, 34, 35)
(17, 18, 20, 21, 23, 24)
(12, 16, 17, 24, 25, 29)
(3, 7, 20, 21, 34, 38)
(8, 13, 16, 25, 28, 33)
(8, 14, 17, 24, 27, 33)
(7, 14, 20, 21, 27, 34)
(1, 5, 16, 25, 36, 40)
(9, 11, 13, 28, 30, 32)
(4, 10, 11, 30, 31, 37)
(10, 14, 19, 22, 27, 31)
(12, 13, 18, 23, 28, 29)
(6, 14, 20, 21, 27, 35)
(5, 9, 11, 30, 32, 36)
(4, 13, 15, 26, 28, 37)
(2, 5, 16, 25, 36, 39)
(1, 16, 20, 21, 25, 40)
(7, 10, 14, 27, 31, 34)
(11, 14, 20, 21, 27, 30)
(1, 10, 12, 29, 31, 40)
(1, 7, 20, 21, 34, 40)
(1, 3, 5, 36, 38, 40)
(3, 14, 19, 22, 27, 38)
(1, 13, 20, 21, 28, 40)
(9, 10, 19, 22, 31, 32)
(4, 11, 16, 25, 30, 37)
(5, 6, 11, 30, 35, 36)
(6, 9, 14, 27, 32, 35)
(7, 17, 18, 23, 24, 34)
(4, 12, 20, 21, 29, 37)
(13, 14, 18, 23, 27, 28)
(9, 11, 14, 27, 30, 32)
(2, 9, 18, 23, 32, 39)
(5, 8, 11, 30, 33, 36)
(6, 12, 17, 24, 29, 35)
(2, 6, 14, 27, 35, 39)
(1, 13, 14, 27, 28, 40)
(2, 12, 18, 23, 29, 39)
(1, 8, 15, 26, 33, 40)
(1, 13, 18, 23, 28, 40)
(2, 11, 14, 27, 30, 39)
(1, 5, 8, 33, 36, 40)
(1, 5, 12, 29, 36, 40)
(4, 15, 20, 21, 26, 37)
(3, 4, 6, 35, 37, 38)
(7, 12, 14, 27, 29, 34)
(4, 9, 17, 24, 32, 37)
(8, 12, 15, 26, 29, 33)
(4, 8, 17, 24, 33, 37)
(6, 19, 20, 21, 22, 35)
(1, 8, 10, 31, 33, 40)
(1, 11, 19, 22, 30, 40)
(9, 14, 17, 24, 27, 32)
(10, 11, 15, 26, 30, 31)
(1, 2, 10, 31, 39, 40)
(1, 4, 15, 26, 37, 40)
(2, 9, 15, 26, 32, 39)
(10, 15, 16, 25, 26, 31)
(1, 3, 7, 34, 38, 40)
(5, 12, 18, 23, 29, 36)
(9, 10, 17, 24, 31, 32)
(9, 18, 19, 22, 23, 32)
(11, 14, 18, 23, 27, 30)
(1, 3, 20, 21, 38, 40)
(4, 11, 12, 29, 30, 37)
(5, 9, 15, 26, 32, 36)
(7, 10, 18, 23, 31, 34)
(2, 13, 20, 21, 28, 39)
(5, 14, 19, 22, 27, 36)
(7, 13, 20, 21, 28, 34)
(7, 16, 20, 21, 25, 34)
(11, 13, 19, 22, 28, 30)
(4, 8, 16, 25, 33, 37)
(6, 12, 20, 21, 29, 35)
(3, 9, 20, 21, 32, 38)
(5, 8, 18, 23, 33, 36)
(9, 12, 20, 21, 29, 32)
(1, 7, 15, 26, 34, 40)
(1, 4, 13, 28, 37, 40)
(2, 7, 15, 26, 34, 39)
(1, 13, 19, 22, 28, 40)
(9, 14, 20, 21, 27, 32)
(2, 3, 18, 23, 38, 39)
(2, 11, 20, 21, 30, 39)
(2, 12, 13, 28, 29, 39)
(13, 14, 19, 22, 27, 28)
(2, 8, 12, 29, 33, 39)
(5, 9, 16, 25, 32, 36)
(2, 6, 17, 24, 35, 39)
(2, 9, 20, 21, 32, 39)
(4, 13, 14, 27, 28, 37)
(2, 4, 9, 32, 37, 39)
(5, 17, 20, 21, 24, 36)
(7, 18, 20, 21, 23, 34)
(9, 13, 16, 25, 28, 32)
(8, 10, 14, 27, 31, 33)
(1, 14, 19, 22, 27, 40)
(2, 5, 19, 22, 36, 39)
(3, 6, 12, 29, 35, 38)
(10, 14, 15, 26, 27, 31)
(3, 8, 16, 25, 33, 38)
(8, 17, 18, 23, 24, 33)
(5, 12, 17, 24, 29, 36)
(2, 3, 20, 21, 38, 39)
(5, 13, 17, 24, 28, 36)
(5, 9, 14, 27, 32, 36)
(11, 14, 17, 24, 27, 30)
(2, 7, 16, 25, 34, 39)
(3, 7, 9, 32, 34, 38)
(2, 15, 20, 21, 26, 39)
(2, 12, 17, 24, 29, 39)
(1, 6, 13, 28, 35, 40)
(3, 12, 18, 23, 29, 38)
(9, 11, 19, 22, 30, 32)
(3, 5, 17, 24, 36, 38)
(4, 19, 20, 21, 22, 37)
(8, 12, 16, 25, 29, 33)
(2, 18, 20, 21, 23, 39)
(5, 16, 17, 24, 25, 36)
(9, 14, 19, 22, 27, 32)
(2, 8, 14, 27, 33, 39)
(3, 5, 15, 26, 36, 38)
(1, 6, 7, 34, 35, 40)
(4, 13, 17, 24, 28, 37)
(4, 5, 8, 33, 36, 37)
(6, 16, 17, 24, 25, 35)
(8, 9, 20, 21, 32, 33)
(2, 5, 11, 30, 36, 39)
(3, 8, 19, 22, 33, 38)
(9, 12, 18, 23, 29, 32)
(5, 6, 14, 27, 35, 36)
(15, 16, 17, 24, 25, 26)
(1, 3, 16, 25, 38, 40)
(1, 2, 9, 32, 39, 40)
(11, 15, 20, 21, 26, 30)
(7, 8, 12, 29, 33, 34)
(2, 10, 11, 30, 31, 39)
(1, 9, 20, 21, 32, 40)
(5, 13, 14, 27, 28, 36)
(4, 9, 14, 27, 32, 37)
(11, 13, 18, 23, 28, 30)
(5, 7, 12, 29, 34, 36)
(3, 6, 16, 25, 35, 38)
(8, 16, 18, 23, 25, 33)
(5, 8, 10, 31, 33, 36)
(6, 10, 17, 24, 31, 35)
(6, 13, 14, 27, 28, 35)
(3, 8, 9, 32, 33, 38)
(10, 11, 13, 28, 30, 31)
(6, 12, 18, 23, 29, 35)
(5, 11, 15, 26, 30, 36)
(2, 9, 11, 30, 32, 39)
(2, 7, 10, 31, 34, 39)
(10, 11, 19, 22, 30, 31)
(5, 12, 14, 27, 29, 36)
(3, 5, 11, 30, 36, 38)
(2, 8, 13, 28, 33, 39)
(1, 3, 15, 26, 38, 40)
(2, 6, 10, 31, 35, 39)
(7, 9, 11, 30, 32, 34)
(14, 16, 19, 22, 25, 27)
(14, 15, 16, 25, 26, 27)
(1, 4, 17, 24, 37, 40)
(1, 10, 17, 24, 31, 40)
(7, 8, 20, 21, 33, 34)
(11, 17, 18, 23, 24, 30)
(2, 13, 19, 22, 28, 39)
(6, 14, 16, 25, 27, 35)
(1, 3, 11, 30, 38, 40)
(8, 14, 15, 26, 27, 33)
(10, 11, 20, 21, 30, 31)
(8, 13, 14, 27, 28, 33)
(3, 8, 11, 30, 33, 38)
(11, 12, 19, 22, 29, 30)
(9, 11, 18, 23, 30, 32)
(12, 15, 20, 21, 26, 29)
(3, 11, 18, 23, 30, 38)
(1, 6, 14, 27, 35, 40)
(5, 8, 9, 32, 33, 36)
(3, 10, 20, 21, 31, 38)
(4, 9, 15, 26, 32, 37)
(10, 17, 18, 23, 24, 31)
(6, 7, 16, 25, 34, 35)
(4, 18, 20, 21, 23, 37)
(15, 18, 20, 21, 23, 26)
(1, 9, 15, 26, 32, 40)
(2, 7, 18, 23, 34, 39)
(3, 7, 10, 31, 34, 38)
(7, 17, 20, 21, 24, 34)
(1, 7, 10, 31, 34, 40)
(6, 8, 14, 27, 33, 35)
(6, 8, 17, 24, 33, 35)
(5, 11, 17, 24, 30, 36)
(6, 7, 8, 33, 34, 35)
(1, 16, 19, 22, 25, 40)
(9, 17, 18, 23, 24, 32)
(8, 16, 19, 22, 25, 33)
(3, 6, 10, 31, 35, 38)
(1, 9, 17, 24, 32, 40)
(2, 11, 17, 24, 30, 39)
(4, 6, 18, 23, 35, 37)
(2, 4, 13, 28, 37, 39)
(5, 10, 18, 23, 31, 36)
(15, 17, 18, 23, 24, 26)
(3, 9, 14, 27, 32, 38)
(2, 15, 18, 23, 26, 39)
(2, 3, 10, 31, 38, 39)
(3, 13, 14, 27, 28, 38)
(10, 12, 16, 25, 29, 31)
(6, 7, 13, 28, 34, 35)
(6, 7, 19, 22, 34, 35)
(2, 4, 5, 36, 37, 39)
(1, 3, 4, 37, 38, 40)
(3, 5, 8, 33, 36, 38)
(10, 14, 18, 23, 27, 31)
(1, 17, 19, 22, 24, 40)
(9, 15, 17, 24, 26, 32)
(14, 17, 18, 23, 24, 27)
(2, 4, 8, 33, 37, 39)
(3, 12, 20, 21, 29, 38)
(4, 14, 19, 22, 27, 37)
(1, 15, 17, 24, 26, 40)
(6, 12, 14, 27, 29, 35)
(4, 7, 17, 24, 34, 37)
(5, 14, 15, 26, 27, 36)
(3, 17, 19, 22, 24, 38)
(11, 12, 20, 21, 29, 30)
(6, 10, 12, 29, 31, 35)
(2, 9, 16, 25, 32, 39)
(3, 5, 18, 23, 36, 38)
(5, 18, 20, 21, 23, 36)
(2, 17, 18, 23, 24, 39)
(4, 6, 17, 24, 35, 37)
(3, 5, 6, 35, 36, 38)
(8, 9, 18, 23, 32, 33)
(7, 13, 16, 25, 28, 34)
(13, 17, 18, 23, 24, 28)
(3, 7, 17, 24, 34, 38)
(10, 13, 19, 22, 28, 31)
(10, 11, 14, 27, 30, 31)
(5, 9, 20, 21, 32, 36)
(7, 8, 17, 24, 33, 34)
(7, 10, 13, 28, 31, 34)
(2, 3, 4, 37, 38, 39)
(2, 8, 10, 31, 33, 39)
(2, 12, 20, 21, 29, 39)
(9, 10, 16, 25, 31, 32)
(3, 10, 11, 30, 31, 38)
(13, 16, 18, 23, 25, 28)
(4, 18, 19, 22, 23, 37)
(4, 5, 7, 34, 36, 37)
(12, 15, 18, 23, 26, 29)
(2, 4, 10, 31, 37, 39)
(5, 11, 13, 28, 30, 36)
(8, 15, 19, 22, 26, 33)
(6, 10, 13, 28, 31, 35)
(3, 17, 18, 23, 24, 38)
(7, 10, 20, 21, 31, 34)
(7, 14, 15, 26, 27, 34)
(7, 12, 13, 28, 29, 34)
(11, 15, 16, 25, 26, 30)
(2, 8, 9, 32, 33, 39)
(6, 13, 16, 25, 28, 35)
(5, 18, 19, 22, 23, 36)
(11, 14, 16, 25, 27, 30)
(5, 12, 13, 28, 29, 36)
(2, 3, 16, 25, 38, 39)
(4, 8, 12, 29, 33, 37)
(1, 15, 16, 25, 26, 40)
(5, 14, 17, 24, 27, 36)
(4, 8, 13, 28, 33, 37)
(3, 19, 20, 21, 22, 38)
(3, 7, 13, 28, 34, 38)
(7, 10, 15, 26, 31, 34)
(9, 14, 18, 23, 27, 32)
(5, 15, 17, 24, 26, 36)
(6, 8, 15, 26, 33, 35)
(4, 6, 16, 25, 35, 37)
(2, 6, 9, 32, 35, 39)
(1, 15, 18, 23, 26, 40)
(5, 7, 15, 26, 34, 36)
(1, 5, 6, 35, 36, 40)
(1, 5, 7, 34, 36, 40)
(1, 2, 12, 29, 39, 40)
(5, 7, 19, 22, 34, 36)
(2, 5, 13, 28, 36, 39)
(3, 7, 8, 33, 34, 38)
(7, 11, 15, 26, 30, 34)
(2, 5, 9, 32, 36, 39)
(2, 7, 14, 27, 34, 39)
(3, 12, 13, 28, 29, 38)
(9, 10, 11, 30, 31, 32)
(1, 15, 20, 21, 26, 40)
(1, 4, 16, 25, 37, 40)
(8, 16, 20, 21, 25, 33)
(6, 15, 20, 21, 26, 35)
(6, 11, 16, 25, 30, 35)
(8, 10, 13, 28, 31, 33)
(7, 11, 18, 23, 30, 34)
(2, 7, 11, 30, 34, 39)
(3, 18, 19, 22, 23, 38)
(14, 18, 19, 22, 23, 27)
(1, 9, 18, 23, 32, 40)
(10, 13, 20, 21, 28, 31)
(1, 7, 9, 32, 34, 40)
(4, 13, 20, 21, 28, 37)
(1, 5, 11, 30, 36, 40)
(5, 6, 10, 31, 35, 36)
(7, 9, 19, 22, 32, 34)
(1, 3, 18, 23, 38, 40)
(5, 8, 19, 22, 33, 36)
(6, 12, 13, 28, 29, 35)
(5, 11, 16, 25, 30, 36)
(1, 8, 14, 27, 33, 40)
(2, 10, 19, 22, 31, 39)
(8, 12, 17, 24, 29, 33)
(12, 17, 19, 22, 24, 29)
(2, 7, 13, 28, 34, 39)
(7, 13, 17, 24, 28, 34)
(13, 18, 20, 21, 23, 28)
(3, 11, 17, 24, 30, 38)
(8, 18, 19, 22, 23, 33)
(1, 7, 16, 25, 34, 40)
(1, 8, 18, 23, 33, 40)
(2, 3, 9, 32, 38, 39)
(16, 17, 18, 23, 24, 25)
(6, 7, 14, 27, 34, 35)
(2, 10, 18, 23, 31, 39)
(3, 8, 13, 28, 33, 38)
(1, 11, 12, 29, 30, 40)
(2, 5, 7, 34, 36, 39)
(11, 13, 20, 21, 28, 30)
(5, 9, 10, 31, 32, 36)
(12, 15, 16, 25, 26, 29)
(5, 19, 20, 21, 22, 36)
(8, 13, 17, 24, 28, 33)
(1, 12, 18, 23, 29, 40)
(2, 6, 11, 30, 35, 39)
(1, 10, 20, 21, 31, 40)
(4, 8, 15, 26, 33, 37)
(6, 17, 18, 23, 24, 35)
(2, 14, 20, 21, 27, 39)
(6, 12, 16, 25, 29, 35)
(3, 8, 20, 21, 33, 38)
(11, 18, 19, 22, 23, 30)
(1, 11, 13, 28, 30, 40)
(7, 11, 12, 29, 30, 34)
(6, 7, 15, 26, 34, 35)
(10, 15, 18, 23, 26, 31)
(1, 5, 20, 21, 36, 40)
(3, 8, 14, 27, 33, 38)
(1, 6, 9, 32, 35, 40)
(1, 8, 11, 30, 33, 40)
(3, 10, 18, 23, 31, 38)
(7, 8, 10, 31, 33, 34)
(3, 13, 20, 21, 28, 38)
(5, 11, 19, 22, 30, 36)
(1, 8, 16, 25, 33, 40)
(1, 6, 18, 23, 35, 40)
(1, 12, 15, 26, 29, 40)
(6, 8, 16, 25, 33, 35)
(1, 2, 3, 38, 39, 40)
(7, 8, 15, 26, 33, 34)
(7, 9, 10, 31, 32, 34)
(3, 4, 20, 21, 37, 38)
(4, 7, 14, 27, 34, 37)
(4, 5, 20, 21, 36, 37)
(6, 9, 16, 25, 32, 35)
(9, 10, 12, 29, 31, 32)
(4, 15, 17, 24, 26, 37)
(2, 15, 16, 25, 26, 39)
(3, 9, 10, 31, 32, 38)
(1, 2, 13, 28, 39, 40)
(2, 8, 20, 21, 33, 39)
(13, 14, 15, 26, 27, 28)
(14, 15, 20, 21, 26, 27)
(3, 10, 16, 25, 31, 38)
(4, 12, 14, 27, 29, 37)
(8, 15, 20, 21, 26, 33)
(3, 4, 5, 36, 37, 38)
(6, 18, 20, 21, 23, 35)
(2, 12, 19, 22, 29, 39)
(4, 5, 6, 35, 36, 37)
(8, 15, 16, 25, 26, 33)
(1, 2, 19, 22, 39, 40)
(7, 14, 17, 24, 27, 34)
(1, 4, 6, 35, 37, 40)
(1, 7, 13, 28, 34, 40)
(4, 13, 16, 25, 28, 37)
(1, 8, 19, 22, 33, 40)
(6, 16, 18, 23, 25, 35)
(12, 16, 20, 21, 25, 29)
(3, 16, 18, 23, 25, 38)
(2, 7, 20, 21, 34, 39)
(4, 15, 19, 22, 26, 37)
(8, 15, 18, 23, 26, 33)
(2, 10, 14, 27, 31, 39)
(9, 12, 16, 25, 29, 32)
(4, 11, 15, 26, 30, 37)
(1, 9, 12, 29, 32, 40)
(1, 12, 17, 24, 29, 40)
(1, 3, 8, 33, 38, 40)
(1, 9, 10, 31, 32, 40)
(2, 5, 10, 31, 36, 39)
(3, 12, 14, 27, 29, 38)
(9, 18, 20, 21, 23, 32)
(9, 19, 20, 21, 22, 32)
(5, 9, 18, 23, 32, 36)
(8, 14, 18, 23, 27, 33)
(12, 13, 20, 21, 28, 29)
(4, 5, 19, 22, 36, 37)
(5, 6, 12, 29, 35, 36)
(4, 5, 13, 28, 36, 37)
(4, 9, 13, 28, 32, 37)
(5, 7, 13, 28, 34, 36)
(10, 14, 17, 24, 27, 31)
(3, 10, 15, 26, 31, 38)
(12, 18, 20, 21, 23, 29)
(10, 14, 16, 25, 27, 31)
(9, 14, 16, 25, 27, 32)
(7, 10, 19, 22, 31, 34)
(2, 4, 12, 29, 37, 39)
(8, 13, 18, 23, 28, 33)
(10, 16, 19, 22, 25, 31)
(6, 11, 13, 28, 30, 35)
(7, 16, 18, 23, 25, 34)
(17, 19, 20, 21, 22, 24)
(2, 10, 16, 25, 31, 39)
(13, 15, 19, 22, 26, 28)
(7, 8, 16, 25, 33, 34)
(3, 18, 20, 21, 23, 38)
(4, 16, 20, 21, 25, 37)
(5, 15, 18, 23, 26, 36)
(6, 9, 20, 21, 32, 35)
(8, 11, 15, 26, 30, 33)
(1, 4, 20, 21, 37, 40)
(3, 7, 14, 27, 34, 38)
(4, 13, 19, 22, 28, 37)
(3, 6, 14, 27, 35, 38)
(9, 10, 13, 28, 31, 32)
(2, 3, 19, 22, 38, 39)
(1, 4, 14, 27, 37, 40)
(13, 15, 20, 21, 26, 28)
(6, 17, 20, 21, 24, 35)
(8, 10, 15, 26, 31, 33)
(3, 8, 15, 26, 33, 38)
(10, 12, 15, 26, 29, 31)
(1, 5, 15, 26, 36, 40)
(2, 3, 5, 36, 38, 39)
(10, 12, 18, 23, 29, 31)
(15, 17, 20, 21, 24, 26)
(3, 4, 7, 34, 37, 38)
(6, 18, 19, 22, 23, 35)
(9, 11, 15, 26, 30, 32)
(1, 8, 20, 21, 33, 40)
(4, 12, 15, 26, 29, 37)
(5, 11, 14, 27, 30, 36)
(6, 8, 12, 29, 33, 35)
(3, 13, 19, 22, 28, 38)
(1, 5, 17, 24, 36, 40)
(2, 4, 6, 35, 37, 39)
(11, 18, 20, 21, 23, 30)
(2, 4, 15, 26, 37, 39)
(4, 7, 13, 28, 34, 37)
(4, 12, 13, 28, 29, 37)
(3, 10, 17, 24, 31, 38)
(5, 10, 15, 26, 31, 36)
(1, 2, 17, 24, 39, 40)
(13, 16, 19, 22, 25, 28)
(15, 18, 19, 22, 23, 26)
(2, 6, 16, 25, 35, 39)
(2, 6, 13, 28, 35, 39)
(5, 10, 11, 30, 31, 36)
(6, 7, 17, 24, 34, 35)
(10, 14, 20, 21, 27, 31)
}

Print some_are_pairs (contains 0 tuples): {
}

Print none_are_pairs (contains 0 tuples): {
}

Print indecomposable (contains 0 tuples): {
}

Print decomposable but no pairs (contains 0 tuples): {
}

Print exceptional cycles (contains 0 tuples): {
}

method validate_set_V(41, 3) ran to completion.
