Running method validate_set_V(m = 39, d = 3) and generating using halves:

Summary:
given m = 39, d = 3
Calculations took 0 days, 0 hours, 0 minutes, 0 seconds, 11 miliseconds, 667 microseconds, 700 nanoseconds.
Z/mZ:  [0, 1, 2, 3, 4, 5, 6, 7, 8, 9, 10, 11, 12, 13, 14, 15, 16, 17, 18, 19, 20, 21, 22, 23, 24, 25, 26, 27, 28, 29, 30, 31, 32, 33, 34, 35, 36, 37, 38]
Z/mZ*: [32, 1, 2, 34, 35, 4, 5, 37, 38, 7, 8, 10, 11, 14, 16, 17, 19, 20, 22, 23, 25, 28, 29, 31]
All ascending & non-repeating tuple (size 6) combinations possible for the U set: 2760681
                      V set: contains 1173 tuples
          all_are_pairs set: contains 969 tuples
         some_are_pairs set: contains 180 tuples
         none_are_pairs set: contains 24 tuples
         indecomposable set: contains 24 tuples
decomposable & no pairs set: contains 0 tuples
     exceptional_cycles set: contains 204 tuples

Print V set (contains 1173 tuples): {
(1, 2, 3, 36, 37, 38)
(1, 2, 4, 35, 37, 38)
(1, 2, 5, 34, 37, 38)
(1, 2, 6, 33, 37, 38)
(1, 2, 7, 32, 37, 38)
(1, 2, 8, 31, 37, 38)
(1, 2, 9, 30, 37, 38)
(1, 2, 10, 29, 37, 38)
(1, 2, 11, 28, 37, 38)
(1, 2, 12, 27, 37, 38)
(1, 2, 13, 26, 37, 38)
(1, 2, 14, 25, 37, 38)
(1, 2, 14, 27, 36, 37)
(1, 2, 15, 24, 37, 38)
(1, 2, 15, 28, 33, 38)
(1, 2, 16, 23, 37, 38)
(1, 2, 17, 22, 37, 38)
(1, 2, 18, 21, 37, 38)
(1, 2, 19, 20, 37, 38)
(1, 3, 4, 35, 36, 38)
(1, 3, 5, 34, 36, 38)
(1, 3, 6, 33, 36, 38)
(1, 3, 7, 32, 36, 38)
(1, 3, 8, 31, 36, 38)
(1, 3, 9, 30, 36, 38)
(1, 3, 10, 29, 36, 38)
(1, 3, 11, 28, 36, 38)
(1, 3, 12, 27, 36, 38)
(1, 3, 13, 26, 36, 38)
(1, 3, 14, 25, 36, 38)
(1, 3, 15, 24, 36, 38)
(1, 3, 16, 23, 36, 38)
(1, 3, 16, 29, 30, 38)
(1, 3, 17, 22, 36, 38)
(1, 3, 18, 21, 36, 38)
(1, 3, 19, 20, 36, 38)
(1, 4, 5, 34, 35, 38)
(1, 4, 6, 33, 35, 38)
(1, 4, 7, 32, 35, 38)
(1, 4, 8, 31, 35, 38)
(1, 4, 9, 30, 35, 38)
(1, 4, 10, 29, 35, 38)
(1, 4, 11, 28, 35, 38)
(1, 4, 12, 27, 35, 38)
(1, 4, 13, 26, 35, 38)
(1, 4, 14, 25, 35, 38)
(1, 4, 14, 27, 35, 36)
(1, 4, 15, 24, 35, 38)
(1, 4, 16, 23, 35, 38)
(1, 4, 17, 22, 35, 38)
(1, 4, 17, 27, 30, 38)
(1, 4, 18, 21, 35, 38)
(1, 4, 19, 20, 35, 38)
(1, 5, 6, 33, 34, 38)
(1, 5, 7, 32, 34, 38)
(1, 5, 8, 31, 34, 38)
(1, 5, 9, 30, 34, 38)
(1, 5, 10, 29, 34, 38)
(1, 5, 11, 28, 34, 38)
(1, 5, 12, 27, 34, 38)
(1, 5, 13, 26, 34, 38)
(1, 5, 14, 25, 34, 38)
(1, 5, 14, 27, 34, 36)
(1, 5, 15, 24, 34, 38)
(1, 5, 16, 23, 34, 38)
(1, 5, 17, 22, 34, 38)
(1, 5, 18, 21, 34, 38)
(1, 5, 18, 24, 31, 38)
(1, 5, 19, 20, 34, 38)
(1, 6, 7, 32, 33, 38)
(1, 6, 8, 31, 33, 38)
(1, 6, 9, 30, 33, 38)
(1, 6, 10, 29, 33, 38)
(1, 6, 11, 24, 37, 38)
(1, 6, 11, 28, 33, 38)
(1, 6, 12, 27, 33, 38)
(1, 6, 13, 26, 33, 38)
(1, 6, 14, 25, 33, 38)
(1, 6, 14, 27, 33, 36)
(1, 6, 15, 24, 33, 38)
(1, 6, 16, 23, 33, 38)
(1, 6, 17, 22, 33, 38)
(1, 6, 18, 21, 33, 38)
(1, 6, 19, 20, 33, 38)
(1, 6, 19, 21, 32, 38)
(1, 7, 8, 31, 32, 38)
(1, 7, 9, 30, 32, 38)
(1, 7, 10, 29, 32, 38)
(1, 7, 11, 28, 32, 38)
(1, 7, 12, 27, 32, 38)
(1, 7, 13, 26, 32, 38)
(1, 7, 14, 25, 32, 38)
(1, 7, 14, 27, 32, 36)
(1, 7, 15, 24, 32, 38)
(1, 7, 16, 22, 34, 37)
(1, 7, 16, 23, 32, 38)
(1, 7, 17, 22, 32, 38)
(1, 7, 18, 20, 33, 38)
(1, 7, 18, 21, 32, 38)
(1, 7, 19, 20, 32, 38)
(1, 8, 9, 30, 31, 38)
(1, 8, 10, 29, 31, 38)
(1, 8, 11, 28, 31, 38)
(1, 8, 12, 27, 31, 38)
(1, 8, 13, 26, 31, 38)
(1, 8, 14, 25, 31, 38)
(1, 8, 14, 27, 31, 36)
(1, 8, 15, 21, 34, 38)
(1, 8, 15, 24, 31, 38)
(1, 8, 16, 23, 31, 38)
(1, 8, 17, 22, 31, 38)
(1, 8, 18, 21, 31, 38)
(1, 8, 19, 20, 31, 38)
(1, 9, 10, 23, 36, 38)
(1, 9, 10, 29, 30, 38)
(1, 9, 11, 28, 30, 38)
(1, 9, 12, 22, 35, 38)
(1, 9, 12, 27, 30, 38)
(1, 9, 13, 26, 30, 38)
(1, 9, 14, 22, 35, 36)
(1, 9, 14, 25, 30, 38)
(1, 9, 14, 27, 30, 36)
(1, 9, 15, 24, 30, 38)
(1, 9, 16, 23, 30, 38)
(1, 9, 17, 22, 30, 38)
(1, 9, 18, 21, 30, 38)
(1, 9, 19, 20, 30, 38)
(1, 10, 11, 28, 29, 38)
(1, 10, 12, 27, 29, 38)
(1, 10, 13, 26, 29, 38)
(1, 10, 14, 25, 29, 38)
(1, 10, 14, 27, 29, 36)
(1, 10, 15, 24, 29, 38)
(1, 10, 16, 23, 29, 38)
(1, 10, 17, 22, 29, 38)
(1, 10, 18, 21, 29, 38)
(1, 10, 19, 20, 29, 38)
(1, 11, 12, 27, 28, 38)
(1, 11, 13, 26, 28, 38)
(1, 11, 14, 25, 28, 38)
(1, 11, 14, 27, 28, 36)
(1, 11, 15, 24, 28, 38)
(1, 11, 16, 23, 28, 38)
(1, 11, 17, 22, 28, 38)
(1, 11, 18, 21, 28, 38)
(1, 11, 19, 20, 28, 38)
(1, 12, 13, 26, 27, 38)
(1, 12, 14, 25, 27, 38)
(1, 12, 15, 24, 27, 38)
(1, 12, 16, 23, 27, 38)
(1, 12, 17, 22, 27, 38)
(1, 12, 18, 21, 27, 38)
(1, 12, 19, 20, 27, 38)
(1, 13, 14, 25, 26, 38)
(1, 13, 14, 26, 27, 36)
(1, 13, 15, 24, 26, 38)
(1, 13, 16, 23, 26, 38)
(1, 13, 17, 22, 26, 38)
(1, 13, 18, 21, 26, 38)
(1, 13, 19, 20, 26, 38)
(1, 14, 15, 24, 25, 38)
(1, 14, 15, 24, 27, 36)
(1, 14, 16, 22, 29, 35)
(1, 14, 16, 23, 25, 38)
(1, 14, 16, 23, 27, 36)
(1, 14, 16, 27, 29, 30)
(1, 14, 17, 22, 25, 38)
(1, 14, 17, 22, 27, 36)
(1, 14, 18, 21, 25, 38)
(1, 14, 18, 21, 27, 36)
(1, 14, 19, 20, 25, 38)
(1, 14, 19, 20, 27, 36)
(1, 15, 16, 23, 24, 38)
(1, 15, 17, 22, 24, 38)
(1, 15, 18, 21, 24, 38)
(1, 15, 19, 20, 24, 38)
(1, 16, 17, 22, 23, 38)
(1, 16, 18, 21, 23, 38)
(1, 16, 19, 20, 23, 38)
(1, 16, 19, 22, 28, 31)
(1, 17, 18, 21, 22, 38)
(1, 17, 19, 20, 22, 38)
(1, 18, 19, 20, 21, 38)
(2, 3, 4, 35, 36, 37)
(2, 3, 5, 34, 36, 37)
(2, 3, 6, 33, 36, 37)
(2, 3, 7, 32, 36, 37)
(2, 3, 8, 31, 36, 37)
(2, 3, 9, 30, 36, 37)
(2, 3, 10, 29, 36, 37)
(2, 3, 11, 28, 36, 37)
(2, 3, 12, 25, 37, 38)
(2, 3, 12, 27, 36, 37)
(2, 3, 13, 26, 36, 37)
(2, 3, 14, 25, 36, 37)
(2, 3, 15, 24, 36, 37)
(2, 3, 15, 28, 33, 36)
(2, 3, 16, 23, 36, 37)
(2, 3, 16, 29, 30, 37)
(2, 3, 17, 22, 36, 37)
(2, 3, 18, 21, 36, 37)
(2, 3, 19, 20, 36, 37)
(2, 4, 5, 34, 35, 37)
(2, 4, 6, 33, 35, 37)
(2, 4, 7, 32, 35, 37)
(2, 4, 8, 31, 35, 37)
(2, 4, 9, 30, 35, 37)
(2, 4, 10, 29, 35, 37)
(2, 4, 11, 28, 35, 37)
(2, 4, 12, 27, 35, 37)
(2, 4, 13, 26, 35, 37)
(2, 4, 14, 25, 35, 37)
(2, 4, 15, 24, 35, 37)
(2, 4, 15, 28, 33, 35)
(2, 4, 16, 23, 35, 37)
(2, 4, 17, 22, 35, 37)
(2, 4, 17, 27, 30, 37)
(2, 4, 18, 21, 35, 37)
(2, 4, 19, 20, 35, 37)
(2, 5, 6, 33, 34, 37)
(2, 5, 7, 32, 34, 37)
(2, 5, 8, 31, 34, 37)
(2, 5, 9, 30, 34, 37)
(2, 5, 10, 29, 34, 37)
(2, 5, 11, 28, 34, 37)
(2, 5, 12, 27, 34, 37)
(2, 5, 13, 26, 34, 37)
(2, 5, 14, 25, 34, 37)
(2, 5, 14, 29, 32, 35)
(2, 5, 15, 24, 34, 37)
(2, 5, 15, 28, 33, 34)
(2, 5, 16, 23, 34, 37)
(2, 5, 17, 22, 34, 37)
(2, 5, 17, 23, 32, 38)
(2, 5, 18, 21, 34, 37)
(2, 5, 18, 24, 31, 37)
(2, 5, 18, 28, 31, 33)
(2, 5, 19, 20, 34, 37)
(2, 5, 19, 28, 31, 32)
(2, 6, 7, 32, 33, 37)
(2, 6, 8, 31, 33, 37)
(2, 6, 9, 30, 33, 37)
(2, 6, 10, 29, 33, 37)
(2, 6, 11, 28, 33, 37)
(2, 6, 12, 27, 33, 37)
(2, 6, 13, 26, 33, 37)
(2, 6, 14, 25, 33, 37)
(2, 6, 15, 24, 33, 37)
(2, 6, 16, 23, 33, 37)
(2, 6, 17, 22, 33, 37)
(2, 6, 18, 21, 33, 37)
(2, 6, 19, 20, 33, 37)
(2, 6, 19, 21, 32, 37)
(2, 7, 8, 31, 32, 37)
(2, 7, 9, 30, 32, 37)
(2, 7, 10, 29, 32, 37)
(2, 7, 11, 28, 32, 37)
(2, 7, 12, 27, 32, 37)
(2, 7, 13, 26, 32, 37)
(2, 7, 14, 25, 32, 37)
(2, 7, 15, 24, 32, 37)
(2, 7, 15, 28, 32, 33)
(2, 7, 16, 23, 32, 37)
(2, 7, 17, 22, 32, 37)
(2, 7, 18, 20, 33, 37)
(2, 7, 18, 21, 32, 37)
(2, 7, 19, 20, 32, 37)
(2, 8, 9, 30, 31, 37)
(2, 8, 10, 29, 31, 37)
(2, 8, 11, 28, 31, 37)
(2, 8, 12, 27, 31, 37)
(2, 8, 13, 26, 31, 37)
(2, 8, 14, 25, 31, 37)
(2, 8, 15, 21, 34, 37)
(2, 8, 15, 24, 31, 37)
(2, 8, 15, 28, 31, 33)
(2, 8, 16, 23, 31, 37)
(2, 8, 17, 22, 31, 37)
(2, 8, 18, 21, 31, 37)
(2, 8, 19, 20, 31, 37)
(2, 9, 10, 23, 36, 37)
(2, 9, 10, 29, 30, 37)
(2, 9, 11, 28, 30, 37)
(2, 9, 12, 22, 35, 37)
(2, 9, 12, 27, 30, 37)
(2, 9, 13, 26, 30, 37)
(2, 9, 14, 25, 30, 37)
(2, 9, 15, 24, 30, 37)
(2, 9, 15, 28, 30, 33)
(2, 9, 16, 23, 30, 37)
(2, 9, 17, 22, 30, 37)
(2, 9, 18, 21, 30, 37)
(2, 9, 19, 20, 30, 37)
(2, 10, 11, 28, 29, 37)
(2, 10, 12, 27, 29, 37)
(2, 10, 13, 26, 29, 37)
(2, 10, 14, 25, 29, 37)
(2, 10, 15, 24, 29, 37)
(2, 10, 15, 28, 29, 33)
(2, 10, 16, 23, 29, 37)
(2, 10, 17, 22, 29, 37)
(2, 10, 18, 21, 29, 37)
(2, 10, 19, 20, 29, 37)
(2, 11, 12, 27, 28, 37)
(2, 11, 13, 26, 28, 37)
(2, 11, 14, 25, 28, 37)
(2, 11, 15, 24, 28, 37)
(2, 11, 16, 23, 28, 37)
(2, 11, 17, 22, 28, 37)
(2, 11, 18, 21, 28, 37)
(2, 11, 19, 20, 28, 37)
(2, 12, 13, 26, 27, 37)
(2, 12, 14, 25, 27, 37)
(2, 12, 15, 24, 27, 37)
(2, 12, 15, 27, 28, 33)
(2, 12, 16, 23, 27, 37)
(2, 12, 17, 22, 27, 37)
(2, 12, 18, 21, 27, 37)
(2, 12, 19, 20, 27, 37)
(2, 13, 14, 25, 26, 37)
(2, 13, 15, 24, 26, 37)
(2, 13, 15, 26, 28, 33)
(2, 13, 16, 23, 26, 37)
(2, 13, 17, 22, 26, 37)
(2, 13, 18, 21, 26, 37)
(2, 13, 19, 20, 26, 37)
(2, 14, 15, 24, 25, 37)
(2, 14, 15, 25, 28, 33)
(2, 14, 16, 23, 25, 37)
(2, 14, 17, 22, 25, 37)
(2, 14, 18, 21, 25, 37)
(2, 14, 19, 20, 25, 37)
(2, 15, 16, 23, 24, 37)
(2, 15, 16, 23, 28, 33)
(2, 15, 17, 22, 24, 37)
(2, 15, 17, 22, 28, 33)
(2, 15, 18, 21, 24, 37)
(2, 15, 18, 21, 28, 33)
(2, 15, 19, 20, 24, 37)
(2, 15, 19, 20, 28, 33)
(2, 15, 19, 21, 28, 32)
(2, 16, 17, 22, 23, 37)
(2, 16, 18, 21, 23, 37)
(2, 16, 19, 20, 23, 37)
(2, 17, 18, 21, 22, 37)
(2, 17, 19, 20, 22, 37)
(2, 18, 19, 20, 21, 37)
(3, 4, 5, 34, 35, 36)
(3, 4, 6, 33, 35, 36)
(3, 4, 7, 32, 35, 36)
(3, 4, 8, 31, 35, 36)
(3, 4, 9, 30, 35, 36)
(3, 4, 10, 29, 35, 36)
(3, 4, 11, 28, 35, 36)
(3, 4, 12, 25, 35, 38)
(3, 4, 12, 27, 35, 36)
(3, 4, 13, 26, 35, 36)
(3, 4, 14, 25, 35, 36)
(3, 4, 15, 24, 35, 36)
(3, 4, 16, 23, 35, 36)
(3, 4, 16, 29, 30, 35)
(3, 4, 17, 22, 35, 36)
(3, 4, 17, 25, 30, 38)
(3, 4, 17, 27, 30, 36)
(3, 4, 18, 21, 35, 36)
(3, 4, 19, 20, 35, 36)
(3, 5, 6, 33, 34, 36)
(3, 5, 7, 32, 34, 36)
(3, 5, 8, 31, 34, 36)
(3, 5, 9, 30, 34, 36)
(3, 5, 10, 29, 34, 36)
(3, 5, 11, 28, 34, 36)
(3, 5, 12, 25, 34, 38)
(3, 5, 12, 27, 34, 36)
(3, 5, 13, 26, 34, 36)
(3, 5, 14, 25, 34, 36)
(3, 5, 15, 24, 34, 36)
(3, 5, 16, 23, 34, 36)
(3, 5, 16, 29, 30, 34)
(3, 5, 17, 22, 34, 36)
(3, 5, 18, 21, 34, 36)
(3, 5, 18, 24, 31, 36)
(3, 5, 19, 20, 34, 36)
(3, 6, 7, 32, 33, 36)
(3, 6, 8, 31, 33, 36)
(3, 6, 9, 30, 33, 36)
(3, 6, 10, 29, 33, 36)
(3, 6, 11, 24, 36, 37)
(3, 6, 11, 28, 33, 36)
(3, 6, 12, 25, 33, 38)
(3, 6, 12, 27, 33, 36)
(3, 6, 13, 26, 33, 36)
(3, 6, 14, 25, 33, 36)
(3, 6, 15, 24, 33, 36)
(3, 6, 16, 23, 33, 36)
(3, 6, 16, 29, 30, 33)
(3, 6, 17, 22, 33, 36)
(3, 6, 18, 21, 33, 36)
(3, 6, 19, 20, 33, 36)
(3, 6, 19, 21, 32, 36)
(3, 7, 8, 31, 32, 36)
(3, 7, 9, 30, 32, 36)
(3, 7, 10, 29, 32, 36)
(3, 7, 11, 28, 32, 36)
(3, 7, 12, 25, 32, 38)
(3, 7, 12, 27, 32, 36)
(3, 7, 13, 26, 32, 36)
(3, 7, 14, 25, 32, 36)
(3, 7, 15, 24, 32, 36)
(3, 7, 16, 23, 32, 36)
(3, 7, 16, 29, 30, 32)
(3, 7, 17, 22, 32, 36)
(3, 7, 18, 20, 33, 36)
(3, 7, 18, 21, 32, 36)
(3, 7, 19, 20, 32, 36)
(3, 8, 9, 30, 31, 36)
(3, 8, 10, 29, 31, 36)
(3, 8, 11, 28, 31, 36)
(3, 8, 12, 25, 31, 38)
(3, 8, 12, 27, 31, 36)
(3, 8, 13, 26, 31, 36)
(3, 8, 14, 25, 31, 36)
(3, 8, 15, 21, 34, 36)
(3, 8, 15, 24, 31, 36)
(3, 8, 16, 23, 31, 36)
(3, 8, 16, 29, 30, 31)
(3, 8, 17, 22, 31, 36)
(3, 8, 18, 21, 31, 36)
(3, 8, 19, 20, 31, 36)
(3, 9, 10, 29, 30, 36)
(3, 9, 11, 28, 30, 36)
(3, 9, 12, 22, 35, 36)
(3, 9, 12, 25, 30, 38)
(3, 9, 12, 27, 30, 36)
(3, 9, 13, 26, 30, 36)
(3, 9, 14, 25, 30, 36)
(3, 9, 15, 24, 30, 36)
(3, 9, 16, 23, 30, 36)
(3, 9, 17, 22, 30, 36)
(3, 9, 18, 21, 30, 36)
(3, 9, 19, 20, 30, 36)
(3, 10, 11, 28, 29, 36)
(3, 10, 12, 25, 29, 38)
(3, 10, 12, 27, 29, 36)
(3, 10, 13, 26, 29, 36)
(3, 10, 14, 25, 29, 36)
(3, 10, 15, 24, 29, 36)
(3, 10, 16, 23, 29, 36)
(3, 10, 17, 22, 29, 36)
(3, 10, 18, 21, 29, 36)
(3, 10, 19, 20, 29, 36)
(3, 11, 12, 25, 28, 38)
(3, 11, 12, 27, 28, 36)
(3, 11, 13, 26, 28, 36)
(3, 11, 14, 25, 28, 36)
(3, 11, 15, 24, 28, 36)
(3, 11, 16, 23, 28, 36)
(3, 11, 16, 28, 29, 30)
(3, 11, 17, 22, 28, 36)
(3, 11, 18, 21, 28, 36)
(3, 11, 19, 20, 28, 36)
(3, 12, 13, 25, 26, 38)
(3, 12, 13, 26, 27, 36)
(3, 12, 14, 25, 27, 36)
(3, 12, 15, 24, 25, 38)
(3, 12, 15, 24, 27, 36)
(3, 12, 16, 22, 29, 35)
(3, 12, 16, 23, 25, 38)
(3, 12, 16, 23, 27, 36)
(3, 12, 16, 27, 29, 30)
(3, 12, 17, 22, 25, 38)
(3, 12, 17, 22, 27, 36)
(3, 12, 18, 21, 25, 38)
(3, 12, 18, 21, 27, 36)
(3, 12, 19, 20, 25, 38)
(3, 12, 19, 20, 27, 36)
(3, 13, 14, 25, 26, 36)
(3, 13, 15, 24, 26, 36)
(3, 13, 16, 23, 26, 36)
(3, 13, 16, 26, 29, 30)
(3, 13, 17, 22, 26, 36)
(3, 13, 18, 21, 26, 36)
(3, 13, 19, 20, 26, 36)
(3, 14, 15, 24, 25, 36)
(3, 14, 16, 23, 25, 36)
(3, 14, 16, 25, 29, 30)
(3, 14, 17, 22, 25, 36)
(3, 14, 18, 21, 25, 36)
(3, 14, 19, 20, 25, 36)
(3, 15, 16, 23, 24, 36)
(3, 15, 16, 24, 29, 30)
(3, 15, 17, 22, 24, 36)
(3, 15, 18, 21, 24, 36)
(3, 15, 19, 20, 24, 36)
(3, 16, 17, 22, 23, 36)
(3, 16, 17, 22, 29, 30)
(3, 16, 18, 21, 23, 36)
(3, 16, 18, 21, 29, 30)
(3, 16, 19, 20, 23, 36)
(3, 16, 19, 20, 29, 30)
(3, 17, 18, 21, 22, 36)
(3, 17, 19, 20, 22, 36)
(3, 18, 19, 20, 21, 36)
(4, 5, 6, 33, 34, 35)
(4, 5, 7, 32, 34, 35)
(4, 5, 8, 31, 34, 35)
(4, 5, 9, 30, 34, 35)
(4, 5, 10, 29, 34, 35)
(4, 5, 11, 28, 34, 35)
(4, 5, 12, 27, 34, 35)
(4, 5, 13, 26, 34, 35)
(4, 5, 14, 25, 34, 35)
(4, 5, 15, 24, 34, 35)
(4, 5, 16, 23, 34, 35)
(4, 5, 17, 22, 34, 35)
(4, 5, 17, 27, 30, 34)
(4, 5, 18, 21, 34, 35)
(4, 5, 18, 24, 31, 35)
(4, 5, 19, 20, 34, 35)
(4, 6, 7, 32, 33, 35)
(4, 6, 8, 31, 33, 35)
(4, 6, 9, 30, 33, 35)
(4, 6, 10, 29, 33, 35)
(4, 6, 11, 24, 35, 37)
(4, 6, 11, 28, 33, 35)
(4, 6, 12, 27, 33, 35)
(4, 6, 13, 26, 33, 35)
(4, 6, 14, 25, 33, 35)
(4, 6, 15, 24, 33, 35)
(4, 6, 16, 23, 33, 35)
(4, 6, 17, 22, 33, 35)
(4, 6, 17, 27, 30, 33)
(4, 6, 18, 21, 33, 35)
(4, 6, 19, 20, 33, 35)
(4, 6, 19, 21, 32, 35)
(4, 7, 8, 31, 32, 35)
(4, 7, 9, 30, 32, 35)
(4, 7, 10, 25, 34, 37)
(4, 7, 10, 29, 32, 35)
(4, 7, 11, 28, 32, 35)
(4, 7, 12, 27, 32, 35)
(4, 7, 13, 26, 32, 35)
(4, 7, 14, 25, 32, 35)
(4, 7, 15, 24, 32, 35)
(4, 7, 16, 23, 32, 35)
(4, 7, 17, 22, 32, 35)
(4, 7, 17, 27, 30, 32)
(4, 7, 18, 20, 33, 35)
(4, 7, 18, 21, 32, 35)
(4, 7, 19, 20, 32, 35)
(4, 8, 9, 30, 31, 35)
(4, 8, 10, 29, 31, 35)
(4, 8, 11, 28, 31, 35)
(4, 8, 12, 27, 31, 35)
(4, 8, 13, 26, 31, 35)
(4, 8, 14, 25, 31, 35)
(4, 8, 15, 21, 34, 35)
(4, 8, 15, 24, 31, 35)
(4, 8, 16, 23, 31, 35)
(4, 8, 17, 22, 31, 35)
(4, 8, 17, 27, 30, 31)
(4, 8, 18, 21, 31, 35)
(4, 8, 19, 20, 31, 35)
(4, 9, 10, 23, 35, 36)
(4, 9, 10, 29, 30, 35)
(4, 9, 11, 28, 30, 35)
(4, 9, 12, 27, 30, 35)
(4, 9, 13, 26, 30, 35)
(4, 9, 14, 25, 30, 35)
(4, 9, 15, 24, 30, 35)
(4, 9, 16, 23, 30, 35)
(4, 9, 17, 22, 30, 35)
(4, 9, 18, 21, 30, 35)
(4, 9, 19, 20, 30, 35)
(4, 10, 11, 28, 29, 35)
(4, 10, 12, 27, 29, 35)
(4, 10, 13, 26, 29, 35)
(4, 10, 14, 25, 29, 35)
(4, 10, 15, 24, 29, 35)
(4, 10, 16, 23, 29, 35)
(4, 10, 17, 22, 29, 35)
(4, 10, 17, 23, 25, 38)
(4, 10, 17, 23, 27, 36)
(4, 10, 17, 27, 29, 30)
(4, 10, 18, 21, 29, 35)
(4, 10, 19, 20, 29, 35)
(4, 10, 19, 25, 28, 31)
(4, 11, 12, 27, 28, 35)
(4, 11, 13, 26, 28, 35)
(4, 11, 14, 25, 28, 35)
(4, 11, 15, 24, 28, 35)
(4, 11, 16, 23, 28, 35)
(4, 11, 17, 22, 28, 35)
(4, 11, 17, 27, 28, 30)
(4, 11, 18, 21, 28, 35)
(4, 11, 19, 20, 28, 35)
(4, 12, 13, 26, 27, 35)
(4, 12, 14, 25, 27, 35)
(4, 12, 15, 24, 27, 35)
(4, 12, 16, 23, 27, 35)
(4, 12, 17, 22, 27, 35)
(4, 12, 18, 21, 27, 35)
(4, 12, 19, 20, 27, 35)
(4, 13, 14, 25, 26, 35)
(4, 13, 15, 24, 26, 35)
(4, 13, 16, 23, 26, 35)
(4, 13, 17, 22, 26, 35)
(4, 13, 17, 26, 27, 30)
(4, 13, 18, 21, 26, 35)
(4, 13, 19, 20, 26, 35)
(4, 14, 15, 24, 25, 35)
(4, 14, 16, 23, 25, 35)
(4, 14, 17, 22, 25, 35)
(4, 14, 17, 25, 27, 30)
(4, 14, 18, 21, 25, 35)
(4, 14, 19, 20, 25, 35)
(4, 15, 16, 23, 24, 35)
(4, 15, 17, 22, 24, 35)
(4, 15, 17, 24, 27, 30)
(4, 15, 18, 21, 24, 35)
(4, 15, 19, 20, 24, 35)
(4, 16, 17, 22, 23, 35)
(4, 16, 17, 23, 27, 30)
(4, 16, 18, 21, 23, 35)
(4, 16, 19, 20, 23, 35)
(4, 17, 18, 21, 22, 35)
(4, 17, 18, 21, 27, 30)
(4, 17, 19, 20, 22, 35)
(4, 17, 19, 20, 27, 30)
(4, 18, 19, 20, 21, 35)
(5, 6, 7, 32, 33, 34)
(5, 6, 8, 31, 33, 34)
(5, 6, 9, 30, 33, 34)
(5, 6, 10, 29, 33, 34)
(5, 6, 11, 24, 34, 37)
(5, 6, 11, 28, 33, 34)
(5, 6, 12, 27, 33, 34)
(5, 6, 13, 26, 33, 34)
(5, 6, 14, 25, 33, 34)
(5, 6, 15, 24, 33, 34)
(5, 6, 16, 23, 33, 34)
(5, 6, 17, 22, 33, 34)
(5, 6, 18, 21, 33, 34)
(5, 6, 18, 24, 31, 33)
(5, 6, 19, 20, 33, 34)
(5, 6, 19, 21, 32, 34)
(5, 6, 19, 24, 31, 32)
(5, 7, 8, 31, 32, 34)
(5, 7, 9, 30, 32, 34)
(5, 7, 10, 29, 32, 34)
(5, 7, 11, 28, 32, 34)
(5, 7, 12, 27, 32, 34)
(5, 7, 13, 26, 32, 34)
(5, 7, 14, 25, 32, 34)
(5, 7, 15, 24, 32, 34)
(5, 7, 16, 23, 32, 34)
(5, 7, 17, 22, 32, 34)
(5, 7, 18, 20, 33, 34)
(5, 7, 18, 21, 32, 34)
(5, 7, 18, 24, 31, 32)
(5, 7, 19, 20, 32, 34)
(5, 8, 9, 30, 31, 34)
(5, 8, 10, 29, 31, 34)
(5, 8, 11, 28, 31, 34)
(5, 8, 12, 27, 31, 34)
(5, 8, 13, 26, 31, 34)
(5, 8, 14, 25, 31, 34)
(5, 8, 15, 24, 31, 34)
(5, 8, 16, 23, 31, 34)
(5, 8, 17, 22, 31, 34)
(5, 8, 18, 21, 31, 34)
(5, 8, 19, 20, 31, 34)
(5, 9, 10, 23, 34, 36)
(5, 9, 10, 29, 30, 34)
(5, 9, 11, 28, 30, 34)
(5, 9, 12, 22, 34, 35)
(5, 9, 12, 27, 30, 34)
(5, 9, 13, 26, 30, 34)
(5, 9, 14, 25, 30, 34)
(5, 9, 15, 24, 30, 34)
(5, 9, 16, 23, 30, 34)
(5, 9, 17, 22, 30, 34)
(5, 9, 18, 21, 30, 34)
(5, 9, 18, 24, 30, 31)
(5, 9, 19, 20, 30, 34)
(5, 10, 11, 28, 29, 34)
(5, 10, 12, 27, 29, 34)
(5, 10, 13, 26, 29, 34)
(5, 10, 14, 25, 29, 34)
(5, 10, 15, 24, 29, 34)
(5, 10, 16, 23, 29, 34)
(5, 10, 17, 22, 29, 34)
(5, 10, 18, 21, 29, 34)
(5, 10, 18, 24, 29, 31)
(5, 10, 19, 20, 29, 34)
(5, 11, 12, 27, 28, 34)
(5, 11, 13, 26, 28, 34)
(5, 11, 14, 25, 28, 34)
(5, 11, 15, 24, 28, 34)
(5, 11, 16, 23, 28, 34)
(5, 11, 17, 22, 28, 34)
(5, 11, 18, 21, 28, 34)
(5, 11, 18, 24, 28, 31)
(5, 11, 19, 20, 28, 34)
(5, 12, 13, 26, 27, 34)
(5, 12, 14, 25, 27, 34)
(5, 12, 15, 24, 27, 34)
(5, 12, 16, 23, 27, 34)
(5, 12, 17, 22, 27, 34)
(5, 12, 18, 21, 27, 34)
(5, 12, 18, 24, 27, 31)
(5, 12, 19, 20, 27, 34)
(5, 13, 14, 25, 26, 34)
(5, 13, 15, 24, 26, 34)
(5, 13, 16, 23, 26, 34)
(5, 13, 17, 22, 26, 34)
(5, 13, 18, 21, 26, 34)
(5, 13, 18, 24, 26, 31)
(5, 13, 19, 20, 26, 34)
(5, 14, 15, 24, 25, 34)
(5, 14, 16, 23, 25, 34)
(5, 14, 17, 22, 25, 34)
(5, 14, 18, 21, 25, 34)
(5, 14, 18, 24, 25, 31)
(5, 14, 19, 20, 25, 34)
(5, 15, 16, 23, 24, 34)
(5, 15, 17, 22, 24, 34)
(5, 15, 18, 21, 24, 34)
(5, 15, 19, 20, 24, 34)
(5, 16, 17, 22, 23, 34)
(5, 16, 18, 21, 23, 34)
(5, 16, 18, 23, 24, 31)
(5, 16, 19, 20, 23, 34)
(5, 17, 18, 21, 22, 34)
(5, 17, 18, 22, 24, 31)
(5, 17, 19, 20, 22, 34)
(5, 18, 19, 20, 21, 34)
(5, 18, 19, 20, 24, 31)
(6, 7, 8, 31, 32, 33)
(6, 7, 9, 30, 32, 33)
(6, 7, 10, 29, 32, 33)
(6, 7, 11, 24, 32, 37)
(6, 7, 11, 28, 32, 33)
(6, 7, 12, 27, 32, 33)
(6, 7, 13, 26, 32, 33)
(6, 7, 14, 25, 32, 33)
(6, 7, 15, 24, 32, 33)
(6, 7, 16, 23, 32, 33)
(6, 7, 17, 22, 32, 33)
(6, 7, 18, 21, 32, 33)
(6, 7, 19, 20, 32, 33)
(6, 8, 9, 30, 31, 33)
(6, 8, 10, 29, 31, 33)
(6, 8, 11, 21, 34, 37)
(6, 8, 11, 24, 31, 37)
(6, 8, 11, 28, 31, 33)
(6, 8, 12, 27, 31, 33)
(6, 8, 13, 26, 31, 33)
(6, 8, 14, 25, 31, 33)
(6, 8, 15, 21, 33, 34)
(6, 8, 15, 24, 31, 33)
(6, 8, 16, 23, 31, 33)
(6, 8, 17, 22, 31, 33)
(6, 8, 18, 21, 31, 33)
(6, 8, 19, 20, 31, 33)
(6, 8, 19, 21, 31, 32)
(6, 9, 10, 23, 33, 36)
(6, 9, 10, 29, 30, 33)
(6, 9, 11, 24, 30, 37)
(6, 9, 11, 28, 30, 33)
(6, 9, 12, 22, 33, 35)
(6, 9, 12, 27, 30, 33)
(6, 9, 13, 26, 30, 33)
(6, 9, 14, 25, 30, 33)
(6, 9, 15, 24, 30, 33)
(6, 9, 16, 23, 30, 33)
(6, 9, 17, 22, 30, 33)
(6, 9, 18, 21, 30, 33)
(6, 9, 19, 20, 30, 33)
(6, 9, 19, 21, 30, 32)
(6, 10, 11, 24, 29, 37)
(6, 10, 11, 28, 29, 33)
(6, 10, 12, 27, 29, 33)
(6, 10, 13, 26, 29, 33)
(6, 10, 14, 25, 29, 33)
(6, 10, 15, 24, 29, 33)
(6, 10, 16, 23, 29, 33)
(6, 10, 17, 22, 29, 33)
(6, 10, 18, 21, 29, 33)
(6, 10, 19, 20, 29, 33)
(6, 10, 19, 21, 29, 32)
(6, 11, 12, 24, 27, 37)
(6, 11, 12, 27, 28, 33)
(6, 11, 13, 24, 26, 37)
(6, 11, 13, 26, 28, 33)
(6, 11, 14, 24, 25, 37)
(6, 11, 14, 25, 28, 33)
(6, 11, 15, 24, 28, 33)
(6, 11, 16, 23, 24, 37)
(6, 11, 16, 23, 28, 33)
(6, 11, 17, 22, 24, 37)
(6, 11, 17, 22, 28, 33)
(6, 11, 18, 21, 24, 37)
(6, 11, 18, 21, 28, 33)
(6, 11, 19, 20, 24, 37)
(6, 11, 19, 20, 28, 33)
(6, 11, 19, 21, 28, 32)
(6, 12, 13, 26, 27, 33)
(6, 12, 14, 25, 27, 33)
(6, 12, 15, 24, 27, 33)
(6, 12, 16, 23, 27, 33)
(6, 12, 17, 22, 27, 33)
(6, 12, 18, 21, 27, 33)
(6, 12, 19, 20, 27, 33)
(6, 12, 19, 21, 27, 32)
(6, 13, 14, 25, 26, 33)
(6, 13, 15, 24, 26, 33)
(6, 13, 16, 23, 26, 33)
(6, 13, 17, 22, 26, 33)
(6, 13, 18, 21, 26, 33)
(6, 13, 19, 20, 26, 33)
(6, 13, 19, 21, 26, 32)
(6, 14, 15, 24, 25, 33)
(6, 14, 16, 23, 25, 33)
(6, 14, 17, 22, 25, 33)
(6, 14, 18, 21, 25, 33)
(6, 14, 19, 20, 25, 33)
(6, 14, 19, 21, 25, 32)
(6, 15, 16, 23, 24, 33)
(6, 15, 17, 22, 24, 33)
(6, 15, 18, 21, 24, 33)
(6, 15, 19, 20, 24, 33)
(6, 15, 19, 21, 24, 32)
(6, 16, 17, 22, 23, 33)
(6, 16, 18, 21, 23, 33)
(6, 16, 19, 20, 23, 33)
(6, 16, 19, 21, 23, 32)
(6, 17, 18, 21, 22, 33)
(6, 17, 19, 20, 22, 33)
(6, 17, 19, 21, 22, 32)
(6, 18, 19, 20, 21, 33)
(7, 8, 9, 30, 31, 32)
(7, 8, 10, 29, 31, 32)
(7, 8, 11, 20, 34, 37)
(7, 8, 11, 28, 31, 32)
(7, 8, 12, 27, 31, 32)
(7, 8, 13, 26, 31, 32)
(7, 8, 14, 25, 31, 32)
(7, 8, 15, 20, 33, 34)
(7, 8, 15, 21, 32, 34)
(7, 8, 15, 24, 31, 32)
(7, 8, 16, 23, 31, 32)
(7, 8, 17, 22, 31, 32)
(7, 8, 18, 20, 31, 33)
(7, 8, 18, 21, 31, 32)
(7, 8, 19, 20, 31, 32)
(7, 9, 10, 23, 32, 36)
(7, 9, 10, 29, 30, 32)
(7, 9, 11, 28, 30, 32)
(7, 9, 12, 22, 32, 35)
(7, 9, 12, 27, 30, 32)
(7, 9, 13, 26, 30, 32)
(7, 9, 14, 25, 30, 32)
(7, 9, 15, 24, 30, 32)
(7, 9, 16, 23, 30, 32)
(7, 9, 17, 22, 30, 32)
(7, 9, 18, 20, 30, 33)
(7, 9, 18, 21, 30, 32)
(7, 9, 19, 20, 30, 32)
(7, 10, 11, 28, 29, 32)
(7, 10, 12, 27, 29, 32)
(7, 10, 13, 26, 29, 32)
(7, 10, 14, 25, 29, 32)
(7, 10, 15, 24, 29, 32)
(7, 10, 16, 23, 29, 32)
(7, 10, 17, 22, 29, 32)
(7, 10, 18, 20, 29, 33)
(7, 10, 18, 21, 29, 32)
(7, 10, 19, 20, 29, 32)
(7, 11, 12, 27, 28, 32)
(7, 11, 13, 26, 28, 32)
(7, 11, 14, 25, 28, 32)
(7, 11, 15, 24, 28, 32)
(7, 11, 16, 23, 28, 32)
(7, 11, 17, 22, 28, 32)
(7, 11, 18, 20, 24, 37)
(7, 11, 18, 20, 28, 33)
(7, 11, 18, 21, 28, 32)
(7, 11, 19, 20, 28, 32)
(7, 12, 13, 26, 27, 32)
(7, 12, 14, 25, 27, 32)
(7, 12, 15, 24, 27, 32)
(7, 12, 16, 23, 27, 32)
(7, 12, 17, 22, 27, 32)
(7, 12, 18, 20, 27, 33)
(7, 12, 18, 21, 27, 32)
(7, 12, 19, 20, 27, 32)
(7, 13, 14, 25, 26, 32)
(7, 13, 15, 24, 26, 32)
(7, 13, 16, 23, 26, 32)
(7, 13, 17, 22, 26, 32)
(7, 13, 18, 20, 26, 33)
(7, 13, 18, 21, 26, 32)
(7, 13, 19, 20, 26, 32)
(7, 14, 15, 24, 25, 32)
(7, 14, 16, 23, 25, 32)
(7, 14, 17, 22, 25, 32)
(7, 14, 18, 20, 25, 33)
(7, 14, 18, 21, 25, 32)
(7, 14, 19, 20, 25, 32)
(7, 15, 16, 23, 24, 32)
(7, 15, 17, 22, 24, 32)
(7, 15, 18, 20, 24, 33)
(7, 15, 18, 21, 24, 32)
(7, 15, 19, 20, 24, 32)
(7, 16, 17, 22, 23, 32)
(7, 16, 18, 20, 23, 33)
(7, 16, 18, 21, 23, 32)
(7, 16, 19, 20, 23, 32)
(7, 17, 18, 20, 22, 33)
(7, 17, 18, 21, 22, 32)
(7, 17, 19, 20, 22, 32)
(7, 18, 19, 20, 21, 32)
(8, 9, 10, 23, 31, 36)
(8, 9, 10, 29, 30, 31)
(8, 9, 11, 28, 30, 31)
(8, 9, 12, 22, 31, 35)
(8, 9, 12, 27, 30, 31)
(8, 9, 13, 26, 30, 31)
(8, 9, 14, 25, 30, 31)
(8, 9, 15, 21, 30, 34)
(8, 9, 15, 24, 30, 31)
(8, 9, 16, 23, 30, 31)
(8, 9, 17, 22, 30, 31)
(8, 9, 18, 21, 30, 31)
(8, 9, 19, 20, 30, 31)
(8, 10, 11, 28, 29, 31)
(8, 10, 12, 27, 29, 31)
(8, 10, 13, 26, 29, 31)
(8, 10, 14, 25, 29, 31)
(8, 10, 15, 21, 29, 34)
(8, 10, 15, 24, 29, 31)
(8, 10, 16, 23, 29, 31)
(8, 10, 17, 22, 29, 31)
(8, 10, 18, 21, 29, 31)
(8, 10, 19, 20, 29, 31)
(8, 11, 12, 27, 28, 31)
(8, 11, 13, 26, 28, 31)
(8, 11, 14, 20, 29, 35)
(8, 11, 14, 25, 28, 31)
(8, 11, 15, 21, 28, 34)
(8, 11, 15, 24, 28, 31)
(8, 11, 16, 23, 28, 31)
(8, 11, 17, 20, 23, 38)
(8, 11, 17, 22, 28, 31)
(8, 11, 18, 21, 28, 31)
(8, 11, 19, 20, 28, 31)
(8, 12, 13, 26, 27, 31)
(8, 12, 14, 25, 27, 31)
(8, 12, 15, 21, 27, 34)
(8, 12, 15, 24, 27, 31)
(8, 12, 16, 23, 27, 31)
(8, 12, 17, 22, 27, 31)
(8, 12, 18, 21, 27, 31)
(8, 12, 19, 20, 27, 31)
(8, 13, 14, 25, 26, 31)
(8, 13, 15, 21, 26, 34)
(8, 13, 15, 24, 26, 31)
(8, 13, 16, 23, 26, 31)
(8, 13, 17, 22, 26, 31)
(8, 13, 18, 21, 26, 31)
(8, 13, 19, 20, 26, 31)
(8, 14, 15, 21, 25, 34)
(8, 14, 15, 24, 25, 31)
(8, 14, 16, 23, 25, 31)
(8, 14, 17, 22, 25, 31)
(8, 14, 18, 21, 25, 31)
(8, 14, 19, 20, 25, 31)
(8, 15, 16, 21, 23, 34)
(8, 15, 16, 23, 24, 31)
(8, 15, 17, 21, 22, 34)
(8, 15, 17, 22, 24, 31)
(8, 15, 18, 21, 24, 31)
(8, 15, 19, 20, 21, 34)
(8, 15, 19, 20, 24, 31)
(8, 16, 17, 22, 23, 31)
(8, 16, 18, 21, 23, 31)
(8, 16, 19, 20, 23, 31)
(8, 17, 18, 21, 22, 31)
(8, 17, 19, 20, 22, 31)
(8, 18, 19, 20, 21, 31)
(9, 10, 11, 23, 28, 36)
(9, 10, 11, 28, 29, 30)
(9, 10, 12, 22, 29, 35)
(9, 10, 12, 23, 25, 38)
(9, 10, 12, 23, 27, 36)
(9, 10, 12, 27, 29, 30)
(9, 10, 13, 23, 26, 36)
(9, 10, 13, 26, 29, 30)
(9, 10, 14, 23, 25, 36)
(9, 10, 14, 25, 29, 30)
(9, 10, 15, 23, 24, 36)
(9, 10, 15, 24, 29, 30)
(9, 10, 16, 23, 29, 30)
(9, 10, 17, 22, 23, 36)
(9, 10, 17, 22, 29, 30)
(9, 10, 18, 21, 23, 36)
(9, 10, 18, 21, 29, 30)
(9, 10, 19, 20, 23, 36)
(9, 10, 19, 20, 29, 30)
(9, 11, 12, 22, 28, 35)
(9, 11, 12, 27, 28, 30)
(9, 11, 13, 26, 28, 30)
(9, 11, 14, 25, 28, 30)
(9, 11, 15, 24, 28, 30)
(9, 11, 16, 23, 28, 30)
(9, 11, 17, 22, 28, 30)
(9, 11, 18, 21, 28, 30)
(9, 11, 19, 20, 28, 30)
(9, 12, 13, 22, 26, 35)
(9, 12, 13, 26, 27, 30)
(9, 12, 14, 22, 25, 35)
(9, 12, 14, 25, 27, 30)
(9, 12, 15, 22, 24, 35)
(9, 12, 15, 24, 27, 30)
(9, 12, 16, 22, 23, 35)
(9, 12, 16, 23, 27, 30)
(9, 12, 17, 22, 27, 30)
(9, 12, 18, 21, 22, 35)
(9, 12, 18, 21, 27, 30)
(9, 12, 19, 20, 22, 35)
(9, 12, 19, 20, 27, 30)
(9, 13, 14, 25, 26, 30)
(9, 13, 15, 24, 26, 30)
(9, 13, 16, 23, 26, 30)
(9, 13, 17, 22, 26, 30)
(9, 13, 18, 21, 26, 30)
(9, 13, 19, 20, 26, 30)
(9, 14, 15, 24, 25, 30)
(9, 14, 16, 23, 25, 30)
(9, 14, 17, 22, 25, 30)
(9, 14, 18, 21, 25, 30)
(9, 14, 19, 20, 25, 30)
(9, 15, 16, 23, 24, 30)
(9, 15, 17, 22, 24, 30)
(9, 15, 18, 21, 24, 30)
(9, 15, 19, 20, 24, 30)
(9, 16, 17, 22, 23, 30)
(9, 16, 18, 21, 23, 30)
(9, 16, 19, 20, 23, 30)
(9, 17, 18, 21, 22, 30)
(9, 17, 19, 20, 22, 30)
(9, 18, 19, 20, 21, 30)
(10, 11, 12, 27, 28, 29)
(10, 11, 13, 26, 28, 29)
(10, 11, 14, 25, 28, 29)
(10, 11, 15, 24, 28, 29)
(10, 11, 16, 23, 28, 29)
(10, 11, 17, 22, 28, 29)
(10, 11, 18, 21, 28, 29)
(10, 11, 19, 20, 28, 29)
(10, 12, 13, 26, 27, 29)
(10, 12, 14, 25, 27, 29)
(10, 12, 15, 24, 27, 29)
(10, 12, 16, 23, 27, 29)
(10, 12, 17, 22, 27, 29)
(10, 12, 18, 21, 27, 29)
(10, 12, 19, 20, 27, 29)
(10, 13, 14, 25, 26, 29)
(10, 13, 15, 24, 26, 29)
(10, 13, 16, 23, 26, 29)
(10, 13, 17, 22, 26, 29)
(10, 13, 18, 21, 26, 29)
(10, 13, 19, 20, 26, 29)
(10, 14, 15, 24, 25, 29)
(10, 14, 16, 23, 25, 29)
(10, 14, 17, 22, 25, 29)
(10, 14, 18, 21, 25, 29)
(10, 14, 19, 20, 25, 29)
(10, 15, 16, 23, 24, 29)
(10, 15, 17, 22, 24, 29)
(10, 15, 18, 21, 24, 29)
(10, 15, 19, 20, 24, 29)
(10, 16, 17, 22, 23, 29)
(10, 16, 18, 21, 23, 29)
(10, 16, 19, 20, 23, 29)
(10, 17, 18, 21, 22, 29)
(10, 17, 19, 20, 22, 29)
(10, 18, 19, 20, 21, 29)
(11, 12, 13, 26, 27, 28)
(11, 12, 14, 25, 27, 28)
(11, 12, 15, 24, 27, 28)
(11, 12, 16, 23, 27, 28)
(11, 12, 17, 22, 27, 28)
(11, 12, 18, 21, 27, 28)
(11, 12, 19, 20, 27, 28)
(11, 13, 14, 25, 26, 28)
(11, 13, 15, 24, 26, 28)
(11, 13, 16, 23, 26, 28)
(11, 13, 17, 22, 26, 28)
(11, 13, 18, 21, 26, 28)
(11, 13, 19, 20, 26, 28)
(11, 14, 15, 24, 25, 28)
(11, 14, 16, 23, 25, 28)
(11, 14, 17, 22, 25, 28)
(11, 14, 18, 21, 25, 28)
(11, 14, 19, 20, 25, 28)
(11, 15, 16, 23, 24, 28)
(11, 15, 17, 22, 24, 28)
(11, 15, 18, 21, 24, 28)
(11, 15, 19, 20, 24, 28)
(11, 16, 17, 22, 23, 28)
(11, 16, 18, 21, 23, 28)
(11, 16, 19, 20, 23, 28)
(11, 17, 18, 21, 22, 28)
(11, 17, 19, 20, 22, 28)
(11, 18, 19, 20, 21, 28)
(12, 13, 14, 25, 26, 27)
(12, 13, 15, 24, 26, 27)
(12, 13, 16, 23, 26, 27)
(12, 13, 17, 22, 26, 27)
(12, 13, 18, 21, 26, 27)
(12, 13, 19, 20, 26, 27)
(12, 14, 15, 24, 25, 27)
(12, 14, 16, 23, 25, 27)
(12, 14, 17, 22, 25, 27)
(12, 14, 18, 21, 25, 27)
(12, 14, 19, 20, 25, 27)
(12, 15, 16, 23, 24, 27)
(12, 15, 17, 22, 24, 27)
(12, 15, 18, 21, 24, 27)
(12, 15, 19, 20, 24, 27)
(12, 16, 17, 22, 23, 27)
(12, 16, 18, 21, 23, 27)
(12, 16, 19, 20, 23, 27)
(12, 17, 18, 21, 22, 27)
(12, 17, 19, 20, 22, 27)
(12, 18, 19, 20, 21, 27)
(13, 14, 15, 24, 25, 26)
(13, 14, 16, 23, 25, 26)
(13, 14, 17, 22, 25, 26)
(13, 14, 18, 21, 25, 26)
(13, 14, 19, 20, 25, 26)
(13, 15, 16, 23, 24, 26)
(13, 15, 17, 22, 24, 26)
(13, 15, 18, 21, 24, 26)
(13, 15, 19, 20, 24, 26)
(13, 16, 17, 22, 23, 26)
(13, 16, 18, 21, 23, 26)
(13, 16, 19, 20, 23, 26)
(13, 17, 18, 21, 22, 26)
(13, 17, 19, 20, 22, 26)
(13, 18, 19, 20, 21, 26)
(14, 15, 16, 23, 24, 25)
(14, 15, 17, 22, 24, 25)
(14, 15, 18, 21, 24, 25)
(14, 15, 19, 20, 24, 25)
(14, 16, 17, 22, 23, 25)
(14, 16, 18, 21, 23, 25)
(14, 16, 19, 20, 23, 25)
(14, 17, 18, 21, 22, 25)
(14, 17, 19, 20, 22, 25)
(14, 18, 19, 20, 21, 25)
(15, 16, 17, 22, 23, 24)
(15, 16, 18, 21, 23, 24)
(15, 16, 19, 20, 23, 24)
(15, 17, 18, 21, 22, 24)
(15, 17, 19, 20, 22, 24)
(15, 18, 19, 20, 21, 24)
(16, 17, 18, 21, 22, 23)
(16, 17, 19, 20, 22, 23)
(16, 18, 19, 20, 21, 23)
(17, 18, 19, 20, 21, 22)
}

Print all_are_pairs (contains 969 tuples): {
(7, 9, 16, 23, 30, 32)
(2, 5, 13, 26, 34, 37)
(11, 13, 16, 23, 26, 28)
(9, 16, 19, 20, 23, 30)
(8, 15, 16, 23, 24, 31)
(6, 10, 16, 23, 29, 33)
(7, 8, 19, 20, 31, 32)
(3, 4, 10, 29, 35, 36)
(1, 10, 17, 22, 29, 38)
(3, 5, 17, 22, 34, 36)
(3, 14, 17, 22, 25, 36)
(7, 9, 14, 25, 30, 32)
(8, 14, 19, 20, 25, 31)
(1, 15, 18, 21, 24, 38)
(6, 11, 19, 20, 28, 33)
(4, 14, 16, 23, 25, 35)
(9, 17, 18, 21, 22, 30)
(1, 3, 11, 28, 36, 38)
(4, 10, 16, 23, 29, 35)
(11, 15, 16, 23, 24, 28)
(2, 3, 12, 27, 36, 37)
(4, 9, 16, 23, 30, 35)
(1, 6, 7, 32, 33, 38)
(6, 15, 16, 23, 24, 33)
(1, 6, 15, 24, 33, 38)
(5, 9, 15, 24, 30, 34)
(1, 11, 18, 21, 28, 38)
(2, 3, 14, 25, 36, 37)
(5, 11, 15, 24, 28, 34)
(2, 6, 15, 24, 33, 37)
(4, 7, 9, 30, 32, 35)
(7, 18, 19, 20, 21, 32)
(6, 12, 17, 22, 27, 33)
(4, 5, 12, 27, 34, 35)
(4, 6, 12, 27, 33, 35)
(8, 10, 17, 22, 29, 31)
(9, 11, 17, 22, 28, 30)
(2, 9, 19, 20, 30, 37)
(8, 9, 12, 27, 30, 31)
(8, 16, 17, 22, 23, 31)
(5, 9, 16, 23, 30, 34)
(13, 18, 19, 20, 21, 26)
(3, 13, 19, 20, 26, 36)
(8, 13, 14, 25, 26, 31)
(2, 3, 16, 23, 36, 37)
(3, 5, 18, 21, 34, 36)
(1, 7, 19, 20, 32, 38)
(1, 16, 19, 20, 23, 38)
(5, 8, 14, 25, 31, 34)
(5, 9, 19, 20, 30, 34)
(3, 9, 18, 21, 30, 36)
(4, 9, 12, 27, 30, 35)
(1, 9, 10, 29, 30, 38)
(2, 9, 13, 26, 30, 37)
(9, 11, 13, 26, 28, 30)
(11, 14, 15, 24, 25, 28)
(6, 8, 12, 27, 31, 33)
(3, 11, 12, 27, 28, 36)
(1, 6, 17, 22, 33, 38)
(2, 10, 19, 20, 29, 37)
(1, 4, 10, 29, 35, 38)
(4, 9, 14, 25, 30, 35)
(2, 5, 16, 23, 34, 37)
(5, 10, 18, 21, 29, 34)
(4, 11, 12, 27, 28, 35)
(4, 7, 12, 27, 32, 35)
(11, 12, 16, 23, 27, 28)
(4, 10, 17, 22, 29, 35)
(2, 11, 14, 25, 28, 37)
(2, 13, 18, 21, 26, 37)
(1, 4, 9, 30, 35, 38)
(2, 4, 16, 23, 35, 37)
(2, 3, 13, 26, 36, 37)
(3, 10, 15, 24, 29, 36)
(5, 10, 19, 20, 29, 34)
(3, 6, 12, 27, 33, 36)
(2, 9, 12, 27, 30, 37)
(9, 14, 19, 20, 25, 30)
(5, 12, 18, 21, 27, 34)
(6, 13, 17, 22, 26, 33)
(2, 9, 15, 24, 30, 37)
(5, 8, 18, 21, 31, 34)
(2, 4, 8, 31, 35, 37)
(5, 7, 14, 25, 32, 34)
(7, 15, 18, 21, 24, 32)
(1, 9, 15, 24, 30, 38)
(7, 12, 13, 26, 27, 32)
(10, 15, 19, 20, 24, 29)
(10, 14, 15, 24, 25, 29)
(1, 5, 15, 24, 34, 38)
(2, 3, 8, 31, 36, 37)
(2, 10, 11, 28, 29, 37)
(13, 14, 16, 23, 25, 26)
(1, 12, 17, 22, 27, 38)
(5, 7, 11, 28, 32, 34)
(2, 3, 5, 34, 36, 37)
(4, 6, 16, 23, 33, 35)
(2, 7, 11, 28, 32, 37)
(3, 6, 10, 29, 33, 36)
(4, 15, 17, 22, 24, 35)
(3, 11, 19, 20, 28, 36)
(9, 12, 17, 22, 27, 30)
(5, 14, 17, 22, 25, 34)
(7, 13, 18, 21, 26, 32)
(3, 8, 14, 25, 31, 36)
(6, 13, 15, 24, 26, 33)
(4, 8, 16, 23, 31, 35)
(5, 6, 15, 24, 33, 34)
(3, 4, 7, 32, 35, 36)
(5, 7, 9, 30, 32, 34)
(4, 9, 17, 22, 30, 35)
(6, 11, 15, 24, 28, 33)
(1, 6, 9, 30, 33, 38)
(1, 2, 14, 25, 37, 38)
(4, 6, 17, 22, 33, 35)
(6, 14, 17, 22, 25, 33)
(2, 16, 19, 20, 23, 37)
(5, 6, 13, 26, 33, 34)
(4, 12, 18, 21, 27, 35)
(1, 12, 13, 26, 27, 38)
(3, 5, 7, 32, 34, 36)
(5, 12, 15, 24, 27, 34)
(5, 8, 16, 23, 31, 34)
(7, 9, 11, 28, 30, 32)
(2, 7, 8, 31, 32, 37)
(4, 5, 17, 22, 34, 35)
(3, 15, 19, 20, 24, 36)
(5, 10, 12, 27, 29, 34)
(3, 13, 16, 23, 26, 36)
(1, 3, 5, 34, 36, 38)
(1, 2, 12, 27, 37, 38)
(4, 5, 18, 21, 34, 35)
(12, 17, 18, 21, 22, 27)
(12, 18, 19, 20, 21, 27)
(3, 14, 18, 21, 25, 36)
(5, 11, 19, 20, 28, 34)
(3, 10, 19, 20, 29, 36)
(4, 8, 11, 28, 31, 35)
(3, 9, 10, 29, 30, 36)
(2, 3, 6, 33, 36, 37)
(8, 13, 18, 21, 26, 31)
(3, 6, 11, 28, 33, 36)
(8, 9, 10, 29, 30, 31)
(8, 11, 19, 20, 28, 31)
(2, 9, 11, 28, 30, 37)
(3, 18, 19, 20, 21, 36)
(6, 10, 11, 28, 29, 33)
(6, 11, 13, 26, 28, 33)
(7, 16, 19, 20, 23, 32)
(7, 11, 14, 25, 28, 32)
(2, 3, 17, 22, 36, 37)
(3, 8, 9, 30, 31, 36)
(4, 9, 18, 21, 30, 35)
(1, 3, 6, 33, 36, 38)
(2, 12, 18, 21, 27, 37)
(3, 6, 19, 20, 33, 36)
(9, 10, 14, 25, 29, 30)
(6, 15, 19, 20, 24, 33)
(1, 4, 17, 22, 35, 38)
(4, 12, 17, 22, 27, 35)
(10, 18, 19, 20, 21, 29)
(12, 15, 17, 22, 24, 27)
(9, 14, 16, 23, 25, 30)
(2, 8, 15, 24, 31, 37)
(4, 5, 19, 20, 34, 35)
(4, 7, 17, 22, 32, 35)
(5, 6, 14, 25, 33, 34)
(5, 7, 17, 22, 32, 34)
(10, 11, 14, 25, 28, 29)
(2, 3, 15, 24, 36, 37)
(5, 6, 18, 21, 33, 34)
(10, 11, 17, 22, 28, 29)
(4, 5, 10, 29, 34, 35)
(2, 14, 19, 20, 25, 37)
(4, 17, 19, 20, 22, 35)
(2, 10, 18, 21, 29, 37)
(7, 10, 14, 25, 29, 32)
(7, 14, 16, 23, 25, 32)
(2, 6, 16, 23, 33, 37)
(3, 6, 16, 23, 33, 36)
(3, 6, 14, 25, 33, 36)
(5, 13, 18, 21, 26, 34)
(3, 17, 19, 20, 22, 36)
(2, 5, 6, 33, 34, 37)
(6, 8, 16, 23, 31, 33)
(2, 4, 11, 28, 35, 37)
(12, 14, 17, 22, 25, 27)
(1, 4, 12, 27, 35, 38)
(5, 9, 17, 22, 30, 34)
(3, 7, 13, 26, 32, 36)
(10, 16, 17, 22, 23, 29)
(5, 14, 15, 24, 25, 34)
(5, 9, 10, 29, 30, 34)
(8, 17, 19, 20, 22, 31)
(10, 13, 14, 25, 26, 29)
(1, 15, 17, 22, 24, 38)
(2, 8, 16, 23, 31, 37)
(3, 12, 13, 26, 27, 36)
(1, 17, 18, 21, 22, 38)
(1, 14, 18, 21, 25, 38)
(2, 6, 12, 27, 33, 37)
(5, 16, 19, 20, 23, 34)
(14, 16, 19, 20, 23, 25)
(2, 15, 19, 20, 24, 37)
(9, 10, 16, 23, 29, 30)
(1, 10, 19, 20, 29, 38)
(4, 9, 19, 20, 30, 35)
(1, 5, 18, 21, 34, 38)
(12, 16, 18, 21, 23, 27)
(7, 11, 16, 23, 28, 32)
(3, 15, 18, 21, 24, 36)
(8, 9, 13, 26, 30, 31)
(7, 9, 18, 21, 30, 32)
(6, 7, 16, 23, 32, 33)
(3, 7, 8, 31, 32, 36)
(6, 8, 14, 25, 31, 33)
(16, 17, 19, 20, 22, 23)
(4, 5, 14, 25, 34, 35)
(2, 4, 10, 29, 35, 37)
(4, 5, 16, 23, 34, 35)
(3, 10, 12, 27, 29, 36)
(2, 4, 12, 27, 35, 37)
(2, 6, 8, 31, 33, 37)
(6, 7, 10, 29, 32, 33)
(8, 11, 14, 25, 28, 31)
(1, 13, 15, 24, 26, 38)
(1, 15, 19, 20, 24, 38)
(12, 14, 18, 21, 25, 27)
(1, 8, 9, 30, 31, 38)
(1, 12, 19, 20, 27, 38)
(11, 15, 18, 21, 24, 28)
(3, 8, 12, 27, 31, 36)
(2, 6, 10, 29, 33, 37)
(3, 12, 19, 20, 27, 36)
(1, 16, 17, 22, 23, 38)
(1, 3, 7, 32, 36, 38)
(10, 17, 18, 21, 22, 29)
(4, 17, 18, 21, 22, 35)
(10, 14, 17, 22, 25, 29)
(15, 16, 17, 22, 23, 24)
(1, 5, 10, 29, 34, 38)
(6, 7, 12, 27, 32, 33)
(1, 14, 19, 20, 25, 38)
(3, 7, 9, 30, 32, 36)
(1, 9, 16, 23, 30, 38)
(1, 6, 12, 27, 33, 38)
(4, 12, 15, 24, 27, 35)
(2, 11, 18, 21, 28, 37)
(8, 13, 16, 23, 26, 31)
(3, 13, 17, 22, 26, 36)
(10, 12, 18, 21, 27, 29)
(7, 8, 9, 30, 31, 32)
(10, 12, 14, 25, 27, 29)
(10, 14, 16, 23, 25, 29)
(5, 10, 15, 24, 29, 34)
(3, 5, 6, 33, 34, 36)
(15, 18, 19, 20, 21, 24)
(5, 12, 17, 22, 27, 34)
(2, 17, 19, 20, 22, 37)
(1, 13, 18, 21, 26, 38)
(2, 6, 18, 21, 33, 37)
(5, 15, 17, 22, 24, 34)
(3, 4, 12, 27, 35, 36)
(1, 8, 10, 29, 31, 38)
(1, 7, 8, 31, 32, 38)
(2, 13, 16, 23, 26, 37)
(5, 8, 10, 29, 31, 34)
(2, 6, 17, 22, 33, 37)
(3, 6, 15, 24, 33, 36)
(9, 12, 16, 23, 27, 30)
(3, 8, 10, 29, 31, 36)
(4, 15, 18, 21, 24, 35)
(8, 9, 17, 22, 30, 31)
(2, 17, 18, 21, 22, 37)
(8, 12, 13, 26, 27, 31)
(3, 4, 19, 20, 35, 36)
(8, 13, 17, 22, 26, 31)
(5, 10, 16, 23, 29, 34)
(6, 13, 14, 25, 26, 33)
(8, 14, 17, 22, 25, 31)
(5, 11, 16, 23, 28, 34)
(7, 11, 18, 21, 28, 32)
(14, 15, 16, 23, 24, 25)
(1, 10, 13, 26, 29, 38)
(6, 9, 17, 22, 30, 33)
(7, 10, 19, 20, 29, 32)
(8, 9, 19, 20, 30, 31)
(2, 5, 12, 27, 34, 37)
(4, 6, 14, 25, 33, 35)
(1, 2, 16, 23, 37, 38)
(3, 4, 18, 21, 35, 36)
(3, 4, 9, 30, 35, 36)
(8, 18, 19, 20, 21, 31)
(10, 13, 16, 23, 26, 29)
(3, 13, 15, 24, 26, 36)
(4, 8, 14, 25, 31, 35)
(6, 8, 18, 21, 31, 33)
(12, 13, 14, 25, 26, 27)
(9, 14, 17, 22, 25, 30)
(1, 10, 12, 27, 29, 38)
(4, 7, 13, 26, 32, 35)
(9, 13, 19, 20, 26, 30)
(8, 12, 16, 23, 27, 31)
(6, 8, 19, 20, 31, 33)
(2, 8, 19, 20, 31, 37)
(2, 5, 8, 31, 34, 37)
(5, 11, 12, 27, 28, 34)
(2, 15, 16, 23, 24, 37)
(4, 6, 15, 24, 33, 35)
(1, 11, 15, 24, 28, 38)
(12, 13, 18, 21, 26, 27)
(6, 13, 16, 23, 26, 33)
(3, 8, 16, 23, 31, 36)
(13, 16, 19, 20, 23, 26)
(2, 10, 15, 24, 29, 37)
(4, 6, 7, 32, 33, 35)
(5, 13, 15, 24, 26, 34)
(3, 9, 14, 25, 30, 36)
(2, 11, 19, 20, 28, 37)
(13, 15, 19, 20, 24, 26)
(10, 15, 18, 21, 24, 29)
(1, 8, 13, 26, 31, 38)
(3, 7, 17, 22, 32, 36)
(11, 12, 19, 20, 27, 28)
(1, 5, 11, 28, 34, 38)
(2, 4, 17, 22, 35, 37)
(12, 13, 15, 24, 26, 27)
(13, 14, 18, 21, 25, 26)
(3, 5, 16, 23, 34, 36)
(8, 10, 12, 27, 29, 31)
(11, 18, 19, 20, 21, 28)
(6, 7, 9, 30, 32, 33)
(6, 7, 19, 20, 32, 33)
(8, 13, 15, 24, 26, 31)
(1, 4, 5, 34, 35, 38)
(9, 10, 17, 22, 29, 30)
(3, 8, 17, 22, 31, 36)
(4, 11, 13, 26, 28, 35)
(3, 7, 18, 21, 32, 36)
(9, 11, 19, 20, 28, 30)
(7, 8, 15, 24, 31, 32)
(6, 7, 13, 26, 32, 33)
(3, 4, 6, 33, 35, 36)
(5, 6, 9, 30, 33, 34)
(5, 7, 15, 24, 32, 34)
(1, 3, 19, 20, 36, 38)
(8, 11, 17, 22, 28, 31)
(6, 9, 10, 29, 30, 33)
(2, 7, 18, 21, 32, 37)
(9, 10, 18, 21, 29, 30)
(6, 11, 14, 25, 28, 33)
(7, 17, 19, 20, 22, 32)
(7, 8, 10, 29, 31, 32)
(2, 11, 12, 27, 28, 37)
(3, 16, 18, 21, 23, 36)
(5, 7, 10, 29, 32, 34)
(5, 18, 19, 20, 21, 34)
(13, 15, 17, 22, 24, 26)
(1, 7, 18, 21, 32, 38)
(4, 13, 18, 21, 26, 35)
(5, 12, 13, 26, 27, 34)
(2, 14, 15, 24, 25, 37)
(3, 10, 11, 28, 29, 36)
(5, 6, 8, 31, 33, 34)
(1, 14, 16, 23, 25, 38)
(3, 9, 19, 20, 30, 36)
(1, 10, 11, 28, 29, 38)
(4, 10, 19, 20, 29, 35)
(2, 4, 7, 32, 35, 37)
(3, 14, 15, 24, 25, 36)
(10, 12, 17, 22, 27, 29)
(4, 13, 17, 22, 26, 35)
(1, 6, 18, 21, 33, 38)
(14, 15, 19, 20, 24, 25)
(1, 2, 7, 32, 37, 38)
(1, 4, 16, 23, 35, 38)
(3, 5, 13, 26, 34, 36)
(4, 8, 19, 20, 31, 35)
(4, 8, 18, 21, 31, 35)
(3, 9, 16, 23, 30, 36)
(4, 7, 11, 28, 32, 35)
(9, 11, 15, 24, 28, 30)
(13, 16, 18, 21, 23, 26)
(10, 14, 18, 21, 25, 29)
(5, 6, 19, 20, 33, 34)
(4, 16, 18, 21, 23, 35)
(7, 8, 13, 26, 31, 32)
(3, 15, 16, 23, 24, 36)
(4, 7, 16, 23, 32, 35)
(6, 7, 14, 25, 32, 33)
(1, 4, 19, 20, 35, 38)
(2, 7, 17, 22, 32, 37)
(6, 9, 14, 25, 30, 33)
(4, 11, 18, 21, 28, 35)
(11, 14, 17, 22, 25, 28)
(9, 18, 19, 20, 21, 30)
(4, 9, 15, 24, 30, 35)
(9, 12, 13, 26, 27, 30)
(11, 12, 17, 22, 27, 28)
(2, 3, 18, 21, 36, 37)
(4, 15, 19, 20, 24, 35)
(2, 10, 13, 26, 29, 37)
(2, 9, 10, 29, 30, 37)
(5, 15, 18, 21, 24, 34)
(3, 5, 14, 25, 34, 36)
(8, 10, 18, 21, 29, 31)
(2, 6, 14, 25, 33, 37)
(1, 2, 15, 24, 37, 38)
(7, 15, 19, 20, 24, 32)
(1, 5, 8, 31, 34, 38)
(3, 9, 17, 22, 30, 36)
(1, 9, 13, 26, 30, 38)
(6, 17, 19, 20, 22, 33)
(8, 9, 15, 24, 30, 31)
(4, 14, 18, 21, 25, 35)
(2, 13, 15, 24, 26, 37)
(10, 16, 19, 20, 23, 29)
(2, 6, 9, 30, 33, 37)
(5, 7, 16, 23, 32, 34)
(3, 13, 14, 25, 26, 36)
(4, 8, 15, 24, 31, 35)
(2, 4, 19, 20, 35, 37)
(6, 8, 11, 28, 31, 33)
(12, 17, 19, 20, 22, 27)
(7, 16, 17, 22, 23, 32)
(1, 4, 14, 25, 35, 38)
(1, 10, 14, 25, 29, 38)
(3, 6, 18, 21, 33, 36)
(5, 13, 14, 25, 26, 34)
(8, 10, 14, 25, 29, 31)
(12, 13, 17, 22, 26, 27)
(13, 17, 18, 21, 22, 26)
(3, 16, 17, 22, 23, 36)
(1, 13, 17, 22, 26, 38)
(8, 9, 11, 28, 30, 31)
(1, 2, 4, 35, 37, 38)
(1, 6, 13, 26, 33, 38)
(7, 9, 12, 27, 30, 32)
(7, 15, 16, 23, 24, 32)
(1, 8, 17, 22, 31, 38)
(5, 9, 13, 26, 30, 34)
(6, 11, 18, 21, 28, 33)
(1, 6, 19, 20, 33, 38)
(7, 8, 18, 21, 31, 32)
(1, 12, 16, 23, 27, 38)
(4, 6, 13, 26, 33, 35)
(5, 6, 10, 29, 33, 34)
(8, 14, 16, 23, 25, 31)
(6, 11, 16, 23, 28, 33)
(8, 13, 19, 20, 26, 31)
(3, 7, 15, 24, 32, 36)
(11, 12, 14, 25, 27, 28)
(8, 11, 13, 26, 28, 31)
(1, 2, 6, 33, 37, 38)
(7, 12, 15, 24, 27, 32)
(4, 11, 15, 24, 28, 35)
(6, 9, 18, 21, 30, 33)
(9, 11, 16, 23, 28, 30)
(5, 14, 16, 23, 25, 34)
(1, 16, 18, 21, 23, 38)
(6, 11, 12, 27, 28, 33)
(1, 4, 13, 26, 35, 38)
(7, 14, 17, 22, 25, 32)
(1, 7, 9, 30, 32, 38)
(9, 16, 17, 22, 23, 30)
(4, 8, 17, 22, 31, 35)
(5, 7, 13, 26, 32, 34)
(4, 14, 15, 24, 25, 35)
(3, 10, 17, 22, 29, 36)
(6, 14, 16, 23, 25, 33)
(9, 15, 19, 20, 24, 30)
(5, 10, 17, 22, 29, 34)
(14, 17, 19, 20, 22, 25)
(6, 12, 14, 25, 27, 33)
(4, 13, 19, 20, 26, 35)
(8, 9, 16, 23, 30, 31)
(3, 14, 19, 20, 25, 36)
(12, 16, 19, 20, 23, 27)
(1, 11, 14, 25, 28, 38)
(2, 3, 19, 20, 36, 37)
(4, 7, 10, 29, 32, 35)
(3, 6, 7, 32, 33, 36)
(1, 8, 12, 27, 31, 38)
(4, 8, 12, 27, 31, 35)
(7, 13, 19, 20, 26, 32)
(4, 8, 10, 29, 31, 35)
(4, 14, 19, 20, 25, 35)
(5, 8, 19, 20, 31, 34)
(8, 9, 14, 25, 30, 31)
(1, 3, 10, 29, 36, 38)
(7, 14, 15, 24, 25, 32)
(1, 3, 14, 25, 36, 38)
(9, 17, 19, 20, 22, 30)
(7, 9, 19, 20, 30, 32)
(12, 13, 19, 20, 26, 27)
(14, 16, 17, 22, 23, 25)
(15, 17, 19, 20, 22, 24)
(1, 12, 15, 24, 27, 38)
(12, 16, 17, 22, 23, 27)
(16, 17, 18, 21, 22, 23)
(3, 17, 18, 21, 22, 36)
(7, 14, 19, 20, 25, 32)
(1, 5, 19, 20, 34, 38)
(3, 10, 16, 23, 29, 36)
(6, 7, 8, 31, 32, 33)
(8, 11, 12, 27, 28, 31)
(2, 15, 17, 22, 24, 37)
(2, 6, 11, 28, 33, 37)
(6, 8, 9, 30, 31, 33)
(3, 5, 8, 31, 34, 36)
(2, 14, 16, 23, 25, 37)
(3, 8, 18, 21, 31, 36)
(5, 8, 17, 22, 31, 34)
(15, 17, 18, 21, 22, 24)
(1, 11, 13, 26, 28, 38)
(5, 7, 8, 31, 32, 34)
(9, 15, 17, 22, 24, 30)
(2, 11, 17, 22, 28, 37)
(2, 7, 15, 24, 32, 37)
(1, 3, 4, 35, 36, 38)
(1, 7, 17, 22, 32, 38)
(11, 17, 19, 20, 22, 28)
(2, 11, 16, 23, 28, 37)
(3, 6, 9, 30, 33, 36)
(2, 4, 18, 21, 35, 37)
(10, 17, 19, 20, 22, 29)
(3, 4, 15, 24, 35, 36)
(8, 15, 19, 20, 24, 31)
(4, 16, 17, 22, 23, 35)
(3, 12, 15, 24, 27, 36)
(4, 10, 11, 28, 29, 35)
(12, 14, 15, 24, 25, 27)
(10, 12, 13, 26, 27, 29)
(10, 16, 18, 21, 23, 29)
(2, 16, 18, 21, 23, 37)
(8, 10, 16, 23, 29, 31)
(9, 12, 19, 20, 27, 30)
(7, 12, 19, 20, 27, 32)
(4, 13, 14, 25, 26, 35)
(2, 3, 10, 29, 36, 37)
(6, 8, 10, 29, 31, 33)
(3, 7, 16, 23, 32, 36)
(10, 15, 16, 23, 24, 29)
(3, 5, 15, 24, 34, 36)
(1, 3, 8, 31, 36, 38)
(10, 11, 19, 20, 28, 29)
(4, 5, 7, 32, 34, 35)
(2, 7, 19, 20, 32, 37)
(4, 7, 14, 25, 32, 35)
(7, 9, 17, 22, 30, 32)
(2, 3, 9, 30, 36, 37)
(2, 12, 13, 26, 27, 37)
(8, 12, 19, 20, 27, 31)
(2, 4, 9, 30, 35, 37)
(10, 13, 17, 22, 26, 29)
(11, 17, 18, 21, 22, 28)
(2, 8, 17, 22, 31, 37)
(7, 11, 15, 24, 28, 32)
(1, 4, 7, 32, 35, 38)
(7, 10, 18, 21, 29, 32)
(7, 8, 14, 25, 31, 32)
(5, 11, 18, 21, 28, 34)
(11, 16, 18, 21, 23, 28)
(2, 7, 13, 26, 32, 37)
(9, 13, 18, 21, 26, 30)
(5, 6, 16, 23, 33, 34)
(7, 11, 19, 20, 28, 32)
(3, 11, 17, 22, 28, 36)
(6, 10, 15, 24, 29, 33)
(6, 9, 19, 20, 30, 33)
(5, 7, 12, 27, 32, 34)
(9, 15, 16, 23, 24, 30)
(2, 4, 15, 24, 35, 37)
(2, 14, 17, 22, 25, 37)
(3, 10, 14, 25, 29, 36)
(4, 7, 15, 24, 32, 35)
(6, 7, 11, 28, 32, 33)
(12, 14, 19, 20, 25, 27)
(8, 11, 18, 21, 28, 31)
(1, 3, 13, 26, 36, 38)
(2, 7, 16, 23, 32, 37)
(3, 11, 15, 24, 28, 36)
(5, 14, 18, 21, 25, 34)
(14, 15, 18, 21, 24, 25)
(7, 13, 17, 22, 26, 32)
(2, 5, 17, 22, 34, 37)
(4, 10, 14, 25, 29, 35)
(12, 14, 16, 23, 25, 27)
(6, 12, 16, 23, 27, 33)
(7, 9, 15, 24, 30, 32)
(3, 9, 15, 24, 30, 36)
(11, 16, 19, 20, 23, 28)
(2, 5, 9, 30, 34, 37)
(10, 14, 19, 20, 25, 29)
(12, 15, 16, 23, 24, 27)
(11, 14, 18, 21, 25, 28)
(6, 16, 17, 22, 23, 33)
(5, 11, 17, 22, 28, 34)
(2, 4, 13, 26, 35, 37)
(4, 13, 16, 23, 26, 35)
(1, 7, 16, 23, 32, 38)
(6, 15, 18, 21, 24, 33)
(1, 11, 12, 27, 28, 38)
(4, 5, 6, 33, 34, 35)
(5, 6, 12, 27, 33, 34)
(1, 6, 8, 31, 33, 38)
(1, 2, 17, 22, 37, 38)
(1, 12, 18, 21, 27, 38)
(3, 7, 14, 25, 32, 36)
(7, 8, 17, 22, 31, 32)
(3, 11, 16, 23, 28, 36)
(13, 14, 17, 22, 25, 26)
(4, 5, 9, 30, 34, 35)
(3, 4, 17, 22, 35, 36)
(5, 12, 16, 23, 27, 34)
(6, 16, 18, 21, 23, 33)
(7, 11, 12, 27, 28, 32)
(2, 11, 13, 26, 28, 37)
(1, 5, 16, 23, 34, 38)
(12, 15, 18, 21, 24, 27)
(10, 11, 16, 23, 28, 29)
(2, 12, 15, 24, 27, 37)
(9, 12, 18, 21, 27, 30)
(4, 11, 16, 23, 28, 35)
(3, 7, 10, 29, 32, 36)
(2, 12, 14, 25, 27, 37)
(1, 4, 15, 24, 35, 38)
(1, 7, 12, 27, 32, 38)
(8, 12, 15, 24, 27, 31)
(6, 9, 12, 27, 30, 33)
(4, 18, 19, 20, 21, 35)
(7, 9, 13, 26, 30, 32)
(13, 15, 16, 23, 24, 26)
(4, 5, 11, 28, 34, 35)
(6, 10, 12, 27, 29, 33)
(7, 9, 10, 29, 30, 32)
(1, 11, 17, 22, 28, 38)
(2, 10, 17, 22, 29, 37)
(3, 5, 11, 28, 34, 36)
(11, 16, 17, 22, 23, 28)
(1, 4, 6, 33, 35, 38)
(4, 10, 12, 27, 29, 35)
(3, 13, 18, 21, 26, 36)
(14, 17, 18, 21, 22, 25)
(1, 8, 15, 24, 31, 38)
(1, 5, 17, 22, 34, 38)
(11, 12, 18, 21, 27, 28)
(1, 5, 12, 27, 34, 38)
(3, 6, 13, 26, 33, 36)
(11, 12, 15, 24, 27, 28)
(1, 4, 18, 21, 35, 38)
(3, 7, 12, 27, 32, 36)
(1, 3, 16, 23, 36, 38)
(1, 6, 10, 29, 33, 38)
(3, 4, 8, 31, 35, 36)
(7, 8, 12, 27, 31, 32)
(5, 13, 17, 22, 26, 34)
(2, 5, 10, 29, 34, 37)
(16, 18, 19, 20, 21, 23)
(5, 16, 18, 21, 23, 34)
(5, 10, 13, 26, 29, 34)
(11, 13, 18, 21, 26, 28)
(9, 10, 11, 28, 29, 30)
(3, 4, 11, 28, 35, 36)
(1, 2, 9, 30, 37, 38)
(3, 8, 15, 24, 31, 36)
(10, 11, 15, 24, 28, 29)
(5, 8, 13, 26, 31, 34)
(6, 14, 18, 21, 25, 33)
(7, 10, 13, 26, 29, 32)
(8, 12, 17, 22, 27, 31)
(6, 12, 15, 24, 27, 33)
(1, 13, 19, 20, 26, 38)
(4, 5, 13, 26, 34, 35)
(6, 14, 15, 24, 25, 33)
(4, 15, 16, 23, 24, 35)
(2, 15, 18, 21, 24, 37)
(5, 11, 14, 25, 28, 34)
(5, 14, 19, 20, 25, 34)
(6, 9, 16, 23, 30, 33)
(10, 11, 12, 27, 28, 29)
(6, 12, 13, 26, 27, 33)
(6, 8, 15, 24, 31, 33)
(1, 4, 11, 28, 35, 38)
(6, 10, 13, 26, 29, 33)
(4, 5, 8, 31, 34, 35)
(2, 14, 18, 21, 25, 37)
(1, 10, 18, 21, 29, 38)
(11, 14, 19, 20, 25, 28)
(17, 18, 19, 20, 21, 22)
(5, 15, 19, 20, 24, 34)
(1, 7, 10, 29, 32, 38)
(2, 8, 18, 21, 31, 37)
(4, 6, 9, 30, 33, 35)
(8, 10, 11, 28, 29, 31)
(4, 10, 15, 24, 29, 35)
(6, 7, 17, 22, 32, 33)
(3, 5, 9, 30, 34, 36)
(2, 13, 17, 22, 26, 37)
(4, 6, 11, 28, 33, 35)
(1, 3, 9, 30, 36, 38)
(2, 4, 6, 33, 35, 37)
(10, 13, 18, 21, 26, 29)
(11, 15, 19, 20, 24, 28)
(3, 16, 19, 20, 23, 36)
(5, 6, 7, 32, 33, 34)
(2, 7, 12, 27, 32, 37)
(7, 11, 17, 22, 28, 32)
(5, 8, 15, 24, 31, 34)
(5, 15, 16, 23, 24, 34)
(6, 9, 15, 24, 30, 33)
(2, 9, 14, 25, 30, 37)
(5, 11, 13, 26, 28, 34)
(9, 10, 12, 27, 29, 30)
(1, 13, 16, 23, 26, 38)
(1, 9, 12, 27, 30, 38)
(4, 12, 16, 23, 27, 35)
(2, 3, 11, 28, 36, 37)
(2, 11, 15, 24, 28, 37)
(8, 12, 14, 25, 27, 31)
(1, 5, 9, 30, 34, 38)
(1, 6, 11, 28, 33, 38)
(11, 15, 17, 22, 24, 28)
(13, 16, 17, 22, 23, 26)
(7, 13, 15, 24, 26, 32)
(1, 5, 14, 25, 34, 38)
(1, 9, 11, 28, 30, 38)
(5, 12, 14, 25, 27, 34)
(14, 15, 17, 22, 24, 25)
(3, 5, 12, 27, 34, 36)
(7, 10, 12, 27, 29, 32)
(3, 8, 13, 26, 31, 36)
(1, 7, 15, 24, 32, 38)
(5, 8, 12, 27, 31, 34)
(6, 10, 18, 21, 29, 33)
(14, 18, 19, 20, 21, 25)
(2, 6, 13, 26, 33, 37)
(12, 13, 16, 23, 26, 27)
(7, 10, 16, 23, 29, 32)
(1, 9, 18, 21, 30, 38)
(1, 11, 19, 20, 28, 38)
(4, 7, 18, 21, 32, 35)
(8, 10, 19, 20, 29, 31)
(2, 16, 17, 22, 23, 37)
(2, 10, 12, 27, 29, 37)
(3, 6, 17, 22, 33, 36)
(8, 16, 19, 20, 23, 31)
(13, 14, 15, 24, 25, 26)
(3, 4, 14, 25, 35, 36)
(1, 17, 19, 20, 22, 38)
(6, 12, 18, 21, 27, 33)
(2, 6, 19, 20, 33, 37)
(4, 6, 10, 29, 33, 35)
(6, 10, 19, 20, 29, 33)
(6, 17, 18, 21, 22, 33)
(2, 10, 14, 25, 29, 37)
(1, 7, 14, 25, 32, 38)
(5, 8, 11, 28, 31, 34)
(10, 13, 15, 24, 26, 29)
(1, 14, 17, 22, 25, 38)
(3, 6, 8, 31, 33, 36)
(6, 16, 19, 20, 23, 33)
(5, 9, 14, 25, 30, 34)
(7, 10, 15, 24, 29, 32)
(15, 16, 19, 20, 23, 24)
(10, 13, 19, 20, 26, 29)
(7, 12, 17, 22, 27, 32)
(1, 12, 14, 25, 27, 38)
(8, 11, 16, 23, 28, 31)
(5, 17, 18, 21, 22, 34)
(7, 13, 14, 25, 26, 32)
(2, 7, 9, 30, 32, 37)
(4, 14, 17, 22, 25, 35)
(6, 12, 19, 20, 27, 33)
(4, 6, 8, 31, 33, 35)
(2, 8, 14, 25, 31, 37)
(9, 13, 17, 22, 26, 30)
(3, 12, 17, 22, 27, 36)
(15, 16, 18, 21, 23, 24)
(4, 10, 13, 26, 29, 35)
(1, 9, 14, 25, 30, 38)
(10, 12, 15, 24, 27, 29)
(8, 9, 18, 21, 30, 31)
(11, 13, 14, 25, 26, 28)
(2, 9, 18, 21, 30, 37)
(1, 8, 16, 23, 31, 38)
(2, 5, 15, 24, 34, 37)
(6, 15, 17, 22, 24, 33)
(1, 10, 16, 23, 29, 38)
(2, 3, 7, 32, 36, 37)
(3, 5, 10, 29, 34, 36)
(3, 5, 19, 20, 34, 36)
(9, 13, 14, 25, 26, 30)
(9, 12, 14, 25, 27, 30)
(7, 10, 11, 28, 29, 32)
(3, 14, 16, 23, 25, 36)
(2, 4, 14, 25, 35, 37)
(1, 2, 10, 29, 37, 38)
(1, 2, 3, 36, 37, 38)
(6, 7, 15, 24, 32, 33)
(1, 3, 17, 22, 36, 38)
(7, 12, 16, 23, 27, 32)
(3, 7, 11, 28, 32, 36)
(5, 13, 16, 23, 26, 34)
(11, 14, 16, 23, 25, 28)
(1, 6, 14, 25, 33, 38)
(6, 14, 19, 20, 25, 33)
(4, 8, 9, 30, 31, 35)
(5, 10, 14, 25, 29, 34)
(5, 13, 19, 20, 26, 34)
(8, 14, 18, 21, 25, 31)
(7, 8, 16, 23, 31, 32)
(1, 2, 5, 34, 37, 38)
(3, 4, 13, 26, 35, 36)
(4, 9, 10, 29, 30, 35)
(6, 18, 19, 20, 21, 33)
(8, 15, 17, 22, 24, 31)
(5, 6, 11, 28, 33, 34)
(7, 16, 18, 21, 23, 32)
(9, 13, 15, 24, 26, 30)
(7, 12, 14, 25, 27, 32)
(4, 7, 8, 31, 32, 35)
(9, 10, 15, 24, 29, 30)
(8, 10, 15, 24, 29, 31)
(2, 13, 19, 20, 26, 37)
(1, 10, 15, 24, 29, 38)
(7, 13, 16, 23, 26, 32)
(6, 10, 17, 22, 29, 33)
(2, 7, 10, 29, 32, 37)
(1, 8, 19, 20, 31, 38)
(9, 11, 18, 21, 28, 30)
(4, 5, 15, 24, 34, 35)
(4, 11, 14, 25, 28, 35)
(4, 6, 18, 21, 33, 35)
(4, 11, 17, 22, 28, 35)
(1, 4, 8, 31, 35, 38)
(1, 2, 18, 21, 37, 38)
(1, 8, 11, 28, 31, 38)
(6, 11, 17, 22, 28, 33)
(8, 17, 18, 21, 22, 31)
(10, 12, 16, 23, 27, 29)
(5, 12, 19, 20, 27, 34)
(7, 15, 17, 22, 24, 32)
(11, 13, 19, 20, 26, 28)
(2, 5, 19, 20, 34, 37)
(1, 5, 13, 26, 34, 38)
(3, 11, 13, 26, 28, 36)
(11, 13, 15, 24, 26, 28)
(1, 11, 16, 23, 28, 38)
(7, 17, 18, 21, 22, 32)
(5, 6, 17, 22, 33, 34)
(9, 11, 14, 25, 28, 30)
(3, 7, 19, 20, 32, 36)
(9, 12, 15, 24, 27, 30)
(1, 14, 15, 24, 25, 38)
(3, 11, 14, 25, 28, 36)
(5, 7, 18, 21, 32, 34)
(1, 7, 13, 26, 32, 38)
(5, 9, 18, 21, 30, 34)
(1, 9, 19, 20, 30, 38)
(5, 8, 9, 30, 31, 34)
(7, 14, 18, 21, 25, 32)
(5, 9, 12, 27, 30, 34)
(7, 12, 18, 21, 27, 32)
(2, 18, 19, 20, 21, 37)
(2, 9, 17, 22, 30, 37)
(3, 8, 19, 20, 31, 36)
(2, 8, 12, 27, 31, 37)
(2, 7, 14, 25, 32, 37)
(1, 3, 15, 24, 36, 38)
(9, 14, 18, 21, 25, 30)
(1, 13, 14, 25, 26, 38)
(8, 12, 18, 21, 27, 31)
(1, 2, 8, 31, 37, 38)
(4, 8, 13, 26, 31, 35)
(1, 2, 11, 28, 37, 38)
(3, 8, 11, 28, 31, 36)
(10, 12, 19, 20, 27, 29)
(3, 15, 17, 22, 24, 36)
(8, 14, 15, 24, 25, 31)
(9, 15, 18, 21, 24, 30)
(4, 6, 19, 20, 33, 35)
(5, 17, 19, 20, 22, 34)
(8, 11, 15, 24, 28, 31)
(4, 12, 19, 20, 27, 35)
(13, 15, 18, 21, 24, 26)
(1, 5, 6, 33, 34, 38)
(3, 10, 18, 21, 29, 36)
(2, 5, 18, 21, 34, 37)
(4, 9, 11, 28, 30, 35)
(6, 9, 13, 26, 30, 33)
(9, 10, 19, 20, 29, 30)
(11, 12, 13, 26, 27, 28)
(1, 2, 13, 26, 37, 38)
(2, 12, 16, 23, 27, 37)
(9, 16, 18, 21, 23, 30)
(2, 5, 14, 25, 34, 37)
(5, 9, 11, 28, 30, 34)
(2, 4, 5, 34, 35, 37)
(4, 16, 19, 20, 23, 35)
(2, 6, 7, 32, 33, 37)
(2, 5, 7, 32, 34, 37)
(4, 12, 14, 25, 27, 35)
(13, 17, 19, 20, 22, 26)
(4, 12, 13, 26, 27, 35)
(4, 10, 18, 21, 29, 35)
(6, 10, 14, 25, 29, 33)
(2, 10, 16, 23, 29, 37)
(3, 9, 12, 27, 30, 36)
(3, 10, 13, 26, 29, 36)
(1, 2, 19, 20, 37, 38)
(11, 13, 17, 22, 26, 28)
(10, 11, 18, 21, 28, 29)
(7, 10, 17, 22, 29, 32)
(4, 7, 19, 20, 32, 35)
(1, 18, 19, 20, 21, 38)
(2, 8, 9, 30, 31, 37)
(5, 16, 17, 22, 23, 34)
(2, 9, 16, 23, 30, 37)
(6, 8, 17, 22, 31, 33)
(9, 10, 13, 26, 29, 30)
(10, 15, 17, 22, 24, 29)
(1, 3, 12, 27, 36, 38)
(10, 11, 13, 26, 28, 29)
(1, 5, 7, 32, 34, 38)
(9, 11, 12, 27, 28, 30)
(6, 9, 11, 28, 30, 33)
(2, 13, 14, 25, 26, 37)
(3, 9, 13, 26, 30, 36)
(2, 8, 13, 26, 31, 37)
(4, 11, 19, 20, 28, 35)
(9, 13, 16, 23, 26, 30)
(8, 15, 18, 21, 24, 31)
(3, 12, 16, 23, 27, 36)
(6, 8, 13, 26, 31, 33)
(2, 8, 10, 29, 31, 37)
(1, 8, 18, 21, 31, 38)
(6, 13, 19, 20, 26, 33)
(2, 12, 17, 22, 27, 37)
(14, 16, 18, 21, 23, 25)
(6, 7, 18, 21, 32, 33)
(6, 13, 18, 21, 26, 33)
(1, 7, 11, 28, 32, 38)
(7, 11, 13, 26, 28, 32)
(9, 14, 15, 24, 25, 30)
(7, 8, 11, 28, 31, 32)
(5, 10, 11, 28, 29, 34)
(1, 9, 17, 22, 30, 38)
(3, 12, 18, 21, 27, 36)
(2, 3, 4, 35, 36, 37)
(8, 10, 13, 26, 29, 31)
(3, 4, 16, 23, 35, 36)
(2, 12, 19, 20, 27, 37)
(3, 11, 18, 21, 28, 36)
(5, 7, 19, 20, 32, 34)
(3, 9, 11, 28, 30, 36)
(8, 16, 18, 21, 23, 31)
(2, 8, 11, 28, 31, 37)
(4, 9, 13, 26, 30, 35)
(12, 15, 19, 20, 24, 27)
(3, 4, 5, 34, 35, 36)
(1, 3, 18, 21, 36, 38)
(1, 8, 14, 25, 31, 38)
(3, 12, 14, 25, 27, 36)
(13, 14, 19, 20, 25, 26)
(1, 6, 16, 23, 33, 38)
(1, 15, 16, 23, 24, 38)
(4, 13, 15, 24, 26, 35)
(2, 5, 11, 28, 34, 37)
}

Print some_are_pairs (contains 180 tuples): {
(4, 13, 17, 26, 27, 30)
(2, 15, 18, 21, 28, 33)
(4, 7, 18, 20, 33, 35)
(9, 10, 15, 23, 24, 36)
(3, 12, 17, 22, 25, 38)
(7, 13, 18, 20, 26, 33)
(3, 4, 17, 27, 30, 36)
(3, 15, 16, 24, 29, 30)
(6, 11, 17, 22, 24, 37)
(3, 6, 12, 25, 33, 38)
(5, 11, 18, 24, 28, 31)
(2, 6, 19, 21, 32, 37)
(3, 12, 19, 20, 25, 38)
(5, 17, 18, 22, 24, 31)
(7, 9, 12, 22, 32, 35)
(1, 9, 14, 27, 30, 36)
(1, 4, 14, 27, 35, 36)
(3, 12, 16, 27, 29, 30)
(7, 10, 18, 20, 29, 33)
(3, 7, 16, 29, 30, 32)
(2, 7, 15, 28, 32, 33)
(9, 12, 18, 21, 22, 35)
(9, 10, 12, 23, 27, 36)
(5, 10, 18, 24, 29, 31)
(4, 8, 15, 21, 34, 35)
(6, 11, 12, 24, 27, 37)
(9, 10, 19, 20, 23, 36)
(9, 12, 16, 22, 23, 35)
(9, 11, 12, 22, 28, 35)
(1, 9, 12, 22, 35, 38)
(6, 7, 11, 24, 32, 37)
(4, 6, 17, 27, 30, 33)
(7, 9, 10, 23, 32, 36)
(1, 14, 16, 23, 27, 36)
(3, 8, 16, 29, 30, 31)
(3, 9, 12, 25, 30, 38)
(6, 10, 11, 24, 29, 37)
(7, 14, 18, 20, 25, 33)
(5, 9, 10, 23, 34, 36)
(3, 16, 17, 22, 29, 30)
(1, 6, 19, 21, 32, 38)
(4, 7, 17, 27, 30, 32)
(7, 9, 18, 20, 30, 33)
(6, 13, 19, 21, 26, 32)
(3, 11, 12, 25, 28, 38)
(6, 11, 14, 24, 25, 37)
(3, 6, 16, 29, 30, 33)
(6, 9, 11, 24, 30, 37)
(6, 11, 19, 20, 24, 37)
(8, 9, 15, 21, 30, 34)
(4, 17, 19, 20, 27, 30)
(5, 16, 18, 23, 24, 31)
(9, 10, 14, 23, 25, 36)
(3, 8, 15, 21, 34, 36)
(8, 15, 19, 20, 21, 34)
(2, 8, 15, 21, 34, 37)
(7, 17, 18, 20, 22, 33)
(7, 12, 18, 20, 27, 33)
(9, 12, 14, 22, 25, 35)
(1, 10, 14, 27, 29, 36)
(1, 14, 19, 20, 27, 36)
(1, 8, 14, 27, 31, 36)
(1, 5, 18, 24, 31, 38)
(2, 15, 16, 23, 28, 33)
(6, 11, 16, 23, 24, 37)
(4, 14, 17, 25, 27, 30)
(6, 8, 11, 24, 31, 37)
(3, 9, 12, 22, 35, 36)
(3, 12, 18, 21, 25, 38)
(8, 15, 17, 21, 22, 34)
(2, 12, 15, 27, 28, 33)
(8, 15, 16, 21, 23, 34)
(6, 11, 19, 21, 28, 32)
(2, 4, 17, 27, 30, 37)
(6, 9, 10, 23, 33, 36)
(2, 3, 15, 28, 33, 36)
(9, 10, 18, 21, 23, 36)
(1, 11, 14, 27, 28, 36)
(3, 6, 11, 24, 36, 37)
(4, 9, 10, 23, 35, 36)
(6, 15, 19, 21, 24, 32)
(3, 11, 16, 28, 29, 30)
(3, 16, 19, 20, 29, 30)
(6, 8, 19, 21, 31, 32)
(4, 5, 17, 27, 30, 34)
(5, 7, 18, 20, 33, 34)
(8, 13, 15, 21, 26, 34)
(2, 10, 15, 28, 29, 33)
(2, 5, 15, 28, 33, 34)
(6, 11, 13, 24, 26, 37)
(3, 7, 12, 25, 32, 38)
(1, 6, 11, 24, 37, 38)
(4, 11, 17, 27, 28, 30)
(4, 8, 17, 27, 30, 31)
(2, 9, 12, 22, 35, 37)
(6, 8, 15, 21, 33, 34)
(3, 16, 18, 21, 29, 30)
(6, 14, 19, 21, 25, 32)
(3, 12, 13, 25, 26, 38)
(7, 16, 18, 20, 23, 33)
(1, 7, 14, 27, 32, 36)
(4, 15, 17, 24, 27, 30)
(2, 13, 15, 26, 28, 33)
(1, 6, 14, 27, 33, 36)
(1, 2, 14, 27, 36, 37)
(8, 9, 10, 23, 31, 36)
(1, 3, 16, 29, 30, 38)
(2, 3, 12, 25, 37, 38)
(9, 10, 13, 23, 26, 36)
(1, 8, 15, 21, 34, 38)
(6, 10, 19, 21, 29, 32)
(8, 14, 15, 21, 25, 34)
(3, 10, 12, 25, 29, 38)
(7, 15, 18, 20, 24, 33)
(4, 5, 18, 24, 31, 35)
(8, 12, 15, 21, 27, 34)
(4, 16, 17, 23, 27, 30)
(1, 7, 18, 20, 33, 38)
(1, 14, 17, 22, 27, 36)
(3, 5, 12, 25, 34, 38)
(9, 10, 12, 22, 29, 35)
(5, 6, 19, 21, 32, 34)
(6, 11, 18, 21, 24, 37)
(3, 14, 16, 25, 29, 30)
(2, 15, 17, 22, 28, 33)
(3, 12, 16, 23, 25, 38)
(6, 17, 19, 21, 22, 32)
(5, 9, 18, 24, 30, 31)
(9, 10, 11, 23, 28, 36)
(3, 7, 18, 20, 33, 36)
(2, 14, 15, 25, 28, 33)
(5, 6, 11, 24, 34, 37)
(2, 8, 15, 28, 31, 33)
(3, 4, 16, 29, 30, 35)
(1, 14, 15, 24, 27, 36)
(2, 9, 15, 28, 30, 33)
(5, 18, 19, 20, 24, 31)
(2, 4, 15, 28, 33, 35)
(3, 12, 15, 24, 25, 38)
(4, 6, 19, 21, 32, 35)
(7, 8, 18, 20, 31, 33)
(4, 6, 11, 24, 35, 37)
(1, 2, 15, 28, 33, 38)
(9, 12, 19, 20, 22, 35)
(3, 13, 16, 26, 29, 30)
(4, 10, 17, 27, 29, 30)
(8, 11, 15, 21, 28, 34)
(9, 12, 13, 22, 26, 35)
(3, 8, 12, 25, 31, 38)
(5, 13, 18, 24, 26, 31)
(8, 10, 15, 21, 29, 34)
(5, 12, 18, 24, 27, 31)
(2, 9, 10, 23, 36, 37)
(5, 14, 18, 24, 25, 31)
(7, 11, 18, 20, 28, 33)
(1, 14, 18, 21, 27, 36)
(6, 9, 19, 21, 30, 32)
(3, 6, 19, 21, 32, 36)
(2, 7, 18, 20, 33, 37)
(3, 4, 12, 25, 35, 38)
(1, 9, 10, 23, 36, 38)
(4, 17, 18, 21, 27, 30)
(1, 5, 14, 27, 34, 36)
(2, 15, 19, 20, 28, 33)
(5, 6, 18, 24, 31, 33)
(2, 5, 18, 24, 31, 37)
(9, 12, 15, 22, 24, 35)
(6, 9, 12, 22, 33, 35)
(1, 13, 14, 26, 27, 36)
(6, 16, 19, 21, 23, 32)
(5, 9, 12, 22, 34, 35)
(3, 5, 16, 29, 30, 34)
(1, 4, 17, 27, 30, 38)
(6, 12, 19, 21, 27, 32)
(2, 3, 16, 29, 30, 37)
(7, 8, 15, 21, 32, 34)
(5, 7, 18, 24, 31, 32)
(3, 5, 18, 24, 31, 36)
(8, 9, 12, 22, 31, 35)
(9, 10, 17, 22, 23, 36)
}

Print none_are_pairs (contains 24 tuples): {
(2, 5, 19, 28, 31, 32)
(1, 14, 16, 27, 29, 30)
(1, 16, 19, 22, 28, 31)
(8, 11, 17, 20, 23, 38)
(4, 7, 10, 25, 34, 37)
(7, 11, 18, 20, 24, 37)
(2, 15, 19, 21, 28, 32)
(5, 6, 19, 24, 31, 32)
(7, 8, 15, 20, 33, 34)
(1, 9, 14, 22, 35, 36)
(7, 8, 11, 20, 34, 37)
(2, 5, 14, 29, 32, 35)
(2, 5, 17, 23, 32, 38)
(4, 10, 19, 25, 28, 31)
(1, 7, 16, 22, 34, 37)
(4, 10, 17, 23, 25, 38)
(6, 8, 11, 21, 34, 37)
(3, 4, 17, 25, 30, 38)
(3, 12, 16, 22, 29, 35)
(9, 10, 12, 23, 25, 38)
(1, 14, 16, 22, 29, 35)
(4, 10, 17, 23, 27, 36)
(8, 11, 14, 20, 29, 35)
(2, 5, 18, 28, 31, 33)
}

Print indecomposable (contains 24 tuples): {
(2, 5, 19, 28, 31, 32)
(1, 14, 16, 27, 29, 30)
(1, 16, 19, 22, 28, 31)
(8, 11, 17, 20, 23, 38)
(4, 7, 10, 25, 34, 37)
(7, 11, 18, 20, 24, 37)
(2, 15, 19, 21, 28, 32)
(5, 6, 19, 24, 31, 32)
(7, 8, 15, 20, 33, 34)
(1, 9, 14, 22, 35, 36)
(7, 8, 11, 20, 34, 37)
(2, 5, 14, 29, 32, 35)
(2, 5, 17, 23, 32, 38)
(4, 10, 19, 25, 28, 31)
(1, 7, 16, 22, 34, 37)
(4, 10, 17, 23, 25, 38)
(6, 8, 11, 21, 34, 37)
(3, 4, 17, 25, 30, 38)
(3, 12, 16, 22, 29, 35)
(9, 10, 12, 23, 25, 38)
(1, 14, 16, 22, 29, 35)
(4, 10, 17, 23, 27, 36)
(8, 11, 14, 20, 29, 35)
(2, 5, 18, 28, 31, 33)
}

Print decomposable but no pairs (contains 0 tuples): {
}

Print exceptional cycles (contains 204 tuples): {
(4, 7, 10, 25, 34, 37)
(2, 15, 18, 21, 28, 33)
(4, 7, 18, 20, 33, 35)
(9, 10, 15, 23, 24, 36)
(3, 15, 16, 24, 29, 30)
(3, 6, 12, 25, 33, 38)
(5, 11, 18, 24, 28, 31)
(2, 6, 19, 21, 32, 37)
(3, 12, 19, 20, 25, 38)
(1, 9, 14, 27, 30, 36)
(3, 12, 16, 27, 29, 30)
(7, 10, 18, 20, 29, 33)
(2, 7, 15, 28, 32, 33)
(9, 10, 12, 23, 27, 36)
(5, 10, 18, 24, 29, 31)
(4, 8, 15, 21, 34, 35)
(9, 12, 16, 22, 23, 35)
(6, 7, 11, 24, 32, 37)
(1, 14, 16, 23, 27, 36)
(7, 14, 18, 20, 25, 33)
(5, 9, 10, 23, 34, 36)
(7, 9, 18, 20, 30, 33)
(3, 11, 12, 25, 28, 38)
(3, 6, 16, 29, 30, 33)
(6, 9, 11, 24, 30, 37)
(6, 11, 19, 20, 24, 37)
(8, 9, 15, 21, 30, 34)
(4, 17, 19, 20, 27, 30)
(5, 16, 18, 23, 24, 31)
(9, 10, 14, 23, 25, 36)
(3, 8, 15, 21, 34, 36)
(8, 15, 19, 20, 21, 34)
(2, 8, 15, 21, 34, 37)
(9, 12, 14, 22, 25, 35)
(1, 14, 19, 20, 27, 36)
(1, 8, 14, 27, 31, 36)
(4, 10, 17, 23, 25, 38)
(1, 5, 18, 24, 31, 38)
(2, 15, 16, 23, 28, 33)
(3, 12, 18, 21, 25, 38)
(2, 4, 17, 27, 30, 37)
(6, 9, 10, 23, 33, 36)
(2, 3, 15, 28, 33, 36)
(9, 10, 18, 21, 23, 36)
(6, 15, 19, 21, 24, 32)
(3, 11, 16, 28, 29, 30)
(6, 8, 19, 21, 31, 32)
(6, 8, 11, 21, 34, 37)
(4, 5, 17, 27, 30, 34)
(5, 7, 18, 20, 33, 34)
(8, 13, 15, 21, 26, 34)
(2, 5, 15, 28, 33, 34)
(3, 7, 12, 25, 32, 38)
(1, 6, 11, 24, 37, 38)
(4, 11, 17, 27, 28, 30)
(4, 8, 17, 27, 30, 31)
(6, 8, 15, 21, 33, 34)
(3, 16, 18, 21, 29, 30)
(6, 14, 19, 21, 25, 32)
(3, 12, 13, 25, 26, 38)
(2, 13, 15, 26, 28, 33)
(1, 6, 14, 27, 33, 36)
(1, 2, 14, 27, 36, 37)
(8, 9, 10, 23, 31, 36)
(1, 8, 15, 21, 34, 38)
(6, 10, 19, 21, 29, 32)
(2, 5, 19, 28, 31, 32)
(1, 16, 19, 22, 28, 31)
(3, 10, 12, 25, 29, 38)
(4, 5, 18, 24, 31, 35)
(9, 10, 12, 22, 29, 35)
(5, 6, 19, 21, 32, 34)
(6, 11, 18, 21, 24, 37)
(3, 4, 17, 25, 30, 38)
(5, 9, 18, 24, 30, 31)
(9, 10, 11, 23, 28, 36)
(5, 6, 11, 24, 34, 37)
(1, 14, 16, 27, 29, 30)
(2, 9, 15, 28, 30, 33)
(5, 18, 19, 20, 24, 31)
(3, 12, 15, 24, 25, 38)
(9, 12, 19, 20, 22, 35)
(3, 13, 16, 26, 29, 30)
(8, 11, 15, 21, 28, 34)
(3, 8, 12, 25, 31, 38)
(5, 13, 18, 24, 26, 31)
(8, 10, 15, 21, 29, 34)
(5, 12, 18, 24, 27, 31)
(7, 11, 18, 20, 24, 37)
(1, 14, 18, 21, 27, 36)
(6, 9, 19, 21, 30, 32)
(2, 7, 18, 20, 33, 37)
(1, 9, 14, 22, 35, 36)
(7, 8, 11, 20, 34, 37)
(1, 5, 14, 27, 34, 36)
(2, 15, 19, 20, 28, 33)
(5, 6, 18, 24, 31, 33)
(2, 5, 18, 24, 31, 37)
(2, 5, 17, 23, 32, 38)
(3, 12, 16, 22, 29, 35)
(3, 5, 16, 29, 30, 34)
(1, 4, 17, 27, 30, 38)
(2, 3, 16, 29, 30, 37)
(7, 8, 15, 21, 32, 34)
(8, 11, 14, 20, 29, 35)
(8, 9, 12, 22, 31, 35)
(9, 10, 17, 22, 23, 36)
(4, 13, 17, 26, 27, 30)
(3, 12, 17, 22, 25, 38)
(7, 13, 18, 20, 26, 33)
(3, 4, 17, 27, 30, 36)
(6, 11, 17, 22, 24, 37)
(5, 17, 18, 22, 24, 31)
(7, 9, 12, 22, 32, 35)
(1, 4, 14, 27, 35, 36)
(9, 10, 12, 23, 25, 38)
(3, 7, 16, 29, 30, 32)
(9, 12, 18, 21, 22, 35)
(6, 11, 12, 24, 27, 37)
(9, 10, 19, 20, 23, 36)
(9, 11, 12, 22, 28, 35)
(1, 9, 12, 22, 35, 38)
(4, 6, 17, 27, 30, 33)
(7, 9, 10, 23, 32, 36)
(3, 8, 16, 29, 30, 31)
(3, 9, 12, 25, 30, 38)
(6, 10, 11, 24, 29, 37)
(3, 16, 17, 22, 29, 30)
(1, 14, 16, 22, 29, 35)
(1, 6, 19, 21, 32, 38)
(4, 7, 17, 27, 30, 32)
(6, 13, 19, 21, 26, 32)
(6, 11, 14, 24, 25, 37)
(7, 8, 15, 20, 33, 34)
(7, 17, 18, 20, 22, 33)
(7, 12, 18, 20, 27, 33)
(1, 10, 14, 27, 29, 36)
(6, 11, 16, 23, 24, 37)
(4, 14, 17, 25, 27, 30)
(2, 5, 18, 28, 31, 33)
(6, 8, 11, 24, 31, 37)
(3, 9, 12, 22, 35, 36)
(8, 15, 17, 21, 22, 34)
(2, 12, 15, 27, 28, 33)
(8, 15, 16, 21, 23, 34)
(6, 11, 19, 21, 28, 32)
(1, 11, 14, 27, 28, 36)
(3, 6, 11, 24, 36, 37)
(4, 9, 10, 23, 35, 36)
(3, 16, 19, 20, 29, 30)
(1, 7, 16, 22, 34, 37)
(2, 10, 15, 28, 29, 33)
(6, 11, 13, 24, 26, 37)
(8, 11, 17, 20, 23, 38)
(2, 9, 12, 22, 35, 37)
(2, 15, 19, 21, 28, 32)
(7, 16, 18, 20, 23, 33)
(2, 5, 14, 29, 32, 35)
(1, 7, 14, 27, 32, 36)
(4, 10, 19, 25, 28, 31)
(4, 15, 17, 24, 27, 30)
(1, 3, 16, 29, 30, 38)
(2, 3, 12, 25, 37, 38)
(9, 10, 13, 23, 26, 36)
(8, 14, 15, 21, 25, 34)
(7, 15, 18, 20, 24, 33)
(5, 6, 19, 24, 31, 32)
(8, 12, 15, 21, 27, 34)
(4, 16, 17, 23, 27, 30)
(1, 7, 18, 20, 33, 38)
(1, 14, 17, 22, 27, 36)
(3, 5, 12, 25, 34, 38)
(3, 14, 16, 25, 29, 30)
(2, 15, 17, 22, 28, 33)
(3, 12, 16, 23, 25, 38)
(6, 17, 19, 21, 22, 32)
(3, 7, 18, 20, 33, 36)
(2, 14, 15, 25, 28, 33)
(2, 8, 15, 28, 31, 33)
(3, 4, 16, 29, 30, 35)
(1, 14, 15, 24, 27, 36)
(2, 4, 15, 28, 33, 35)
(4, 6, 19, 21, 32, 35)
(7, 8, 18, 20, 31, 33)
(4, 6, 11, 24, 35, 37)
(1, 2, 15, 28, 33, 38)
(4, 10, 17, 27, 29, 30)
(9, 12, 13, 22, 26, 35)
(2, 9, 10, 23, 36, 37)
(5, 14, 18, 24, 25, 31)
(7, 11, 18, 20, 28, 33)
(3, 6, 19, 21, 32, 36)
(3, 4, 12, 25, 35, 38)
(1, 9, 10, 23, 36, 38)
(4, 17, 18, 21, 27, 30)
(9, 12, 15, 22, 24, 35)
(6, 9, 12, 22, 33, 35)
(1, 13, 14, 26, 27, 36)
(6, 16, 19, 21, 23, 32)
(5, 9, 12, 22, 34, 35)
(4, 10, 17, 23, 27, 36)
(6, 12, 19, 21, 27, 32)
(5, 7, 18, 24, 31, 32)
(3, 5, 18, 24, 31, 36)
}

method validate_set_V(39, 3) ran to completion.
