Running method validate_set_V(m = 19, d = 7) and generating using halves:

Summary:
given m = 19, d = 7
Calculations took 0 days, 0 hours, 0 minutes, 0 seconds, 5 miliseconds, 266 microseconds, 600 nanoseconds.
Z/mZ:  [0, 1, 2, 3, 4, 5, 6, 7, 8, 9, 10, 11, 12, 13, 14, 15, 16, 17, 18]
Z/mZ*: [1, 2, 3, 4, 5, 6, 7, 8, 9, 10, 11, 12, 13, 14, 15, 16, 17, 18]
All ascending & non-repeating tuple (size 14) combinations possible for the U set: 3060
                      V set: contains 36 tuples
          all_are_pairs set: contains 36 tuples
         some_are_pairs set: contains 0 tuples
         none_are_pairs set: contains 0 tuples
         indecomposable set: contains 0 tuples
decomposable & no pairs set: contains 0 tuples
     exceptional_cycles set: contains 0 tuples

Print V set (contains 36 tuples): {
(1, 2, 3, 4, 5, 6, 7, 12, 13, 14, 15, 16, 17, 18)
(1, 2, 3, 4, 5, 6, 8, 11, 13, 14, 15, 16, 17, 18)
(1, 2, 3, 4, 5, 6, 9, 10, 13, 14, 15, 16, 17, 18)
(1, 2, 3, 4, 5, 7, 8, 11, 12, 14, 15, 16, 17, 18)
(1, 2, 3, 4, 5, 7, 9, 10, 12, 14, 15, 16, 17, 18)
(1, 2, 3, 4, 5, 8, 9, 10, 11, 14, 15, 16, 17, 18)
(1, 2, 3, 4, 6, 7, 8, 11, 12, 13, 15, 16, 17, 18)
(1, 2, 3, 4, 6, 7, 9, 10, 12, 13, 15, 16, 17, 18)
(1, 2, 3, 4, 6, 8, 9, 10, 11, 13, 15, 16, 17, 18)
(1, 2, 3, 4, 7, 8, 9, 10, 11, 12, 15, 16, 17, 18)
(1, 2, 3, 5, 6, 7, 8, 11, 12, 13, 14, 16, 17, 18)
(1, 2, 3, 5, 6, 7, 9, 10, 12, 13, 14, 16, 17, 18)
(1, 2, 3, 5, 6, 8, 9, 10, 11, 13, 14, 16, 17, 18)
(1, 2, 3, 5, 7, 8, 9, 10, 11, 12, 14, 16, 17, 18)
(1, 2, 3, 6, 7, 8, 9, 10, 11, 12, 13, 16, 17, 18)
(1, 2, 4, 5, 6, 7, 8, 11, 12, 13, 14, 15, 17, 18)
(1, 2, 4, 5, 6, 7, 9, 10, 12, 13, 14, 15, 17, 18)
(1, 2, 4, 5, 6, 8, 9, 10, 11, 13, 14, 15, 17, 18)
(1, 2, 4, 5, 7, 8, 9, 10, 11, 12, 14, 15, 17, 18)
(1, 2, 4, 6, 7, 8, 9, 10, 11, 12, 13, 15, 17, 18)
(1, 2, 5, 6, 7, 8, 9, 10, 11, 12, 13, 14, 17, 18)
(1, 3, 4, 5, 6, 7, 8, 11, 12, 13, 14, 15, 16, 18)
(1, 3, 4, 5, 6, 7, 9, 10, 12, 13, 14, 15, 16, 18)
(1, 3, 4, 5, 6, 8, 9, 10, 11, 13, 14, 15, 16, 18)
(1, 3, 4, 5, 7, 8, 9, 10, 11, 12, 14, 15, 16, 18)
(1, 3, 4, 6, 7, 8, 9, 10, 11, 12, 13, 15, 16, 18)
(1, 3, 5, 6, 7, 8, 9, 10, 11, 12, 13, 14, 16, 18)
(1, 4, 5, 6, 7, 8, 9, 10, 11, 12, 13, 14, 15, 18)
(2, 3, 4, 5, 6, 7, 8, 11, 12, 13, 14, 15, 16, 17)
(2, 3, 4, 5, 6, 7, 9, 10, 12, 13, 14, 15, 16, 17)
(2, 3, 4, 5, 6, 8, 9, 10, 11, 13, 14, 15, 16, 17)
(2, 3, 4, 5, 7, 8, 9, 10, 11, 12, 14, 15, 16, 17)
(2, 3, 4, 6, 7, 8, 9, 10, 11, 12, 13, 15, 16, 17)
(2, 3, 5, 6, 7, 8, 9, 10, 11, 12, 13, 14, 16, 17)
(2, 4, 5, 6, 7, 8, 9, 10, 11, 12, 13, 14, 15, 17)
(3, 4, 5, 6, 7, 8, 9, 10, 11, 12, 13, 14, 15, 16)
}

Print all_are_pairs (contains 36 tuples): {
(1, 2, 3, 4, 5, 7, 8, 11, 12, 14, 15, 16, 17, 18)
(1, 2, 3, 4, 5, 6, 9, 10, 13, 14, 15, 16, 17, 18)
(1, 2, 3, 5, 7, 8, 9, 10, 11, 12, 14, 16, 17, 18)
(1, 2, 3, 4, 6, 7, 9, 10, 12, 13, 15, 16, 17, 18)
(1, 2, 3, 5, 6, 8, 9, 10, 11, 13, 14, 16, 17, 18)
(2, 4, 5, 6, 7, 8, 9, 10, 11, 12, 13, 14, 15, 17)
(1, 2, 4, 5, 7, 8, 9, 10, 11, 12, 14, 15, 17, 18)
(1, 2, 3, 6, 7, 8, 9, 10, 11, 12, 13, 16, 17, 18)
(1, 3, 4, 5, 6, 7, 9, 10, 12, 13, 14, 15, 16, 18)
(1, 2, 3, 4, 5, 6, 7, 12, 13, 14, 15, 16, 17, 18)
(2, 3, 4, 5, 6, 7, 8, 11, 12, 13, 14, 15, 16, 17)
(1, 3, 5, 6, 7, 8, 9, 10, 11, 12, 13, 14, 16, 18)
(2, 3, 4, 5, 6, 8, 9, 10, 11, 13, 14, 15, 16, 17)
(3, 4, 5, 6, 7, 8, 9, 10, 11, 12, 13, 14, 15, 16)
(1, 2, 3, 4, 5, 7, 9, 10, 12, 14, 15, 16, 17, 18)
(1, 3, 4, 6, 7, 8, 9, 10, 11, 12, 13, 15, 16, 18)
(1, 2, 4, 5, 6, 7, 9, 10, 12, 13, 14, 15, 17, 18)
(2, 3, 5, 6, 7, 8, 9, 10, 11, 12, 13, 14, 16, 17)
(1, 2, 4, 5, 6, 8, 9, 10, 11, 13, 14, 15, 17, 18)
(1, 2, 3, 4, 5, 8, 9, 10, 11, 14, 15, 16, 17, 18)
(1, 2, 3, 5, 6, 7, 8, 11, 12, 13, 14, 16, 17, 18)
(1, 2, 3, 5, 6, 7, 9, 10, 12, 13, 14, 16, 17, 18)
(2, 3, 4, 6, 7, 8, 9, 10, 11, 12, 13, 15, 16, 17)
(1, 2, 4, 6, 7, 8, 9, 10, 11, 12, 13, 15, 17, 18)
(2, 3, 4, 5, 6, 7, 9, 10, 12, 13, 14, 15, 16, 17)
(1, 2, 3, 4, 6, 7, 8, 11, 12, 13, 15, 16, 17, 18)
(1, 2, 3, 4, 5, 6, 8, 11, 13, 14, 15, 16, 17, 18)
(2, 3, 4, 5, 7, 8, 9, 10, 11, 12, 14, 15, 16, 17)
(1, 4, 5, 6, 7, 8, 9, 10, 11, 12, 13, 14, 15, 18)
(1, 2, 3, 4, 6, 8, 9, 10, 11, 13, 15, 16, 17, 18)
(1, 2, 4, 5, 6, 7, 8, 11, 12, 13, 14, 15, 17, 18)
(1, 3, 4, 5, 6, 8, 9, 10, 11, 13, 14, 15, 16, 18)
(1, 2, 3, 4, 7, 8, 9, 10, 11, 12, 15, 16, 17, 18)
(1, 2, 5, 6, 7, 8, 9, 10, 11, 12, 13, 14, 17, 18)
(1, 3, 4, 5, 6, 7, 8, 11, 12, 13, 14, 15, 16, 18)
(1, 3, 4, 5, 7, 8, 9, 10, 11, 12, 14, 15, 16, 18)
}

Print some_are_pairs (contains 0 tuples): {
}

Print none_are_pairs (contains 0 tuples): {
}

Print indecomposable (contains 0 tuples): {
}

Print decomposable but no pairs (contains 0 tuples): {
}

Print exceptional cycles (contains 0 tuples): {
}

method validate_set_V(19, 7) ran to completion.
