Running method validate_set_V(m = 19, d = 3) and generating using halves:

Summary:
given m = 19, d = 3
Calculations took 0 days, 0 hours, 0 minutes, 0 seconds, 4 miliseconds, 960 microseconds, 200 nanoseconds.
Z/mZ:  [0, 1, 2, 3, 4, 5, 6, 7, 8, 9, 10, 11, 12, 13, 14, 15, 16, 17, 18]
Z/mZ*: [1, 2, 3, 4, 5, 6, 7, 8, 9, 10, 11, 12, 13, 14, 15, 16, 17, 18]
All ascending & non-repeating tuple (size 6) combinations possible for the U set: 18564
                      V set: contains 84 tuples
          all_are_pairs set: contains 84 tuples
         some_are_pairs set: contains 0 tuples
         none_are_pairs set: contains 0 tuples
         indecomposable set: contains 0 tuples
decomposable & no pairs set: contains 0 tuples
     exceptional_cycles set: contains 0 tuples

Print V set (contains 84 tuples): {
(1, 2, 3, 16, 17, 18)
(1, 2, 4, 15, 17, 18)
(1, 2, 5, 14, 17, 18)
(1, 2, 6, 13, 17, 18)
(1, 2, 7, 12, 17, 18)
(1, 2, 8, 11, 17, 18)
(1, 2, 9, 10, 17, 18)
(1, 3, 4, 15, 16, 18)
(1, 3, 5, 14, 16, 18)
(1, 3, 6, 13, 16, 18)
(1, 3, 7, 12, 16, 18)
(1, 3, 8, 11, 16, 18)
(1, 3, 9, 10, 16, 18)
(1, 4, 5, 14, 15, 18)
(1, 4, 6, 13, 15, 18)
(1, 4, 7, 12, 15, 18)
(1, 4, 8, 11, 15, 18)
(1, 4, 9, 10, 15, 18)
(1, 5, 6, 13, 14, 18)
(1, 5, 7, 12, 14, 18)
(1, 5, 8, 11, 14, 18)
(1, 5, 9, 10, 14, 18)
(1, 6, 7, 12, 13, 18)
(1, 6, 8, 11, 13, 18)
(1, 6, 9, 10, 13, 18)
(1, 7, 8, 11, 12, 18)
(1, 7, 9, 10, 12, 18)
(1, 8, 9, 10, 11, 18)
(2, 3, 4, 15, 16, 17)
(2, 3, 5, 14, 16, 17)
(2, 3, 6, 13, 16, 17)
(2, 3, 7, 12, 16, 17)
(2, 3, 8, 11, 16, 17)
(2, 3, 9, 10, 16, 17)
(2, 4, 5, 14, 15, 17)
(2, 4, 6, 13, 15, 17)
(2, 4, 7, 12, 15, 17)
(2, 4, 8, 11, 15, 17)
(2, 4, 9, 10, 15, 17)
(2, 5, 6, 13, 14, 17)
(2, 5, 7, 12, 14, 17)
(2, 5, 8, 11, 14, 17)
(2, 5, 9, 10, 14, 17)
(2, 6, 7, 12, 13, 17)
(2, 6, 8, 11, 13, 17)
(2, 6, 9, 10, 13, 17)
(2, 7, 8, 11, 12, 17)
(2, 7, 9, 10, 12, 17)
(2, 8, 9, 10, 11, 17)
(3, 4, 5, 14, 15, 16)
(3, 4, 6, 13, 15, 16)
(3, 4, 7, 12, 15, 16)
(3, 4, 8, 11, 15, 16)
(3, 4, 9, 10, 15, 16)
(3, 5, 6, 13, 14, 16)
(3, 5, 7, 12, 14, 16)
(3, 5, 8, 11, 14, 16)
(3, 5, 9, 10, 14, 16)
(3, 6, 7, 12, 13, 16)
(3, 6, 8, 11, 13, 16)
(3, 6, 9, 10, 13, 16)
(3, 7, 8, 11, 12, 16)
(3, 7, 9, 10, 12, 16)
(3, 8, 9, 10, 11, 16)
(4, 5, 6, 13, 14, 15)
(4, 5, 7, 12, 14, 15)
(4, 5, 8, 11, 14, 15)
(4, 5, 9, 10, 14, 15)
(4, 6, 7, 12, 13, 15)
(4, 6, 8, 11, 13, 15)
(4, 6, 9, 10, 13, 15)
(4, 7, 8, 11, 12, 15)
(4, 7, 9, 10, 12, 15)
(4, 8, 9, 10, 11, 15)
(5, 6, 7, 12, 13, 14)
(5, 6, 8, 11, 13, 14)
(5, 6, 9, 10, 13, 14)
(5, 7, 8, 11, 12, 14)
(5, 7, 9, 10, 12, 14)
(5, 8, 9, 10, 11, 14)
(6, 7, 8, 11, 12, 13)
(6, 7, 9, 10, 12, 13)
(6, 8, 9, 10, 11, 13)
(7, 8, 9, 10, 11, 12)
}

Print all_are_pairs (contains 84 tuples): {
(3, 4, 7, 12, 15, 16)
(2, 7, 8, 11, 12, 17)
(2, 4, 5, 14, 15, 17)
(2, 4, 7, 12, 15, 17)
(4, 5, 6, 13, 14, 15)
(1, 3, 7, 12, 16, 18)
(4, 6, 9, 10, 13, 15)
(6, 7, 9, 10, 12, 13)
(4, 7, 8, 11, 12, 15)
(1, 6, 9, 10, 13, 18)
(5, 6, 7, 12, 13, 14)
(1, 2, 3, 16, 17, 18)
(2, 7, 9, 10, 12, 17)
(4, 8, 9, 10, 11, 15)
(1, 2, 8, 11, 17, 18)
(3, 7, 8, 11, 12, 16)
(2, 4, 9, 10, 15, 17)
(3, 6, 7, 12, 13, 16)
(1, 3, 9, 10, 16, 18)
(1, 4, 7, 12, 15, 18)
(2, 3, 8, 11, 16, 17)
(7, 8, 9, 10, 11, 12)
(6, 8, 9, 10, 11, 13)
(1, 5, 6, 13, 14, 18)
(3, 4, 5, 14, 15, 16)
(2, 5, 7, 12, 14, 17)
(1, 2, 6, 13, 17, 18)
(3, 8, 9, 10, 11, 16)
(1, 3, 8, 11, 16, 18)
(4, 7, 9, 10, 12, 15)
(2, 6, 7, 12, 13, 17)
(4, 5, 8, 11, 14, 15)
(5, 7, 8, 11, 12, 14)
(2, 3, 6, 13, 16, 17)
(4, 6, 8, 11, 13, 15)
(1, 4, 5, 14, 15, 18)
(1, 2, 7, 12, 17, 18)
(4, 5, 7, 12, 14, 15)
(1, 5, 8, 11, 14, 18)
(1, 6, 8, 11, 13, 18)
(1, 5, 9, 10, 14, 18)
(3, 4, 8, 11, 15, 16)
(3, 6, 9, 10, 13, 16)
(2, 5, 6, 13, 14, 17)
(1, 4, 9, 10, 15, 18)
(3, 5, 9, 10, 14, 16)
(2, 3, 4, 15, 16, 17)
(3, 4, 9, 10, 15, 16)
(3, 4, 6, 13, 15, 16)
(5, 6, 9, 10, 13, 14)
(2, 3, 7, 12, 16, 17)
(2, 8, 9, 10, 11, 17)
(1, 6, 7, 12, 13, 18)
(2, 6, 9, 10, 13, 17)
(1, 3, 5, 14, 16, 18)
(5, 8, 9, 10, 11, 14)
(2, 3, 9, 10, 16, 17)
(4, 6, 7, 12, 13, 15)
(3, 5, 6, 13, 14, 16)
(3, 7, 9, 10, 12, 16)
(5, 7, 9, 10, 12, 14)
(2, 5, 9, 10, 14, 17)
(3, 5, 7, 12, 14, 16)
(1, 4, 6, 13, 15, 18)
(2, 4, 8, 11, 15, 17)
(1, 2, 5, 14, 17, 18)
(1, 7, 8, 11, 12, 18)
(4, 5, 9, 10, 14, 15)
(1, 2, 9, 10, 17, 18)
(3, 5, 8, 11, 14, 16)
(1, 7, 9, 10, 12, 18)
(1, 2, 4, 15, 17, 18)
(2, 3, 5, 14, 16, 17)
(3, 6, 8, 11, 13, 16)
(1, 3, 6, 13, 16, 18)
(1, 4, 8, 11, 15, 18)
(1, 5, 7, 12, 14, 18)
(6, 7, 8, 11, 12, 13)
(1, 8, 9, 10, 11, 18)
(5, 6, 8, 11, 13, 14)
(2, 5, 8, 11, 14, 17)
(2, 4, 6, 13, 15, 17)
(2, 6, 8, 11, 13, 17)
(1, 3, 4, 15, 16, 18)
}

Print some_are_pairs (contains 0 tuples): {
}

Print none_are_pairs (contains 0 tuples): {
}

Print indecomposable (contains 0 tuples): {
}

Print decomposable but no pairs (contains 0 tuples): {
}

Print exceptional cycles (contains 0 tuples): {
}

method validate_set_V(19, 3) ran to completion.
