Running method validate_set_V(m = 33, d = 3) and generating using halves:

Summary:
given m = 33, d = 3
Calculations took 0 days, 0 hours, 0 minutes, 0 seconds, 7 miliseconds, 533 microseconds, 400 nanoseconds.
Z/mZ:  [0, 1, 2, 3, 4, 5, 6, 7, 8, 9, 10, 11, 12, 13, 14, 15, 16, 17, 18, 19, 20, 21, 22, 23, 24, 25, 26, 27, 28, 29, 30, 31, 32]
Z/mZ*: [32, 1, 2, 4, 5, 7, 8, 10, 13, 14, 16, 17, 19, 20, 23, 25, 26, 28, 29, 31]
All ascending & non-repeating tuple (size 6) combinations possible for the U set: 906192
                      V set: contains 694 tuples
          all_are_pairs set: contains 560 tuples
         some_are_pairs set: contains 120 tuples
         none_are_pairs set: contains 14 tuples
         indecomposable set: contains 14 tuples
decomposable & no pairs set: contains 0 tuples
     exceptional_cycles set: contains 134 tuples

Print V set (contains 694 tuples): {
(1, 2, 3, 30, 31, 32)
(1, 2, 4, 29, 31, 32)
(1, 2, 5, 28, 31, 32)
(1, 2, 6, 27, 31, 32)
(1, 2, 7, 26, 31, 32)
(1, 2, 8, 25, 31, 32)
(1, 2, 9, 24, 31, 32)
(1, 2, 10, 23, 31, 32)
(1, 2, 11, 22, 31, 32)
(1, 2, 12, 21, 31, 32)
(1, 2, 12, 23, 30, 31)
(1, 2, 13, 20, 31, 32)
(1, 2, 13, 24, 27, 32)
(1, 2, 14, 19, 31, 32)
(1, 2, 15, 18, 31, 32)
(1, 2, 16, 17, 31, 32)
(1, 3, 4, 29, 30, 32)
(1, 3, 5, 28, 30, 32)
(1, 3, 6, 27, 30, 32)
(1, 3, 7, 26, 30, 32)
(1, 3, 8, 25, 30, 32)
(1, 3, 9, 24, 30, 32)
(1, 3, 10, 23, 30, 32)
(1, 3, 11, 22, 30, 32)
(1, 3, 12, 21, 30, 32)
(1, 3, 13, 20, 30, 32)
(1, 3, 14, 19, 30, 32)
(1, 3, 14, 24, 25, 32)
(1, 3, 15, 18, 30, 32)
(1, 3, 16, 17, 30, 32)
(1, 4, 5, 28, 29, 32)
(1, 4, 6, 27, 29, 32)
(1, 4, 7, 26, 29, 32)
(1, 4, 8, 25, 29, 32)
(1, 4, 9, 24, 29, 32)
(1, 4, 10, 23, 29, 32)
(1, 4, 11, 22, 29, 32)
(1, 4, 12, 21, 29, 32)
(1, 4, 12, 23, 29, 30)
(1, 4, 13, 20, 29, 32)
(1, 4, 14, 19, 29, 32)
(1, 4, 15, 18, 29, 32)
(1, 4, 15, 21, 26, 32)
(1, 4, 15, 23, 26, 30)
(1, 4, 16, 17, 29, 32)
(1, 4, 16, 22, 25, 31)
(1, 5, 6, 27, 28, 32)
(1, 5, 7, 26, 28, 32)
(1, 5, 8, 25, 28, 32)
(1, 5, 9, 24, 28, 32)
(1, 5, 10, 23, 28, 32)
(1, 5, 11, 22, 28, 32)
(1, 5, 12, 21, 28, 32)
(1, 5, 12, 23, 28, 30)
(1, 5, 13, 20, 28, 32)
(1, 5, 14, 19, 28, 32)
(1, 5, 15, 18, 28, 32)
(1, 5, 16, 17, 28, 32)
(1, 5, 16, 18, 27, 32)
(1, 6, 7, 26, 27, 32)
(1, 6, 8, 25, 27, 32)
(1, 6, 9, 20, 31, 32)
(1, 6, 9, 24, 27, 32)
(1, 6, 10, 23, 27, 32)
(1, 6, 11, 22, 27, 32)
(1, 6, 12, 21, 27, 32)
(1, 6, 12, 23, 27, 30)
(1, 6, 13, 20, 27, 32)
(1, 6, 14, 19, 27, 32)
(1, 6, 15, 17, 28, 32)
(1, 6, 15, 18, 27, 32)
(1, 6, 16, 17, 27, 32)
(1, 7, 8, 25, 26, 32)
(1, 7, 9, 24, 26, 32)
(1, 7, 10, 23, 26, 32)
(1, 7, 11, 22, 26, 32)
(1, 7, 12, 18, 29, 32)
(1, 7, 12, 21, 26, 32)
(1, 7, 12, 23, 26, 30)
(1, 7, 13, 20, 26, 32)
(1, 7, 14, 19, 26, 32)
(1, 7, 15, 18, 26, 32)
(1, 7, 16, 17, 26, 32)
(1, 8, 9, 19, 30, 32)
(1, 8, 9, 24, 25, 32)
(1, 8, 10, 23, 25, 32)
(1, 8, 11, 22, 25, 32)
(1, 8, 12, 21, 25, 32)
(1, 8, 12, 23, 25, 30)
(1, 8, 13, 20, 25, 32)
(1, 8, 14, 19, 25, 32)
(1, 8, 15, 18, 25, 32)
(1, 8, 16, 17, 25, 32)
(1, 9, 10, 23, 24, 32)
(1, 9, 11, 22, 24, 32)
(1, 9, 12, 21, 24, 32)
(1, 9, 12, 23, 24, 30)
(1, 9, 13, 20, 24, 32)
(1, 9, 14, 19, 24, 32)
(1, 9, 15, 18, 24, 32)
(1, 9, 16, 17, 24, 32)
(1, 10, 11, 22, 23, 32)
(1, 10, 12, 21, 23, 32)
(1, 10, 13, 20, 23, 32)
(1, 10, 14, 19, 23, 32)
(1, 10, 15, 18, 23, 32)
(1, 10, 16, 17, 23, 32)
(1, 11, 12, 21, 22, 32)
(1, 11, 12, 22, 23, 30)
(1, 11, 13, 20, 22, 32)
(1, 11, 14, 19, 22, 32)
(1, 11, 15, 18, 22, 32)
(1, 11, 16, 17, 22, 32)
(1, 12, 13, 20, 21, 32)
(1, 12, 13, 20, 23, 30)
(1, 12, 14, 19, 21, 32)
(1, 12, 14, 19, 23, 30)
(1, 12, 14, 23, 24, 25)
(1, 12, 15, 18, 21, 32)
(1, 12, 15, 18, 23, 30)
(1, 12, 16, 17, 21, 32)
(1, 12, 16, 17, 23, 30)
(1, 13, 14, 19, 20, 32)
(1, 13, 15, 18, 20, 32)
(1, 13, 16, 17, 20, 32)
(1, 14, 15, 18, 19, 32)
(1, 14, 16, 17, 19, 32)
(1, 15, 16, 17, 18, 32)
(2, 3, 4, 29, 30, 31)
(2, 3, 5, 28, 30, 31)
(2, 3, 6, 27, 30, 31)
(2, 3, 7, 26, 30, 31)
(2, 3, 8, 25, 30, 31)
(2, 3, 9, 24, 30, 31)
(2, 3, 10, 21, 31, 32)
(2, 3, 10, 23, 30, 31)
(2, 3, 11, 22, 30, 31)
(2, 3, 12, 21, 30, 31)
(2, 3, 13, 20, 30, 31)
(2, 3, 13, 24, 27, 30)
(2, 3, 14, 19, 30, 31)
(2, 3, 14, 24, 25, 31)
(2, 3, 15, 18, 30, 31)
(2, 3, 16, 17, 30, 31)
(2, 4, 5, 28, 29, 31)
(2, 4, 6, 27, 29, 31)
(2, 4, 7, 26, 29, 31)
(2, 4, 8, 25, 29, 31)
(2, 4, 9, 24, 29, 31)
(2, 4, 10, 23, 29, 31)
(2, 4, 11, 22, 29, 31)
(2, 4, 12, 21, 29, 31)
(2, 4, 13, 20, 29, 31)
(2, 4, 13, 24, 27, 29)
(2, 4, 14, 19, 29, 31)
(2, 4, 15, 18, 29, 31)
(2, 4, 15, 21, 26, 31)
(2, 4, 16, 17, 29, 31)
(2, 5, 6, 27, 28, 31)
(2, 5, 7, 26, 28, 31)
(2, 5, 8, 25, 28, 31)
(2, 5, 9, 24, 28, 31)
(2, 5, 10, 23, 28, 31)
(2, 5, 11, 22, 28, 31)
(2, 5, 12, 21, 28, 31)
(2, 5, 13, 20, 28, 31)
(2, 5, 13, 24, 27, 28)
(2, 5, 14, 19, 28, 31)
(2, 5, 15, 18, 28, 31)
(2, 5, 16, 17, 28, 31)
(2, 5, 16, 18, 27, 31)
(2, 6, 7, 26, 27, 31)
(2, 6, 8, 25, 27, 31)
(2, 6, 9, 24, 27, 31)
(2, 6, 10, 23, 27, 31)
(2, 6, 11, 22, 27, 31)
(2, 6, 12, 21, 27, 31)
(2, 6, 13, 20, 27, 31)
(2, 6, 14, 19, 27, 31)
(2, 6, 15, 17, 28, 31)
(2, 6, 15, 18, 27, 31)
(2, 6, 16, 17, 27, 31)
(2, 7, 8, 25, 26, 31)
(2, 7, 9, 24, 26, 31)
(2, 7, 10, 23, 26, 31)
(2, 7, 11, 22, 26, 31)
(2, 7, 12, 18, 29, 31)
(2, 7, 12, 21, 26, 31)
(2, 7, 13, 20, 26, 31)
(2, 7, 13, 24, 26, 27)
(2, 7, 14, 19, 26, 31)
(2, 7, 15, 18, 26, 31)
(2, 7, 16, 17, 26, 31)
(2, 8, 9, 19, 30, 31)
(2, 8, 9, 24, 25, 31)
(2, 8, 10, 23, 25, 31)
(2, 8, 11, 17, 29, 32)
(2, 8, 11, 22, 25, 31)
(2, 8, 12, 21, 25, 31)
(2, 8, 13, 19, 27, 30)
(2, 8, 13, 20, 25, 31)
(2, 8, 13, 24, 25, 27)
(2, 8, 14, 19, 25, 31)
(2, 8, 15, 18, 25, 31)
(2, 8, 16, 17, 25, 31)
(2, 9, 10, 23, 24, 31)
(2, 9, 11, 22, 24, 31)
(2, 9, 12, 21, 24, 31)
(2, 9, 13, 20, 24, 31)
(2, 9, 14, 19, 24, 31)
(2, 9, 15, 18, 24, 31)
(2, 9, 16, 17, 24, 31)
(2, 10, 11, 22, 23, 31)
(2, 10, 12, 21, 23, 31)
(2, 10, 13, 20, 23, 31)
(2, 10, 13, 23, 24, 27)
(2, 10, 14, 19, 23, 31)
(2, 10, 15, 18, 23, 31)
(2, 10, 16, 17, 23, 31)
(2, 11, 12, 21, 22, 31)
(2, 11, 13, 20, 22, 31)
(2, 11, 13, 22, 24, 27)
(2, 11, 14, 19, 22, 31)
(2, 11, 15, 18, 22, 31)
(2, 11, 16, 17, 22, 31)
(2, 12, 13, 20, 21, 31)
(2, 12, 13, 21, 24, 27)
(2, 12, 14, 19, 21, 31)
(2, 12, 15, 18, 21, 31)
(2, 12, 16, 17, 21, 31)
(2, 13, 14, 19, 20, 31)
(2, 13, 14, 19, 24, 27)
(2, 13, 15, 17, 24, 28)
(2, 13, 15, 18, 20, 31)
(2, 13, 15, 18, 24, 27)
(2, 13, 16, 17, 20, 31)
(2, 13, 16, 17, 24, 27)
(2, 14, 15, 18, 19, 31)
(2, 14, 16, 17, 19, 31)
(2, 15, 16, 17, 18, 31)
(3, 4, 5, 28, 29, 30)
(3, 4, 6, 27, 29, 30)
(3, 4, 7, 26, 29, 30)
(3, 4, 8, 25, 29, 30)
(3, 4, 9, 24, 29, 30)
(3, 4, 10, 21, 29, 32)
(3, 4, 10, 23, 29, 30)
(3, 4, 11, 22, 29, 30)
(3, 4, 12, 21, 29, 30)
(3, 4, 13, 20, 29, 30)
(3, 4, 14, 19, 29, 30)
(3, 4, 14, 24, 25, 29)
(3, 4, 15, 18, 29, 30)
(3, 4, 15, 21, 26, 30)
(3, 4, 16, 17, 29, 30)
(3, 5, 6, 27, 28, 30)
(3, 5, 7, 26, 28, 30)
(3, 5, 8, 25, 28, 30)
(3, 5, 9, 24, 28, 30)
(3, 5, 10, 21, 28, 32)
(3, 5, 10, 23, 28, 30)
(3, 5, 11, 22, 28, 30)
(3, 5, 12, 21, 28, 30)
(3, 5, 13, 20, 28, 30)
(3, 5, 14, 19, 28, 30)
(3, 5, 14, 24, 25, 28)
(3, 5, 15, 18, 28, 30)
(3, 5, 16, 17, 28, 30)
(3, 5, 16, 18, 27, 30)
(3, 6, 7, 26, 27, 30)
(3, 6, 8, 25, 27, 30)
(3, 6, 9, 20, 30, 31)
(3, 6, 9, 24, 27, 30)
(3, 6, 10, 21, 27, 32)
(3, 6, 10, 23, 27, 30)
(3, 6, 11, 22, 27, 30)
(3, 6, 12, 21, 27, 30)
(3, 6, 13, 20, 27, 30)
(3, 6, 14, 19, 27, 30)
(3, 6, 14, 20, 25, 31)
(3, 6, 14, 24, 25, 27)
(3, 6, 15, 17, 28, 30)
(3, 6, 15, 18, 27, 30)
(3, 6, 16, 17, 27, 30)
(3, 7, 8, 25, 26, 30)
(3, 7, 9, 24, 26, 30)
(3, 7, 10, 18, 29, 32)
(3, 7, 10, 21, 26, 32)
(3, 7, 10, 23, 26, 30)
(3, 7, 11, 22, 26, 30)
(3, 7, 12, 18, 29, 30)
(3, 7, 12, 21, 26, 30)
(3, 7, 13, 20, 26, 30)
(3, 7, 14, 19, 26, 30)
(3, 7, 14, 24, 25, 26)
(3, 7, 15, 18, 26, 30)
(3, 7, 16, 17, 26, 30)
(3, 8, 9, 24, 25, 30)
(3, 8, 10, 21, 25, 32)
(3, 8, 10, 23, 25, 30)
(3, 8, 11, 22, 25, 30)
(3, 8, 12, 21, 25, 30)
(3, 8, 13, 20, 25, 30)
(3, 8, 14, 19, 25, 30)
(3, 8, 15, 18, 25, 30)
(3, 8, 16, 17, 25, 30)
(3, 9, 10, 21, 24, 32)
(3, 9, 10, 23, 24, 30)
(3, 9, 11, 22, 24, 30)
(3, 9, 12, 21, 24, 30)
(3, 9, 13, 20, 24, 30)
(3, 9, 14, 19, 24, 30)
(3, 9, 15, 18, 24, 30)
(3, 9, 16, 17, 24, 30)
(3, 10, 11, 21, 22, 32)
(3, 10, 11, 22, 23, 30)
(3, 10, 12, 21, 23, 30)
(3, 10, 13, 20, 21, 32)
(3, 10, 13, 20, 23, 30)
(3, 10, 14, 19, 21, 32)
(3, 10, 14, 19, 23, 30)
(3, 10, 14, 23, 24, 25)
(3, 10, 15, 18, 21, 32)
(3, 10, 15, 18, 23, 30)
(3, 10, 16, 17, 21, 32)
(3, 10, 16, 17, 23, 30)
(3, 11, 12, 21, 22, 30)
(3, 11, 13, 20, 22, 30)
(3, 11, 14, 19, 22, 30)
(3, 11, 14, 22, 24, 25)
(3, 11, 15, 18, 22, 30)
(3, 11, 16, 17, 22, 30)
(3, 12, 13, 20, 21, 30)
(3, 12, 14, 19, 21, 30)
(3, 12, 14, 21, 24, 25)
(3, 12, 15, 18, 21, 30)
(3, 12, 16, 17, 21, 30)
(3, 13, 14, 19, 20, 30)
(3, 13, 14, 20, 24, 25)
(3, 13, 15, 18, 20, 30)
(3, 13, 16, 17, 20, 30)
(3, 14, 15, 18, 19, 30)
(3, 14, 15, 18, 24, 25)
(3, 14, 16, 17, 19, 30)
(3, 14, 16, 17, 24, 25)
(3, 15, 16, 17, 18, 30)
(4, 5, 6, 27, 28, 29)
(4, 5, 7, 26, 28, 29)
(4, 5, 8, 25, 28, 29)
(4, 5, 9, 24, 28, 29)
(4, 5, 10, 23, 28, 29)
(4, 5, 11, 22, 28, 29)
(4, 5, 12, 21, 28, 29)
(4, 5, 13, 20, 28, 29)
(4, 5, 14, 19, 28, 29)
(4, 5, 15, 18, 28, 29)
(4, 5, 15, 21, 26, 28)
(4, 5, 16, 17, 28, 29)
(4, 5, 16, 18, 27, 29)
(4, 5, 16, 21, 26, 27)
(4, 6, 7, 26, 27, 29)
(4, 6, 8, 25, 27, 29)
(4, 6, 9, 20, 29, 31)
(4, 6, 9, 24, 27, 29)
(4, 6, 10, 23, 27, 29)
(4, 6, 11, 22, 27, 29)
(4, 6, 12, 21, 27, 29)
(4, 6, 13, 20, 27, 29)
(4, 6, 14, 19, 27, 29)
(4, 6, 15, 17, 28, 29)
(4, 6, 15, 18, 27, 29)
(4, 6, 15, 21, 26, 27)
(4, 6, 16, 17, 27, 29)
(4, 7, 8, 25, 26, 29)
(4, 7, 9, 24, 26, 29)
(4, 7, 10, 23, 26, 29)
(4, 7, 11, 22, 26, 29)
(4, 7, 12, 21, 26, 29)
(4, 7, 13, 20, 26, 29)
(4, 7, 14, 19, 26, 29)
(4, 7, 15, 18, 26, 29)
(4, 7, 16, 17, 26, 29)
(4, 8, 9, 19, 29, 30)
(4, 8, 9, 24, 25, 29)
(4, 8, 10, 23, 25, 29)
(4, 8, 11, 22, 25, 29)
(4, 8, 12, 21, 25, 29)
(4, 8, 13, 20, 25, 29)
(4, 8, 14, 19, 25, 29)
(4, 8, 15, 18, 25, 29)
(4, 8, 15, 21, 25, 26)
(4, 8, 16, 17, 25, 29)
(4, 9, 10, 23, 24, 29)
(4, 9, 11, 22, 24, 29)
(4, 9, 12, 21, 24, 29)
(4, 9, 13, 20, 24, 29)
(4, 9, 14, 19, 24, 29)
(4, 9, 15, 18, 24, 29)
(4, 9, 15, 21, 24, 26)
(4, 9, 16, 17, 24, 29)
(4, 10, 11, 22, 23, 29)
(4, 10, 12, 21, 23, 29)
(4, 10, 13, 20, 23, 29)
(4, 10, 14, 19, 23, 29)
(4, 10, 15, 18, 23, 29)
(4, 10, 15, 21, 23, 26)
(4, 10, 16, 17, 23, 29)
(4, 11, 12, 21, 22, 29)
(4, 11, 13, 20, 22, 29)
(4, 11, 14, 19, 22, 29)
(4, 11, 15, 18, 22, 29)
(4, 11, 15, 21, 22, 26)
(4, 11, 16, 17, 22, 29)
(4, 12, 13, 20, 21, 29)
(4, 12, 14, 19, 21, 29)
(4, 12, 15, 18, 21, 29)
(4, 12, 16, 17, 21, 29)
(4, 13, 14, 19, 20, 29)
(4, 13, 15, 18, 20, 29)
(4, 13, 15, 20, 21, 26)
(4, 13, 16, 17, 20, 29)
(4, 14, 15, 18, 19, 29)
(4, 14, 15, 19, 21, 26)
(4, 14, 16, 17, 19, 29)
(4, 15, 16, 17, 18, 29)
(4, 15, 16, 17, 21, 26)
(5, 6, 7, 26, 27, 28)
(5, 6, 8, 25, 27, 28)
(5, 6, 9, 20, 28, 31)
(5, 6, 9, 24, 27, 28)
(5, 6, 10, 23, 27, 28)
(5, 6, 11, 22, 27, 28)
(5, 6, 12, 21, 27, 28)
(5, 6, 13, 20, 27, 28)
(5, 6, 14, 19, 27, 28)
(5, 6, 15, 18, 27, 28)
(5, 6, 16, 17, 27, 28)
(5, 7, 8, 25, 26, 28)
(5, 7, 9, 24, 26, 28)
(5, 7, 10, 23, 26, 28)
(5, 7, 11, 22, 26, 28)
(5, 7, 12, 18, 28, 29)
(5, 7, 12, 21, 26, 28)
(5, 7, 13, 20, 26, 28)
(5, 7, 14, 19, 26, 28)
(5, 7, 15, 18, 26, 28)
(5, 7, 16, 17, 26, 28)
(5, 7, 16, 18, 26, 27)
(5, 8, 9, 19, 28, 30)
(5, 8, 9, 24, 25, 28)
(5, 8, 10, 23, 25, 28)
(5, 8, 11, 22, 25, 28)
(5, 8, 12, 21, 25, 28)
(5, 8, 13, 20, 25, 28)
(5, 8, 14, 19, 25, 28)
(5, 8, 15, 18, 25, 28)
(5, 8, 16, 17, 25, 28)
(5, 8, 16, 18, 25, 27)
(5, 9, 10, 23, 24, 28)
(5, 9, 11, 22, 24, 28)
(5, 9, 12, 21, 24, 28)
(5, 9, 13, 20, 24, 28)
(5, 9, 14, 19, 24, 28)
(5, 9, 15, 18, 24, 28)
(5, 9, 16, 17, 24, 28)
(5, 9, 16, 18, 20, 31)
(5, 9, 16, 18, 24, 27)
(5, 10, 11, 22, 23, 28)
(5, 10, 12, 21, 23, 28)
(5, 10, 13, 20, 23, 28)
(5, 10, 14, 19, 23, 28)
(5, 10, 15, 18, 23, 28)
(5, 10, 16, 17, 23, 28)
(5, 10, 16, 18, 23, 27)
(5, 11, 12, 21, 22, 28)
(5, 11, 13, 20, 22, 28)
(5, 11, 14, 19, 22, 28)
(5, 11, 14, 20, 23, 26)
(5, 11, 15, 18, 22, 28)
(5, 11, 16, 17, 22, 28)
(5, 11, 16, 18, 22, 27)
(5, 12, 13, 20, 21, 28)
(5, 12, 14, 19, 21, 28)
(5, 12, 15, 18, 21, 28)
(5, 12, 16, 17, 21, 28)
(5, 12, 16, 18, 21, 27)
(5, 13, 14, 19, 20, 28)
(5, 13, 15, 18, 20, 28)
(5, 13, 16, 17, 20, 28)
(5, 13, 16, 18, 20, 27)
(5, 14, 15, 18, 19, 28)
(5, 14, 16, 17, 19, 28)
(5, 14, 16, 18, 19, 27)
(5, 15, 16, 17, 18, 28)
(6, 7, 8, 25, 26, 27)
(6, 7, 9, 20, 26, 31)
(6, 7, 9, 24, 26, 27)
(6, 7, 10, 23, 26, 27)
(6, 7, 11, 22, 26, 27)
(6, 7, 12, 17, 28, 29)
(6, 7, 12, 18, 27, 29)
(6, 7, 12, 21, 26, 27)
(6, 7, 13, 20, 26, 27)
(6, 7, 14, 19, 26, 27)
(6, 7, 15, 17, 26, 28)
(6, 7, 15, 18, 26, 27)
(6, 7, 16, 17, 26, 27)
(6, 8, 9, 19, 27, 30)
(6, 8, 9, 20, 25, 31)
(6, 8, 9, 24, 25, 27)
(6, 8, 10, 23, 25, 27)
(6, 8, 11, 22, 25, 27)
(6, 8, 12, 21, 25, 27)
(6, 8, 13, 20, 25, 27)
(6, 8, 14, 19, 25, 27)
(6, 8, 15, 17, 25, 28)
(6, 8, 15, 18, 25, 27)
(6, 8, 16, 17, 25, 27)
(6, 9, 10, 20, 23, 31)
(6, 9, 10, 23, 24, 27)
(6, 9, 11, 20, 22, 31)
(6, 9, 11, 22, 24, 27)
(6, 9, 12, 20, 21, 31)
(6, 9, 12, 21, 24, 27)
(6, 9, 13, 20, 24, 27)
(6, 9, 14, 19, 20, 31)
(6, 9, 14, 19, 24, 27)
(6, 9, 15, 17, 24, 28)
(6, 9, 15, 18, 20, 31)
(6, 9, 15, 18, 24, 27)
(6, 9, 16, 17, 20, 31)
(6, 9, 16, 17, 24, 27)
(6, 10, 11, 22, 23, 27)
(6, 10, 12, 21, 23, 27)
(6, 10, 13, 20, 23, 27)
(6, 10, 14, 19, 23, 27)
(6, 10, 15, 17, 23, 28)
(6, 10, 15, 18, 23, 27)
(6, 10, 16, 17, 23, 27)
(6, 11, 12, 21, 22, 27)
(6, 11, 13, 20, 22, 27)
(6, 11, 14, 19, 22, 27)
(6, 11, 15, 17, 22, 28)
(6, 11, 15, 18, 22, 27)
(6, 11, 16, 17, 22, 27)
(6, 12, 13, 20, 21, 27)
(6, 12, 14, 19, 21, 27)
(6, 12, 15, 17, 21, 28)
(6, 12, 15, 18, 21, 27)
(6, 12, 16, 17, 21, 27)
(6, 13, 14, 19, 20, 27)
(6, 13, 15, 17, 20, 28)
(6, 13, 15, 18, 20, 27)
(6, 13, 16, 17, 20, 27)
(6, 14, 15, 17, 19, 28)
(6, 14, 15, 18, 19, 27)
(6, 14, 16, 17, 19, 27)
(6, 15, 16, 17, 18, 27)
(7, 8, 9, 19, 26, 30)
(7, 8, 9, 24, 25, 26)
(7, 8, 10, 23, 25, 26)
(7, 8, 11, 22, 25, 26)
(7, 8, 12, 18, 25, 29)
(7, 8, 12, 21, 25, 26)
(7, 8, 13, 20, 25, 26)
(7, 8, 14, 19, 25, 26)
(7, 8, 15, 18, 25, 26)
(7, 8, 16, 17, 25, 26)
(7, 9, 10, 23, 24, 26)
(7, 9, 11, 22, 24, 26)
(7, 9, 12, 18, 24, 29)
(7, 9, 12, 21, 24, 26)
(7, 9, 13, 20, 24, 26)
(7, 9, 14, 19, 24, 26)
(7, 9, 15, 18, 24, 26)
(7, 9, 16, 17, 24, 26)
(7, 10, 11, 22, 23, 26)
(7, 10, 12, 18, 23, 29)
(7, 10, 12, 21, 23, 26)
(7, 10, 13, 19, 22, 28)
(7, 10, 13, 20, 23, 26)
(7, 10, 14, 19, 23, 26)
(7, 10, 15, 18, 23, 26)
(7, 10, 16, 17, 23, 26)
(7, 11, 12, 18, 22, 29)
(7, 11, 12, 21, 22, 26)
(7, 11, 13, 20, 22, 26)
(7, 11, 14, 19, 22, 26)
(7, 11, 15, 18, 22, 26)
(7, 11, 16, 17, 22, 26)
(7, 12, 13, 18, 20, 29)
(7, 12, 13, 20, 21, 26)
(7, 12, 14, 18, 19, 29)
(7, 12, 14, 19, 21, 26)
(7, 12, 15, 18, 21, 26)
(7, 12, 16, 17, 18, 29)
(7, 12, 16, 17, 21, 26)
(7, 13, 14, 19, 20, 26)
(7, 13, 15, 18, 20, 26)
(7, 13, 16, 17, 20, 26)
(7, 14, 15, 18, 19, 26)
(7, 14, 16, 17, 19, 26)
(7, 15, 16, 17, 18, 26)
(8, 9, 10, 19, 21, 32)
(8, 9, 10, 19, 23, 30)
(8, 9, 10, 23, 24, 25)
(8, 9, 11, 19, 22, 30)
(8, 9, 11, 22, 24, 25)
(8, 9, 12, 19, 21, 30)
(8, 9, 12, 21, 24, 25)
(8, 9, 13, 19, 20, 30)
(8, 9, 13, 20, 24, 25)
(8, 9, 14, 19, 24, 25)
(8, 9, 15, 18, 19, 30)
(8, 9, 15, 18, 24, 25)
(8, 9, 16, 17, 19, 30)
(8, 9, 16, 17, 24, 25)
(8, 10, 11, 22, 23, 25)
(8, 10, 12, 21, 23, 25)
(8, 10, 13, 20, 23, 25)
(8, 10, 14, 19, 23, 25)
(8, 10, 15, 18, 23, 25)
(8, 10, 16, 17, 23, 25)
(8, 11, 12, 21, 22, 25)
(8, 11, 13, 20, 22, 25)
(8, 11, 14, 19, 22, 25)
(8, 11, 15, 18, 22, 25)
(8, 11, 16, 17, 22, 25)
(8, 12, 13, 20, 21, 25)
(8, 12, 14, 19, 21, 25)
(8, 12, 15, 18, 21, 25)
(8, 12, 16, 17, 21, 25)
(8, 13, 14, 19, 20, 25)
(8, 13, 15, 18, 20, 25)
(8, 13, 16, 17, 20, 25)
(8, 14, 15, 18, 19, 25)
(8, 14, 16, 17, 19, 25)
(8, 15, 16, 17, 18, 25)
(9, 10, 11, 22, 23, 24)
(9, 10, 12, 21, 23, 24)
(9, 10, 13, 20, 23, 24)
(9, 10, 14, 19, 23, 24)
(9, 10, 15, 18, 23, 24)
(9, 10, 16, 17, 23, 24)
(9, 11, 12, 21, 22, 24)
(9, 11, 13, 20, 22, 24)
(9, 11, 14, 19, 22, 24)
(9, 11, 15, 18, 22, 24)
(9, 11, 16, 17, 22, 24)
(9, 12, 13, 20, 21, 24)
(9, 12, 14, 19, 21, 24)
(9, 12, 15, 18, 21, 24)
(9, 12, 16, 17, 21, 24)
(9, 13, 14, 19, 20, 24)
(9, 13, 15, 18, 20, 24)
(9, 13, 16, 17, 20, 24)
(9, 14, 15, 18, 19, 24)
(9, 14, 16, 17, 19, 24)
(9, 15, 16, 17, 18, 24)
(10, 11, 12, 21, 22, 23)
(10, 11, 13, 20, 22, 23)
(10, 11, 14, 19, 22, 23)
(10, 11, 15, 18, 22, 23)
(10, 11, 16, 17, 22, 23)
(10, 12, 13, 20, 21, 23)
(10, 12, 14, 19, 21, 23)
(10, 12, 15, 18, 21, 23)
(10, 12, 16, 17, 21, 23)
(10, 13, 14, 19, 20, 23)
(10, 13, 15, 18, 20, 23)
(10, 13, 16, 17, 20, 23)
(10, 14, 15, 18, 19, 23)
(10, 14, 16, 17, 19, 23)
(10, 15, 16, 17, 18, 23)
(11, 12, 13, 20, 21, 22)
(11, 12, 14, 19, 21, 22)
(11, 12, 15, 18, 21, 22)
(11, 12, 16, 17, 21, 22)
(11, 13, 14, 19, 20, 22)
(11, 13, 15, 18, 20, 22)
(11, 13, 16, 17, 20, 22)
(11, 14, 15, 18, 19, 22)
(11, 14, 16, 17, 19, 22)
(11, 15, 16, 17, 18, 22)
(12, 13, 14, 19, 20, 21)
(12, 13, 15, 18, 20, 21)
(12, 13, 16, 17, 20, 21)
(12, 14, 15, 18, 19, 21)
(12, 14, 16, 17, 19, 21)
(12, 15, 16, 17, 18, 21)
(13, 14, 15, 18, 19, 20)
(13, 14, 16, 17, 19, 20)
(13, 15, 16, 17, 18, 20)
(14, 15, 16, 17, 18, 19)
}

Print all_are_pairs (contains 560 tuples): {
(2, 9, 10, 23, 24, 31)
(11, 12, 15, 18, 21, 22)
(3, 9, 16, 17, 24, 30)
(13, 14, 15, 18, 19, 20)
(3, 11, 12, 21, 22, 30)
(3, 11, 15, 18, 22, 30)
(2, 3, 9, 24, 30, 31)
(4, 5, 7, 26, 28, 29)
(7, 10, 13, 20, 23, 26)
(2, 5, 15, 18, 28, 31)
(7, 8, 9, 24, 25, 26)
(1, 4, 11, 22, 29, 32)
(1, 12, 16, 17, 21, 32)
(1, 13, 15, 18, 20, 32)
(3, 5, 13, 20, 28, 30)
(2, 11, 14, 19, 22, 31)
(6, 11, 15, 18, 22, 27)
(2, 4, 12, 21, 29, 31)
(5, 12, 15, 18, 21, 28)
(2, 4, 11, 22, 29, 31)
(5, 9, 12, 21, 24, 28)
(8, 13, 15, 18, 20, 25)
(9, 10, 16, 17, 23, 24)
(8, 11, 15, 18, 22, 25)
(1, 11, 13, 20, 22, 32)
(1, 13, 16, 17, 20, 32)
(6, 8, 14, 19, 25, 27)
(3, 7, 15, 18, 26, 30)
(7, 12, 14, 19, 21, 26)
(7, 10, 14, 19, 23, 26)
(8, 14, 16, 17, 19, 25)
(9, 12, 15, 18, 21, 24)
(1, 11, 15, 18, 22, 32)
(5, 8, 10, 23, 25, 28)
(2, 12, 15, 18, 21, 31)
(12, 13, 14, 19, 20, 21)
(4, 5, 9, 24, 28, 29)
(7, 11, 16, 17, 22, 26)
(6, 13, 16, 17, 20, 27)
(5, 9, 16, 17, 24, 28)
(1, 5, 11, 22, 28, 32)
(3, 4, 5, 28, 29, 30)
(2, 7, 11, 22, 26, 31)
(7, 14, 16, 17, 19, 26)
(11, 14, 15, 18, 19, 22)
(2, 5, 8, 25, 28, 31)
(5, 6, 9, 24, 27, 28)
(8, 11, 14, 19, 22, 25)
(6, 12, 14, 19, 21, 27)
(9, 10, 14, 19, 23, 24)
(6, 7, 15, 18, 26, 27)
(12, 13, 15, 18, 20, 21)
(11, 13, 16, 17, 20, 22)
(2, 3, 7, 26, 30, 31)
(4, 9, 14, 19, 24, 29)
(5, 9, 14, 19, 24, 28)
(3, 5, 14, 19, 28, 30)
(5, 14, 15, 18, 19, 28)
(11, 13, 14, 19, 20, 22)
(1, 8, 14, 19, 25, 32)
(3, 6, 13, 20, 27, 30)
(4, 11, 15, 18, 22, 29)
(5, 8, 13, 20, 25, 28)
(10, 11, 14, 19, 22, 23)
(6, 8, 15, 18, 25, 27)
(9, 13, 14, 19, 20, 24)
(2, 4, 8, 25, 29, 31)
(2, 5, 10, 23, 28, 31)
(2, 10, 11, 22, 23, 31)
(3, 9, 13, 20, 24, 30)
(4, 5, 12, 21, 28, 29)
(4, 10, 13, 20, 23, 29)
(3, 8, 11, 22, 25, 30)
(5, 6, 8, 25, 27, 28)
(6, 13, 14, 19, 20, 27)
(2, 5, 16, 17, 28, 31)
(2, 6, 12, 21, 27, 31)
(2, 9, 16, 17, 24, 31)
(2, 4, 7, 26, 29, 31)
(10, 13, 15, 18, 20, 23)
(1, 3, 4, 29, 30, 32)
(5, 11, 12, 21, 22, 28)
(3, 4, 14, 19, 29, 30)
(6, 8, 12, 21, 25, 27)
(5, 6, 13, 20, 27, 28)
(2, 5, 14, 19, 28, 31)
(2, 9, 11, 22, 24, 31)
(4, 6, 14, 19, 27, 29)
(6, 9, 11, 22, 24, 27)
(2, 12, 13, 20, 21, 31)
(6, 10, 11, 22, 23, 27)
(2, 12, 14, 19, 21, 31)
(3, 8, 9, 24, 25, 30)
(3, 14, 15, 18, 19, 30)
(4, 6, 16, 17, 27, 29)
(2, 3, 6, 27, 30, 31)
(1, 8, 10, 23, 25, 32)
(1, 7, 16, 17, 26, 32)
(1, 3, 7, 26, 30, 32)
(4, 6, 7, 26, 27, 29)
(2, 5, 6, 27, 28, 31)
(10, 13, 14, 19, 20, 23)
(10, 14, 16, 17, 19, 23)
(5, 10, 14, 19, 23, 28)
(7, 9, 12, 21, 24, 26)
(6, 8, 11, 22, 25, 27)
(4, 8, 11, 22, 25, 29)
(5, 9, 13, 20, 24, 28)
(6, 7, 14, 19, 26, 27)
(4, 13, 14, 19, 20, 29)
(1, 7, 12, 21, 26, 32)
(5, 7, 12, 21, 26, 28)
(6, 12, 16, 17, 21, 27)
(1, 2, 12, 21, 31, 32)
(1, 7, 13, 20, 26, 32)
(2, 7, 13, 20, 26, 31)
(2, 5, 12, 21, 28, 31)
(4, 5, 15, 18, 28, 29)
(6, 8, 9, 24, 25, 27)
(5, 6, 14, 19, 27, 28)
(4, 5, 16, 17, 28, 29)
(5, 6, 11, 22, 27, 28)
(8, 15, 16, 17, 18, 25)
(3, 15, 16, 17, 18, 30)
(1, 2, 5, 28, 31, 32)
(4, 9, 10, 23, 24, 29)
(2, 13, 14, 19, 20, 31)
(1, 3, 10, 23, 30, 32)
(2, 7, 14, 19, 26, 31)
(4, 5, 8, 25, 28, 29)
(8, 10, 14, 19, 23, 25)
(3, 10, 14, 19, 23, 30)
(9, 11, 14, 19, 22, 24)
(7, 8, 15, 18, 25, 26)
(5, 11, 16, 17, 22, 28)
(5, 9, 15, 18, 24, 28)
(1, 5, 15, 18, 28, 32)
(4, 12, 14, 19, 21, 29)
(2, 4, 6, 27, 29, 31)
(3, 4, 9, 24, 29, 30)
(3, 4, 10, 23, 29, 30)
(4, 7, 12, 21, 26, 29)
(4, 8, 10, 23, 25, 29)
(2, 7, 8, 25, 26, 31)
(4, 6, 10, 23, 27, 29)
(5, 12, 16, 17, 21, 28)
(10, 13, 16, 17, 20, 23)
(1, 4, 13, 20, 29, 32)
(1, 9, 16, 17, 24, 32)
(3, 7, 14, 19, 26, 30)
(1, 3, 14, 19, 30, 32)
(1, 5, 7, 26, 28, 32)
(4, 7, 14, 19, 26, 29)
(5, 7, 14, 19, 26, 28)
(7, 9, 15, 18, 24, 26)
(3, 5, 11, 22, 28, 30)
(2, 8, 9, 24, 25, 31)
(2, 10, 12, 21, 23, 31)
(7, 9, 10, 23, 24, 26)
(13, 15, 16, 17, 18, 20)
(7, 12, 15, 18, 21, 26)
(2, 3, 11, 22, 30, 31)
(7, 15, 16, 17, 18, 26)
(4, 7, 16, 17, 26, 29)
(7, 9, 13, 20, 24, 26)
(2, 4, 5, 28, 29, 31)
(1, 12, 15, 18, 21, 32)
(4, 12, 13, 20, 21, 29)
(2, 11, 13, 20, 22, 31)
(1, 8, 15, 18, 25, 32)
(12, 15, 16, 17, 18, 21)
(5, 10, 16, 17, 23, 28)
(1, 8, 16, 17, 25, 32)
(1, 15, 16, 17, 18, 32)
(4, 10, 15, 18, 23, 29)
(2, 15, 16, 17, 18, 31)
(4, 8, 14, 19, 25, 29)
(4, 7, 8, 25, 26, 29)
(5, 6, 12, 21, 27, 28)
(1, 9, 10, 23, 24, 32)
(7, 10, 16, 17, 23, 26)
(1, 6, 12, 21, 27, 32)
(8, 11, 13, 20, 22, 25)
(2, 11, 15, 18, 22, 31)
(7, 8, 16, 17, 25, 26)
(1, 14, 15, 18, 19, 32)
(8, 9, 13, 20, 24, 25)
(8, 13, 14, 19, 20, 25)
(7, 10, 12, 21, 23, 26)
(1, 5, 10, 23, 28, 32)
(3, 13, 16, 17, 20, 30)
(3, 5, 16, 17, 28, 30)
(1, 11, 12, 21, 22, 32)
(2, 4, 13, 20, 29, 31)
(3, 6, 8, 25, 27, 30)
(11, 14, 16, 17, 19, 22)
(9, 14, 16, 17, 19, 24)
(3, 8, 15, 18, 25, 30)
(1, 8, 12, 21, 25, 32)
(8, 9, 12, 21, 24, 25)
(1, 2, 9, 24, 31, 32)
(1, 10, 11, 22, 23, 32)
(3, 8, 14, 19, 25, 30)
(5, 6, 7, 26, 27, 28)
(3, 5, 8, 25, 28, 30)
(6, 11, 13, 20, 22, 27)
(3, 9, 11, 22, 24, 30)
(6, 8, 10, 23, 25, 27)
(3, 4, 11, 22, 29, 30)
(7, 13, 15, 18, 20, 26)
(9, 12, 13, 20, 21, 24)
(3, 5, 15, 18, 28, 30)
(9, 12, 14, 19, 21, 24)
(3, 4, 8, 25, 29, 30)
(4, 5, 6, 27, 28, 29)
(7, 9, 16, 17, 24, 26)
(4, 8, 13, 20, 25, 29)
(1, 4, 12, 21, 29, 32)
(5, 9, 11, 22, 24, 28)
(1, 9, 11, 22, 24, 32)
(6, 9, 14, 19, 24, 27)
(6, 11, 14, 19, 22, 27)
(9, 10, 15, 18, 23, 24)
(2, 5, 11, 22, 28, 31)
(1, 10, 13, 20, 23, 32)
(3, 4, 15, 18, 29, 30)
(7, 8, 12, 21, 25, 26)
(5, 10, 13, 20, 23, 28)
(2, 8, 10, 23, 25, 31)
(7, 11, 13, 20, 22, 26)
(10, 12, 13, 20, 21, 23)
(1, 9, 15, 18, 24, 32)
(5, 7, 15, 18, 26, 28)
(1, 4, 6, 27, 29, 32)
(8, 14, 15, 18, 19, 25)
(3, 11, 13, 20, 22, 30)
(3, 7, 8, 25, 26, 30)
(1, 2, 8, 25, 31, 32)
(2, 11, 16, 17, 22, 31)
(1, 5, 16, 17, 28, 32)
(2, 8, 15, 18, 25, 31)
(3, 5, 6, 27, 28, 30)
(7, 13, 14, 19, 20, 26)
(8, 10, 12, 21, 23, 25)
(3, 10, 13, 20, 23, 30)
(1, 11, 14, 19, 22, 32)
(3, 7, 11, 22, 26, 30)
(7, 12, 16, 17, 21, 26)
(3, 10, 16, 17, 23, 30)
(6, 7, 9, 24, 26, 27)
(6, 9, 12, 21, 24, 27)
(9, 12, 16, 17, 21, 24)
(4, 7, 10, 23, 26, 29)
(4, 7, 15, 18, 26, 29)
(1, 2, 13, 20, 31, 32)
(8, 9, 14, 19, 24, 25)
(9, 10, 12, 21, 23, 24)
(4, 11, 14, 19, 22, 29)
(10, 15, 16, 17, 18, 23)
(4, 5, 14, 19, 28, 29)
(2, 3, 4, 29, 30, 31)
(3, 11, 14, 19, 22, 30)
(5, 7, 8, 25, 26, 28)
(7, 8, 14, 19, 25, 26)
(1, 3, 9, 24, 30, 32)
(4, 14, 15, 18, 19, 29)
(2, 9, 13, 20, 24, 31)
(8, 10, 13, 20, 23, 25)
(1, 7, 10, 23, 26, 32)
(4, 6, 12, 21, 27, 29)
(4, 5, 11, 22, 28, 29)
(4, 13, 16, 17, 20, 29)
(2, 3, 12, 21, 30, 31)
(5, 8, 9, 24, 25, 28)
(5, 8, 12, 21, 25, 28)
(6, 7, 12, 21, 26, 27)
(4, 14, 16, 17, 19, 29)
(6, 7, 10, 23, 26, 27)
(6, 10, 13, 20, 23, 27)
(1, 4, 16, 17, 29, 32)
(1, 5, 12, 21, 28, 32)
(2, 4, 15, 18, 29, 31)
(3, 12, 14, 19, 21, 30)
(4, 8, 16, 17, 25, 29)
(10, 11, 13, 20, 22, 23)
(1, 10, 16, 17, 23, 32)
(11, 13, 15, 18, 20, 22)
(7, 11, 12, 21, 22, 26)
(9, 11, 13, 20, 22, 24)
(6, 8, 16, 17, 25, 27)
(6, 7, 13, 20, 26, 27)
(4, 12, 16, 17, 21, 29)
(3, 8, 13, 20, 25, 30)
(10, 11, 12, 21, 22, 23)
(1, 10, 15, 18, 23, 32)
(5, 7, 11, 22, 26, 28)
(2, 4, 16, 17, 29, 31)
(1, 8, 9, 24, 25, 32)
(1, 6, 16, 17, 27, 32)
(5, 7, 10, 23, 26, 28)
(2, 8, 14, 19, 25, 31)
(4, 8, 15, 18, 25, 29)
(6, 15, 16, 17, 18, 27)
(8, 12, 13, 20, 21, 25)
(3, 9, 10, 23, 24, 30)
(1, 7, 14, 19, 26, 32)
(1, 2, 14, 19, 31, 32)
(3, 6, 14, 19, 27, 30)
(6, 8, 13, 20, 25, 27)
(5, 6, 10, 23, 27, 28)
(2, 11, 12, 21, 22, 31)
(3, 6, 12, 21, 27, 30)
(6, 9, 15, 18, 24, 27)
(8, 12, 14, 19, 21, 25)
(3, 9, 12, 21, 24, 30)
(4, 9, 15, 18, 24, 29)
(2, 9, 12, 21, 24, 31)
(8, 12, 16, 17, 21, 25)
(6, 7, 16, 17, 26, 27)
(2, 14, 16, 17, 19, 31)
(4, 8, 9, 24, 25, 29)
(1, 3, 5, 28, 30, 32)
(1, 6, 14, 19, 27, 32)
(1, 5, 13, 20, 28, 32)
(1, 10, 14, 19, 23, 32)
(6, 10, 15, 18, 23, 27)
(5, 15, 16, 17, 18, 28)
(2, 3, 8, 25, 30, 31)
(5, 8, 15, 18, 25, 28)
(8, 9, 16, 17, 24, 25)
(1, 3, 13, 20, 30, 32)
(1, 12, 13, 20, 21, 32)
(3, 5, 12, 21, 28, 30)
(5, 13, 16, 17, 20, 28)
(6, 9, 16, 17, 24, 27)
(2, 6, 15, 18, 27, 31)
(3, 10, 15, 18, 23, 30)
(4, 6, 9, 24, 27, 29)
(5, 13, 15, 18, 20, 28)
(2, 6, 11, 22, 27, 31)
(3, 4, 13, 20, 29, 30)
(3, 11, 16, 17, 22, 30)
(8, 9, 15, 18, 24, 25)
(8, 11, 16, 17, 22, 25)
(1, 2, 6, 27, 31, 32)
(3, 7, 9, 24, 26, 30)
(5, 12, 14, 19, 21, 28)
(1, 6, 15, 18, 27, 32)
(1, 3, 15, 18, 30, 32)
(2, 7, 15, 18, 26, 31)
(3, 10, 12, 21, 23, 30)
(4, 9, 11, 22, 24, 29)
(4, 9, 16, 17, 24, 29)
(9, 13, 16, 17, 20, 24)
(1, 12, 14, 19, 21, 32)
(4, 11, 12, 21, 22, 29)
(6, 11, 16, 17, 22, 27)
(4, 7, 13, 20, 26, 29)
(9, 13, 15, 18, 20, 24)
(1, 6, 8, 25, 27, 32)
(1, 14, 16, 17, 19, 32)
(6, 9, 13, 20, 24, 27)
(4, 5, 13, 20, 28, 29)
(1, 2, 4, 29, 31, 32)
(5, 7, 13, 20, 26, 28)
(2, 6, 8, 25, 27, 31)
(8, 13, 16, 17, 20, 25)
(5, 13, 14, 19, 20, 28)
(3, 5, 7, 26, 28, 30)
(3, 6, 9, 24, 27, 30)
(2, 4, 9, 24, 29, 31)
(9, 10, 13, 20, 23, 24)
(6, 12, 13, 20, 21, 27)
(12, 14, 15, 18, 19, 21)
(1, 2, 16, 17, 31, 32)
(3, 8, 16, 17, 25, 30)
(4, 9, 13, 20, 24, 29)
(4, 11, 13, 20, 22, 29)
(5, 6, 15, 18, 27, 28)
(10, 11, 16, 17, 22, 23)
(11, 12, 13, 20, 21, 22)
(2, 7, 12, 21, 26, 31)
(3, 8, 12, 21, 25, 30)
(8, 10, 11, 22, 23, 25)
(1, 7, 15, 18, 26, 32)
(14, 15, 16, 17, 18, 19)
(3, 8, 10, 23, 25, 30)
(6, 12, 15, 18, 21, 27)
(2, 4, 10, 23, 29, 31)
(2, 10, 14, 19, 23, 31)
(1, 2, 7, 26, 31, 32)
(9, 10, 11, 22, 23, 24)
(4, 10, 11, 22, 23, 29)
(1, 6, 13, 20, 27, 32)
(5, 12, 13, 20, 21, 28)
(2, 8, 16, 17, 25, 31)
(1, 5, 8, 25, 28, 32)
(3, 13, 15, 18, 20, 30)
(2, 8, 11, 22, 25, 31)
(1, 2, 10, 23, 31, 32)
(2, 7, 9, 24, 26, 31)
(3, 14, 16, 17, 19, 30)
(2, 5, 9, 24, 28, 31)
(6, 7, 8, 25, 26, 27)
(3, 13, 14, 19, 20, 30)
(3, 6, 16, 17, 27, 30)
(6, 7, 11, 22, 26, 27)
(7, 11, 14, 19, 22, 26)
(7, 8, 13, 20, 25, 26)
(8, 9, 10, 23, 24, 25)
(4, 6, 8, 25, 27, 29)
(9, 15, 16, 17, 18, 24)
(1, 7, 11, 22, 26, 32)
(4, 6, 13, 20, 27, 29)
(4, 8, 12, 21, 25, 29)
(1, 5, 6, 27, 28, 32)
(2, 6, 7, 26, 27, 31)
(5, 11, 15, 18, 22, 28)
(1, 4, 7, 26, 29, 32)
(9, 11, 12, 21, 22, 24)
(3, 6, 7, 26, 27, 30)
(10, 12, 16, 17, 21, 23)
(5, 7, 16, 17, 26, 28)
(1, 4, 9, 24, 29, 32)
(10, 12, 15, 18, 21, 23)
(4, 10, 16, 17, 23, 29)
(11, 15, 16, 17, 18, 22)
(1, 3, 11, 22, 30, 32)
(3, 7, 10, 23, 26, 30)
(5, 10, 11, 22, 23, 28)
(5, 8, 16, 17, 25, 28)
(9, 14, 15, 18, 19, 24)
(7, 9, 11, 22, 24, 26)
(6, 11, 12, 21, 22, 27)
(5, 8, 14, 19, 25, 28)
(6, 10, 14, 19, 23, 27)
(3, 4, 12, 21, 29, 30)
(5, 10, 15, 18, 23, 28)
(7, 10, 11, 22, 23, 26)
(3, 7, 16, 17, 26, 30)
(7, 13, 16, 17, 20, 26)
(5, 8, 11, 22, 25, 28)
(2, 9, 15, 18, 24, 31)
(5, 10, 12, 21, 23, 28)
(8, 11, 12, 21, 22, 25)
(4, 5, 10, 23, 28, 29)
(1, 2, 15, 18, 31, 32)
(3, 10, 11, 22, 23, 30)
(4, 15, 16, 17, 18, 29)
(1, 5, 14, 19, 28, 32)
(1, 9, 13, 20, 24, 32)
(3, 12, 15, 18, 21, 30)
(7, 12, 13, 20, 21, 26)
(7, 14, 15, 18, 19, 26)
(1, 10, 12, 21, 23, 32)
(6, 13, 15, 18, 20, 27)
(1, 6, 11, 22, 27, 32)
(2, 8, 12, 21, 25, 31)
(2, 10, 13, 20, 23, 31)
(12, 13, 16, 17, 20, 21)
(1, 6, 9, 24, 27, 32)
(3, 12, 13, 20, 21, 30)
(3, 6, 10, 23, 27, 30)
(5, 7, 9, 24, 26, 28)
(1, 9, 12, 21, 24, 32)
(10, 12, 14, 19, 21, 23)
(1, 3, 6, 27, 30, 32)
(3, 4, 16, 17, 29, 30)
(13, 14, 16, 17, 19, 20)
(1, 7, 8, 25, 26, 32)
(3, 5, 10, 23, 28, 30)
(9, 11, 16, 17, 22, 24)
(2, 14, 15, 18, 19, 31)
(3, 12, 16, 17, 21, 30)
(4, 7, 9, 24, 26, 29)
(7, 9, 14, 19, 24, 26)
(2, 6, 9, 24, 27, 31)
(4, 10, 12, 21, 23, 29)
(2, 6, 10, 23, 27, 31)
(1, 4, 10, 23, 29, 32)
(4, 10, 14, 19, 23, 29)
(2, 13, 15, 18, 20, 31)
(3, 9, 14, 19, 24, 30)
(2, 10, 16, 17, 23, 31)
(2, 12, 16, 17, 21, 31)
(2, 13, 16, 17, 20, 31)
(3, 6, 11, 22, 27, 30)
(8, 9, 11, 22, 24, 25)
(4, 12, 15, 18, 21, 29)
(8, 12, 15, 18, 21, 25)
(3, 4, 6, 27, 29, 30)
(5, 14, 16, 17, 19, 28)
(1, 4, 8, 25, 29, 32)
(10, 11, 15, 18, 22, 23)
(2, 3, 15, 18, 30, 31)
(7, 8, 10, 23, 25, 26)
(4, 11, 16, 17, 22, 29)
(11, 12, 14, 19, 21, 22)
(1, 2, 11, 22, 31, 32)
(11, 12, 16, 17, 21, 22)
(3, 5, 9, 24, 28, 30)
(1, 7, 9, 24, 26, 32)
(2, 3, 10, 23, 30, 31)
(1, 3, 12, 21, 30, 32)
(4, 13, 15, 18, 20, 29)
(5, 6, 16, 17, 27, 28)
(5, 11, 14, 19, 22, 28)
(3, 6, 15, 18, 27, 30)
(3, 7, 13, 20, 26, 30)
(8, 10, 15, 18, 23, 25)
(2, 6, 16, 17, 27, 31)
(6, 10, 12, 21, 23, 27)
(6, 14, 16, 17, 19, 27)
(9, 11, 15, 18, 22, 24)
(1, 8, 13, 20, 25, 32)
(2, 10, 15, 18, 23, 31)
(10, 14, 15, 18, 19, 23)
(1, 5, 9, 24, 28, 32)
(1, 3, 8, 25, 30, 32)
(6, 10, 16, 17, 23, 27)
(1, 8, 11, 22, 25, 32)
(1, 6, 7, 26, 27, 32)
(2, 7, 10, 23, 26, 31)
(5, 11, 13, 20, 22, 28)
(7, 10, 15, 18, 23, 26)
(4, 7, 11, 22, 26, 29)
(3, 9, 15, 18, 24, 30)
(7, 11, 15, 18, 22, 26)
(2, 4, 14, 19, 29, 31)
(7, 8, 11, 22, 25, 26)
(3, 7, 12, 21, 26, 30)
(5, 9, 10, 23, 24, 28)
(2, 6, 14, 19, 27, 31)
(2, 3, 14, 19, 30, 31)
(1, 4, 14, 19, 29, 32)
(3, 4, 7, 26, 29, 30)
(2, 5, 13, 20, 28, 31)
(1, 4, 5, 28, 29, 32)
(2, 6, 13, 20, 27, 31)
(2, 3, 13, 20, 30, 31)
(4, 6, 11, 22, 27, 29)
(1, 9, 14, 19, 24, 32)
(12, 14, 16, 17, 19, 21)
(2, 8, 13, 20, 25, 31)
(4, 9, 12, 21, 24, 29)
(2, 7, 16, 17, 26, 31)
(1, 2, 3, 30, 31, 32)
(1, 3, 16, 17, 30, 32)
(2, 3, 16, 17, 30, 31)
(1, 11, 16, 17, 22, 32)
(6, 9, 10, 23, 24, 27)
(1, 6, 10, 23, 27, 32)
(2, 5, 7, 26, 28, 31)
(4, 6, 15, 18, 27, 29)
(2, 3, 5, 28, 30, 31)
(6, 14, 15, 18, 19, 27)
(1, 13, 14, 19, 20, 32)
(1, 4, 15, 18, 29, 32)
(8, 10, 16, 17, 23, 25)
(2, 9, 14, 19, 24, 31)
}

Print some_are_pairs (contains 120 tuples): {
(4, 5, 16, 18, 27, 29)
(2, 4, 15, 21, 26, 31)
(3, 7, 10, 21, 26, 32)
(6, 9, 10, 20, 23, 31)
(3, 8, 10, 21, 25, 32)
(3, 10, 15, 18, 21, 32)
(3, 9, 10, 21, 24, 32)
(6, 9, 11, 20, 22, 31)
(3, 7, 12, 18, 29, 30)
(6, 8, 9, 19, 27, 30)
(2, 3, 14, 24, 25, 31)
(7, 8, 12, 18, 25, 29)
(5, 7, 12, 18, 28, 29)
(5, 8, 9, 19, 28, 30)
(3, 5, 16, 18, 27, 30)
(7, 8, 9, 19, 26, 30)
(1, 5, 16, 18, 27, 32)
(6, 13, 15, 17, 20, 28)
(2, 13, 15, 18, 24, 27)
(1, 4, 15, 21, 26, 32)
(2, 5, 16, 18, 27, 31)
(2, 13, 14, 19, 24, 27)
(5, 14, 16, 18, 19, 27)
(2, 11, 13, 22, 24, 27)
(1, 7, 12, 18, 29, 32)
(4, 8, 9, 19, 29, 30)
(2, 8, 9, 19, 30, 31)
(4, 10, 15, 21, 23, 26)
(7, 10, 12, 18, 23, 29)
(3, 6, 15, 17, 28, 30)
(5, 8, 16, 18, 25, 27)
(2, 13, 16, 17, 24, 27)
(1, 11, 12, 22, 23, 30)
(6, 7, 15, 17, 26, 28)
(6, 7, 12, 18, 27, 29)
(6, 8, 15, 17, 25, 28)
(8, 9, 12, 19, 21, 30)
(1, 6, 12, 23, 27, 30)
(2, 8, 13, 24, 25, 27)
(6, 12, 15, 17, 21, 28)
(1, 6, 9, 20, 31, 32)
(5, 12, 16, 18, 21, 27)
(3, 4, 14, 24, 25, 29)
(3, 6, 10, 21, 27, 32)
(1, 8, 9, 19, 30, 32)
(1, 12, 14, 19, 23, 30)
(2, 3, 10, 21, 31, 32)
(1, 4, 12, 23, 29, 30)
(3, 4, 15, 21, 26, 30)
(3, 10, 16, 17, 21, 32)
(1, 12, 16, 17, 23, 30)
(3, 10, 14, 23, 24, 25)
(4, 9, 15, 21, 24, 26)
(1, 2, 13, 24, 27, 32)
(6, 7, 9, 20, 26, 31)
(6, 10, 15, 17, 23, 28)
(3, 14, 16, 17, 24, 25)
(7, 12, 13, 18, 20, 29)
(5, 13, 16, 18, 20, 27)
(1, 3, 14, 24, 25, 32)
(2, 3, 13, 24, 27, 30)
(3, 10, 11, 21, 22, 32)
(2, 12, 13, 21, 24, 27)
(7, 11, 12, 18, 22, 29)
(3, 7, 14, 24, 25, 26)
(8, 9, 15, 18, 19, 30)
(3, 11, 14, 22, 24, 25)
(4, 6, 9, 20, 29, 31)
(5, 9, 16, 18, 24, 27)
(3, 5, 14, 24, 25, 28)
(4, 14, 15, 19, 21, 26)
(1, 5, 12, 23, 28, 30)
(5, 6, 9, 20, 28, 31)
(6, 11, 15, 17, 22, 28)
(3, 6, 9, 20, 30, 31)
(4, 13, 15, 20, 21, 26)
(6, 9, 12, 20, 21, 31)
(1, 6, 15, 17, 28, 32)
(2, 5, 13, 24, 27, 28)
(4, 8, 15, 21, 25, 26)
(1, 12, 15, 18, 23, 30)
(4, 11, 15, 21, 22, 26)
(7, 12, 16, 17, 18, 29)
(8, 9, 13, 19, 20, 30)
(4, 6, 15, 21, 26, 27)
(6, 9, 16, 17, 20, 31)
(2, 7, 12, 18, 29, 31)
(2, 7, 13, 24, 26, 27)
(2, 4, 13, 24, 27, 29)
(3, 10, 14, 19, 21, 32)
(8, 9, 11, 19, 22, 30)
(1, 12, 13, 20, 23, 30)
(3, 12, 14, 21, 24, 25)
(4, 5, 15, 21, 26, 28)
(3, 4, 10, 21, 29, 32)
(5, 11, 16, 18, 22, 27)
(6, 14, 15, 17, 19, 28)
(6, 8, 9, 20, 25, 31)
(2, 10, 13, 23, 24, 27)
(6, 9, 15, 18, 20, 31)
(2, 6, 15, 17, 28, 31)
(4, 15, 16, 17, 21, 26)
(3, 13, 14, 20, 24, 25)
(5, 7, 16, 18, 26, 27)
(6, 9, 15, 17, 24, 28)
(5, 10, 16, 18, 23, 27)
(1, 7, 12, 23, 26, 30)
(6, 9, 14, 19, 20, 31)
(1, 2, 12, 23, 30, 31)
(1, 8, 12, 23, 25, 30)
(3, 5, 10, 21, 28, 32)
(8, 9, 16, 17, 19, 30)
(8, 9, 10, 19, 23, 30)
(3, 6, 14, 24, 25, 27)
(3, 10, 13, 20, 21, 32)
(3, 14, 15, 18, 24, 25)
(7, 12, 14, 18, 19, 29)
(1, 9, 12, 23, 24, 30)
(7, 9, 12, 18, 24, 29)
(4, 6, 15, 17, 28, 29)
}

Print none_are_pairs (contains 14 tuples): {
(5, 9, 16, 18, 20, 31)
(3, 6, 14, 20, 25, 31)
(1, 12, 14, 23, 24, 25)
(5, 11, 14, 20, 23, 26)
(2, 13, 15, 17, 24, 28)
(1, 4, 16, 22, 25, 31)
(7, 10, 13, 19, 22, 28)
(3, 7, 10, 18, 29, 32)
(2, 8, 13, 19, 27, 30)
(6, 7, 12, 17, 28, 29)
(1, 4, 15, 23, 26, 30)
(2, 8, 11, 17, 29, 32)
(8, 9, 10, 19, 21, 32)
(4, 5, 16, 21, 26, 27)
}

Print indecomposable (contains 14 tuples): {
(5, 9, 16, 18, 20, 31)
(3, 6, 14, 20, 25, 31)
(1, 12, 14, 23, 24, 25)
(5, 11, 14, 20, 23, 26)
(2, 13, 15, 17, 24, 28)
(1, 4, 16, 22, 25, 31)
(7, 10, 13, 19, 22, 28)
(3, 7, 10, 18, 29, 32)
(2, 8, 13, 19, 27, 30)
(6, 7, 12, 17, 28, 29)
(1, 4, 15, 23, 26, 30)
(2, 8, 11, 17, 29, 32)
(8, 9, 10, 19, 21, 32)
(4, 5, 16, 21, 26, 27)
}

Print decomposable but no pairs (contains 0 tuples): {
}

Print exceptional cycles (contains 134 tuples): {
(1, 12, 14, 23, 24, 25)
(4, 5, 16, 18, 27, 29)
(2, 4, 15, 21, 26, 31)
(3, 7, 10, 21, 26, 32)
(6, 9, 10, 20, 23, 31)
(3, 8, 10, 21, 25, 32)
(3, 10, 15, 18, 21, 32)
(3, 9, 10, 21, 24, 32)
(6, 9, 11, 20, 22, 31)
(3, 7, 12, 18, 29, 30)
(6, 8, 9, 19, 27, 30)
(1, 4, 15, 23, 26, 30)
(2, 3, 14, 24, 25, 31)
(7, 8, 12, 18, 25, 29)
(5, 7, 12, 18, 28, 29)
(5, 8, 9, 19, 28, 30)
(3, 5, 16, 18, 27, 30)
(2, 13, 15, 17, 24, 28)
(7, 8, 9, 19, 26, 30)
(1, 5, 16, 18, 27, 32)
(6, 13, 15, 17, 20, 28)
(2, 8, 13, 19, 27, 30)
(2, 13, 15, 18, 24, 27)
(1, 4, 15, 21, 26, 32)
(2, 5, 16, 18, 27, 31)
(2, 13, 14, 19, 24, 27)
(5, 14, 16, 18, 19, 27)
(2, 11, 13, 22, 24, 27)
(1, 7, 12, 18, 29, 32)
(4, 8, 9, 19, 29, 30)
(2, 8, 9, 19, 30, 31)
(4, 10, 15, 21, 23, 26)
(7, 10, 12, 18, 23, 29)
(3, 6, 15, 17, 28, 30)
(5, 8, 16, 18, 25, 27)
(2, 13, 16, 17, 24, 27)
(1, 11, 12, 22, 23, 30)
(6, 7, 15, 17, 26, 28)
(6, 7, 12, 18, 27, 29)
(6, 8, 15, 17, 25, 28)
(8, 9, 12, 19, 21, 30)
(1, 6, 12, 23, 27, 30)
(2, 8, 13, 24, 25, 27)
(6, 12, 15, 17, 21, 28)
(1, 6, 9, 20, 31, 32)
(5, 12, 16, 18, 21, 27)
(3, 4, 14, 24, 25, 29)
(3, 6, 10, 21, 27, 32)
(1, 8, 9, 19, 30, 32)
(1, 12, 14, 19, 23, 30)
(3, 7, 10, 18, 29, 32)
(2, 3, 10, 21, 31, 32)
(1, 4, 12, 23, 29, 30)
(3, 4, 15, 21, 26, 30)
(3, 10, 16, 17, 21, 32)
(1, 12, 16, 17, 23, 30)
(3, 10, 14, 23, 24, 25)
(4, 9, 15, 21, 24, 26)
(1, 2, 13, 24, 27, 32)
(6, 7, 9, 20, 26, 31)
(5, 9, 16, 18, 20, 31)
(6, 10, 15, 17, 23, 28)
(3, 14, 16, 17, 24, 25)
(7, 12, 13, 18, 20, 29)
(5, 13, 16, 18, 20, 27)
(1, 3, 14, 24, 25, 32)
(2, 3, 13, 24, 27, 30)
(3, 10, 11, 21, 22, 32)
(2, 12, 13, 21, 24, 27)
(7, 11, 12, 18, 22, 29)
(3, 7, 14, 24, 25, 26)
(8, 9, 15, 18, 19, 30)
(3, 11, 14, 22, 24, 25)
(4, 6, 9, 20, 29, 31)
(5, 11, 14, 20, 23, 26)
(5, 9, 16, 18, 24, 27)
(3, 5, 14, 24, 25, 28)
(1, 4, 16, 22, 25, 31)
(4, 14, 15, 19, 21, 26)
(1, 5, 12, 23, 28, 30)
(5, 6, 9, 20, 28, 31)
(6, 11, 15, 17, 22, 28)
(3, 6, 9, 20, 30, 31)
(4, 13, 15, 20, 21, 26)
(6, 9, 12, 20, 21, 31)
(1, 6, 15, 17, 28, 32)
(2, 5, 13, 24, 27, 28)
(4, 8, 15, 21, 25, 26)
(2, 8, 11, 17, 29, 32)
(1, 12, 15, 18, 23, 30)
(4, 5, 16, 21, 26, 27)
(4, 11, 15, 21, 22, 26)
(7, 12, 16, 17, 18, 29)
(8, 9, 13, 19, 20, 30)
(4, 6, 15, 21, 26, 27)
(6, 9, 16, 17, 20, 31)
(2, 7, 12, 18, 29, 31)
(2, 7, 13, 24, 26, 27)
(2, 4, 13, 24, 27, 29)
(3, 10, 14, 19, 21, 32)
(8, 9, 11, 19, 22, 30)
(1, 12, 13, 20, 23, 30)
(3, 12, 14, 21, 24, 25)
(4, 5, 15, 21, 26, 28)
(3, 4, 10, 21, 29, 32)
(5, 11, 16, 18, 22, 27)
(6, 7, 12, 17, 28, 29)
(6, 14, 15, 17, 19, 28)
(6, 8, 9, 20, 25, 31)
(2, 10, 13, 23, 24, 27)
(6, 9, 15, 18, 20, 31)
(2, 6, 15, 17, 28, 31)
(4, 15, 16, 17, 21, 26)
(3, 6, 14, 20, 25, 31)
(3, 13, 14, 20, 24, 25)
(5, 7, 16, 18, 26, 27)
(6, 9, 15, 17, 24, 28)
(5, 10, 16, 18, 23, 27)
(1, 7, 12, 23, 26, 30)
(6, 9, 14, 19, 20, 31)
(1, 2, 12, 23, 30, 31)
(1, 8, 12, 23, 25, 30)
(7, 10, 13, 19, 22, 28)
(3, 5, 10, 21, 28, 32)
(8, 9, 16, 17, 19, 30)
(8, 9, 10, 19, 23, 30)
(3, 6, 14, 24, 25, 27)
(3, 10, 13, 20, 21, 32)
(3, 14, 15, 18, 24, 25)
(7, 12, 14, 18, 19, 29)
(1, 9, 12, 23, 24, 30)
(8, 9, 10, 19, 21, 32)
(7, 9, 12, 18, 24, 29)
(4, 6, 15, 17, 28, 29)
}

method validate_set_V(33, 3) ran to completion.
