Running method validate_set_V(m = 151, d = 1):

Summary:
given m = 151, d = 1
Calculations took 0 days, 0 hours, 0 minutes, 0 seconds, 0 miliseconds, 288 microseconds, 400 nanoseconds.
Z/mZ:  [0, 1, 2, 3, 4, 5, 6, 7, 8, 9, 10, 11, 12, 13, 14, 15, 16, 17, 18, 19, 20, 21, 22, 23, 24, 25, 26, 27, 28, 29, 30, 31, 32, 33, 34, 35, 36, 37, 38, 39, 40, 41, 42, 43, 44, 45, 46, 47, 48, 49, 50, 51, 52, 53, 54, 55, 56, 57, 58, 59, 60, 61, 62, 63, 64, 65, 66, 67, 68, 69, 70, 71, 72, 73, 74, 75, 76, 77, 78, 79, 80, 81, 82, 83, 84, 85, 86, 87, 88, 89, 90, 91, 92, 93, 94, 95, 96, 97, 98, 99, 100, 101, 102, 103, 104, 105, 106, 107, 108, 109, 110, 111, 112, 113, 114, 115, 116, 117, 118, 119, 120, 121, 122, 123, 124, 125, 126, 127, 128, 129, 130, 131, 132, 133, 134, 135, 136, 137, 138, 139, 140, 141, 142, 143, 144, 145, 146, 147, 148, 149, 150]
Z/mZ*: [1, 2, 3, 4, 5, 6, 7, 8, 9, 10, 11, 12, 13, 14, 15, 16, 17, 18, 19, 20, 21, 22, 23, 24, 25, 26, 27, 28, 29, 30, 31, 32, 33, 34, 35, 36, 37, 38, 39, 40, 41, 42, 43, 44, 45, 46, 47, 48, 49, 50, 51, 52, 53, 54, 55, 56, 57, 58, 59, 60, 61, 62, 63, 64, 65, 66, 67, 68, 69, 70, 71, 72, 73, 74, 75, 76, 77, 78, 79, 80, 81, 82, 83, 84, 85, 86, 87, 88, 89, 90, 91, 92, 93, 94, 95, 96, 97, 98, 99, 100, 101, 102, 103, 104, 105, 106, 107, 108, 109, 110, 111, 112, 113, 114, 115, 116, 117, 118, 119, 120, 121, 122, 123, 124, 125, 126, 127, 128, 129, 130, 131, 132, 133, 134, 135, 136, 137, 138, 139, 140, 141, 142, 143, 144, 145, 146, 147, 148, 149, 150]
All ascending & non-repeating tuple (size 2) combinations possible for the U set: 11175
                      V set: contains 75 tuples
          all_are_pairs set: contains 75 tuples
         some_are_pairs set: contains 0 tuples
         none_are_pairs set: contains 0 tuples
         indecomposable set: contains 0 tuples
decomposable & no pairs set: contains 0 tuples
     exceptional_cycles set: contains 0 tuples

Print V set (contains 75 tuples): {
(37, 114)
(54, 97)
(50, 101)
(61, 90)
(7, 144)
(66, 85)
(47, 104)
(24, 127)
(64, 87)
(52, 99)
(65, 86)
(60, 91)
(36, 115)
(2, 149)
(28, 123)
(74, 77)
(56, 95)
(8, 143)
(9, 142)
(34, 117)
(42, 109)
(68, 83)
(49, 102)
(33, 118)
(48, 103)
(35, 116)
(13, 138)
(18, 133)
(45, 106)
(58, 93)
(5, 146)
(11, 140)
(16, 135)
(39, 112)
(1, 150)
(57, 94)
(71, 80)
(6, 145)
(46, 105)
(41, 110)
(25, 126)
(17, 134)
(4, 147)
(62, 89)
(19, 132)
(20, 131)
(31, 120)
(53, 98)
(22, 129)
(29, 122)
(23, 128)
(12, 139)
(72, 79)
(30, 121)
(55, 96)
(10, 141)
(32, 119)
(21, 130)
(63, 88)
(3, 148)
(14, 137)
(38, 113)
(59, 92)
(27, 124)
(43, 108)
(44, 107)
(15, 136)
(70, 81)
(75, 76)
(73, 78)
(40, 111)
(26, 125)
(51, 100)
(67, 84)
(69, 82)}

Print all_are_pairs (contains 75 tuples): {
(37, 114)
(54, 97)
(50, 101)
(61, 90)
(7, 144)
(66, 85)
(47, 104)
(24, 127)
(64, 87)
(52, 99)
(65, 86)
(60, 91)
(36, 115)
(2, 149)
(28, 123)
(74, 77)
(56, 95)
(8, 143)
(9, 142)
(34, 117)
(42, 109)
(68, 83)
(49, 102)
(33, 118)
(48, 103)
(35, 116)
(13, 138)
(18, 133)
(45, 106)
(58, 93)
(5, 146)
(11, 140)
(16, 135)
(39, 112)
(1, 150)
(57, 94)
(71, 80)
(6, 145)
(46, 105)
(41, 110)
(25, 126)
(17, 134)
(4, 147)
(62, 89)
(19, 132)
(20, 131)
(31, 120)
(53, 98)
(22, 129)
(29, 122)
(23, 128)
(12, 139)
(72, 79)
(30, 121)
(55, 96)
(10, 141)
(32, 119)
(21, 130)
(63, 88)
(3, 148)
(14, 137)
(38, 113)
(59, 92)
(27, 124)
(43, 108)
(44, 107)
(15, 136)
(70, 81)
(75, 76)
(73, 78)
(40, 111)
(26, 125)
(51, 100)
(67, 84)
(69, 82)}

Print some_are_pairs (contains 0 tuples): {}

Print none_are_pairs (contains 0 tuples): {}

Print indecomposable (contains 0 tuples): {}

Print decomposable but no pairs (contains 0 tuples): {}

Print exceptional cycles (contains 0 tuples): {}

Below are debug outputs for each alpha in V whether it was put in the indecomposable set or the decomposable but no pairs set:


method validate_set_V(151, 1) ran to completion.
