Running method validate_set_V(m = 127, d = 1):

Summary:
given m = 127, d = 1
Calculations took 0 days, 0 hours, 0 minutes, 0 seconds, 0 miliseconds, 386 microseconds, 200 nanoseconds.
Z/mZ:  [0, 1, 2, 3, 4, 5, 6, 7, 8, 9, 10, 11, 12, 13, 14, 15, 16, 17, 18, 19, 20, 21, 22, 23, 24, 25, 26, 27, 28, 29, 30, 31, 32, 33, 34, 35, 36, 37, 38, 39, 40, 41, 42, 43, 44, 45, 46, 47, 48, 49, 50, 51, 52, 53, 54, 55, 56, 57, 58, 59, 60, 61, 62, 63, 64, 65, 66, 67, 68, 69, 70, 71, 72, 73, 74, 75, 76, 77, 78, 79, 80, 81, 82, 83, 84, 85, 86, 87, 88, 89, 90, 91, 92, 93, 94, 95, 96, 97, 98, 99, 100, 101, 102, 103, 104, 105, 106, 107, 108, 109, 110, 111, 112, 113, 114, 115, 116, 117, 118, 119, 120, 121, 122, 123, 124, 125, 126]
Z/mZ*: [1, 2, 3, 4, 5, 6, 7, 8, 9, 10, 11, 12, 13, 14, 15, 16, 17, 18, 19, 20, 21, 22, 23, 24, 25, 26, 27, 28, 29, 30, 31, 32, 33, 34, 35, 36, 37, 38, 39, 40, 41, 42, 43, 44, 45, 46, 47, 48, 49, 50, 51, 52, 53, 54, 55, 56, 57, 58, 59, 60, 61, 62, 63, 64, 65, 66, 67, 68, 69, 70, 71, 72, 73, 74, 75, 76, 77, 78, 79, 80, 81, 82, 83, 84, 85, 86, 87, 88, 89, 90, 91, 92, 93, 94, 95, 96, 97, 98, 99, 100, 101, 102, 103, 104, 105, 106, 107, 108, 109, 110, 111, 112, 113, 114, 115, 116, 117, 118, 119, 120, 121, 122, 123, 124, 125, 126]
All ascending & non-repeating tuple (size 2) combinations possible for the U set: 7875
                      V set: contains 63 tuples
          all_are_pairs set: contains 63 tuples
         some_are_pairs set: contains 0 tuples
         none_are_pairs set: contains 0 tuples
         indecomposable set: contains 0 tuples
decomposable & no pairs set: contains 0 tuples
     exceptional_cycles set: contains 0 tuples

Print V set (contains 63 tuples): {
(56, 71)
(36, 91)
(24, 103)
(9, 118)
(54, 73)
(5, 122)
(61, 66)
(30, 97)
(19, 108)
(10, 117)
(14, 113)
(42, 85)
(32, 95)
(1, 126)
(53, 74)
(50, 77)
(12, 115)
(26, 101)
(17, 110)
(15, 112)
(21, 106)
(59, 68)
(2, 125)
(63, 64)
(58, 69)
(60, 67)
(18, 109)
(62, 65)
(33, 94)
(57, 70)
(49, 78)
(11, 116)
(6, 121)
(25, 102)
(46, 81)
(51, 76)
(31, 96)
(7, 120)
(8, 119)
(29, 98)
(34, 93)
(55, 72)
(22, 105)
(37, 90)
(39, 88)
(4, 123)
(48, 79)
(45, 82)
(20, 107)
(3, 124)
(47, 80)
(41, 86)
(40, 87)
(27, 100)
(38, 89)
(44, 83)
(13, 114)
(43, 84)
(52, 75)
(35, 92)
(16, 111)
(23, 104)
(28, 99)}

Print all_are_pairs (contains 63 tuples): {
(56, 71)
(36, 91)
(24, 103)
(9, 118)
(54, 73)
(5, 122)
(61, 66)
(30, 97)
(19, 108)
(10, 117)
(14, 113)
(42, 85)
(32, 95)
(1, 126)
(53, 74)
(50, 77)
(12, 115)
(26, 101)
(17, 110)
(15, 112)
(21, 106)
(59, 68)
(2, 125)
(63, 64)
(58, 69)
(60, 67)
(18, 109)
(62, 65)
(33, 94)
(57, 70)
(49, 78)
(11, 116)
(6, 121)
(25, 102)
(46, 81)
(51, 76)
(31, 96)
(7, 120)
(8, 119)
(29, 98)
(34, 93)
(55, 72)
(22, 105)
(37, 90)
(39, 88)
(4, 123)
(48, 79)
(45, 82)
(20, 107)
(3, 124)
(47, 80)
(41, 86)
(40, 87)
(27, 100)
(38, 89)
(44, 83)
(13, 114)
(43, 84)
(52, 75)
(35, 92)
(16, 111)
(23, 104)
(28, 99)}

Print some_are_pairs (contains 0 tuples): {}

Print none_are_pairs (contains 0 tuples): {}

Print indecomposable (contains 0 tuples): {}

Print decomposable but no pairs (contains 0 tuples): {}

Print exceptional cycles (contains 0 tuples): {}

Below are debug outputs for each alpha in V whether it was put in the indecomposable set or the decomposable but no pairs set:


method validate_set_V(127, 1) ran to completion.
