Running method validate_set_V(m = 127, d = 2):

Summary:
given m = 127, d = 2
Calculations took 0 days, 0 hours, 0 minutes, 0 seconds, 63 miliseconds, 495 microseconds, 301 nanoseconds.
Z/mZ:  [0, 1, 2, 3, 4, 5, 6, 7, 8, 9, 10, 11, 12, 13, 14, 15, 16, 17, 18, 19, 20, 21, 22, 23, 24, 25, 26, 27, 28, 29, 30, 31, 32, 33, 34, 35, 36, 37, 38, 39, 40, 41, 42, 43, 44, 45, 46, 47, 48, 49, 50, 51, 52, 53, 54, 55, 56, 57, 58, 59, 60, 61, 62, 63, 64, 65, 66, 67, 68, 69, 70, 71, 72, 73, 74, 75, 76, 77, 78, 79, 80, 81, 82, 83, 84, 85, 86, 87, 88, 89, 90, 91, 92, 93, 94, 95, 96, 97, 98, 99, 100, 101, 102, 103, 104, 105, 106, 107, 108, 109, 110, 111, 112, 113, 114, 115, 116, 117, 118, 119, 120, 121, 122, 123, 124, 125, 126]
Z/mZ*: [1, 2, 3, 4, 5, 6, 7, 8, 9, 10, 11, 12, 13, 14, 15, 16, 17, 18, 19, 20, 21, 22, 23, 24, 25, 26, 27, 28, 29, 30, 31, 32, 33, 34, 35, 36, 37, 38, 39, 40, 41, 42, 43, 44, 45, 46, 47, 48, 49, 50, 51, 52, 53, 54, 55, 56, 57, 58, 59, 60, 61, 62, 63, 64, 65, 66, 67, 68, 69, 70, 71, 72, 73, 74, 75, 76, 77, 78, 79, 80, 81, 82, 83, 84, 85, 86, 87, 88, 89, 90, 91, 92, 93, 94, 95, 96, 97, 98, 99, 100, 101, 102, 103, 104, 105, 106, 107, 108, 109, 110, 111, 112, 113, 114, 115, 116, 117, 118, 119, 120, 121, 122, 123, 124, 125, 126]
All ascending & non-repeating tuple (size 4) combinations possible for the U set: 10009125
                      V set: contains 1953 tuples
          all_are_pairs set: contains 1953 tuples
         some_are_pairs set: contains 0 tuples
         none_are_pairs set: contains 0 tuples
         indecomposable set: contains 0 tuples
decomposable & no pairs set: contains 0 tuples
     exceptional_cycles set: contains 0 tuples

Print V set (contains 1953 tuples): {
(42, 62, 65, 85)
(13, 20, 107, 114)
(38, 45, 82, 89)
(19, 21, 106, 108)
(30, 47, 80, 97)
(36, 42, 85, 91)
(17, 25, 102, 110)
(4, 59, 68, 123)
(18, 41, 86, 109)
(2, 57, 70, 125)
(1, 27, 100, 126)
(19, 41, 86, 108)
(3, 21, 106, 124)
(15, 51, 76, 112)
(55, 57, 70, 72)
(18, 27, 100, 109)
(1, 56, 71, 126)
(3, 5, 122, 124)
(8, 10, 117, 119)
(35, 56, 71, 92)
(31, 51, 76, 96)
(13, 38, 89, 114)
(5, 55, 72, 122)
(13, 50, 77, 114)
(25, 39, 88, 102)
(42, 54, 73, 85)
(26, 61, 66, 101)
(7, 38, 89, 120)
(21, 38, 89, 106)
(10, 23, 104, 117)
(12, 48, 79, 115)
(6, 9, 118, 121)
(11, 19, 108, 116)
(43, 49, 78, 84)
(24, 34, 93, 103)
(39, 42, 85, 88)
(12, 49, 78, 115)
(30, 43, 84, 97)
(10, 22, 105, 117)
(16, 60, 67, 111)
(18, 46, 81, 109)
(8, 62, 65, 119)
(28, 31, 96, 99)
(22, 24, 103, 105)
(2, 15, 112, 125)
(1, 29, 98, 126)
(36, 62, 65, 91)
(17, 19, 108, 110)
(5, 22, 105, 122)
(11, 20, 107, 116)
(24, 27, 100, 103)
(5, 41, 86, 122)
(12, 45, 82, 115)
(33, 36, 91, 94)
(36, 50, 77, 91)
(16, 52, 75, 111)
(28, 52, 75, 99)
(7, 30, 97, 120)
(10, 14, 113, 117)
(9, 31, 96, 118)
(32, 47, 80, 95)
(52, 58, 69, 75)
(17, 24, 103, 110)
(26, 47, 80, 101)
(31, 63, 64, 96)
(20, 57, 70, 107)
(21, 43, 84, 106)
(28, 36, 91, 99)
(29, 41, 86, 98)
(24, 61, 66, 103)
(9, 62, 65, 118)
(17, 28, 99, 110)
(52, 59, 68, 75)
(14, 56, 71, 113)
(17, 26, 101, 110)
(40, 47, 80, 87)
(1, 59, 68, 126)
(37, 44, 83, 90)
(9, 41, 86, 118)
(26, 38, 89, 101)
(61, 62, 65, 66)
(3, 11, 116, 124)
(22, 58, 69, 105)
(9, 59, 68, 118)
(23, 33, 94, 104)
(39, 44, 83, 88)
(46, 52, 75, 81)
(38, 43, 84, 89)
(16, 50, 77, 111)
(11, 59, 68, 116)
(49, 50, 77, 78)
(2, 36, 91, 125)
(14, 49, 78, 113)
(22, 43, 84, 105)
(20, 60, 67, 107)
(35, 40, 87, 92)
(39, 51, 76, 88)
(26, 43, 84, 101)
(57, 61, 66, 70)
(1, 5, 122, 126)
(27, 55, 72, 100)
(7, 42, 85, 120)
(20, 21, 106, 107)
(33, 37, 90, 94)
(51, 55, 72, 76)
(5, 39, 88, 122)
(51, 63, 64, 76)
(3, 40, 87, 124)
(8, 36, 91, 119)
(14, 57, 70, 113)
(40, 58, 69, 87)
(17, 22, 105, 110)
(16, 17, 110, 111)
(21, 35, 92, 106)
(59, 60, 67, 68)
(19, 62, 65, 108)
(28, 34, 93, 99)
(17, 33, 94, 110)
(42, 52, 75, 85)
(50, 52, 75, 77)
(24, 43, 84, 103)
(45, 57, 70, 82)
(1, 53, 74, 126)
(9, 50, 77, 118)
(5, 50, 77, 122)
(28, 30, 97, 99)
(30, 52, 75, 97)
(24, 31, 96, 103)
(15, 36, 91, 112)
(43, 58, 69, 84)
(3, 37, 90, 124)
(5, 27, 100, 122)
(12, 51, 76, 115)
(44, 53, 74, 83)
(15, 52, 75, 112)
(2, 6, 121, 125)
(8, 16, 111, 119)
(48, 55, 72, 79)
(49, 53, 74, 78)
(6, 43, 84, 121)
(39, 40, 87, 88)
(42, 53, 74, 85)
(6, 44, 83, 121)
(6, 7, 120, 121)
(10, 63, 64, 117)
(10, 30, 97, 117)
(35, 38, 89, 92)
(25, 46, 81, 102)
(36, 45, 82, 91)
(9, 37, 90, 118)
(6, 50, 77, 121)
(17, 57, 70, 110)
(26, 30, 97, 101)
(6, 57, 70, 121)
(6, 47, 80, 121)
(14, 26, 101, 113)
(4, 41, 86, 123)
(33, 54, 73, 94)
(2, 47, 80, 125)
(34, 45, 82, 93)
(36, 60, 67, 91)
(5, 35, 92, 122)
(31, 32, 95, 96)
(16, 42, 85, 111)
(19, 33, 94, 108)
(15, 59, 68, 112)
(29, 63, 64, 98)
(10, 55, 72, 117)
(19, 40, 87, 108)
(33, 38, 89, 94)
(23, 37, 90, 104)
(56, 57, 70, 71)
(2, 63, 64, 125)
(2, 58, 69, 125)
(15, 26, 101, 112)
(13, 35, 92, 114)
(20, 33, 94, 107)
(50, 55, 72, 77)
(20, 28, 99, 107)
(10, 46, 81, 117)
(23, 29, 98, 104)
(29, 45, 82, 98)
(30, 49, 78, 97)
(1, 6, 121, 126)
(48, 60, 67, 79)
(43, 54, 73, 84)
(28, 48, 79, 99)
(16, 24, 103, 111)
(4, 8, 119, 123)
(31, 40, 87, 96)
(6, 8, 119, 121)
(23, 38, 89, 104)
(51, 59, 68, 76)
(6, 13, 114, 121)
(34, 39, 88, 93)
(13, 32, 95, 114)
(35, 57, 70, 92)
(24, 47, 80, 103)
(11, 55, 72, 116)
(16, 40, 87, 111)
(42, 44, 83, 85)
(6, 11, 116, 121)
(15, 53, 74, 112)
(38, 49, 78, 89)
(9, 60, 67, 118)
(12, 18, 109, 115)
(5, 52, 75, 122)
(11, 38, 89, 116)
(11, 29, 98, 116)
(21, 52, 75, 106)
(48, 57, 70, 79)
(7, 62, 65, 120)
(22, 62, 65, 105)
(1, 4, 123, 126)
(25, 60, 67, 102)
(20, 46, 81, 107)
(46, 54, 73, 81)
(53, 58, 69, 74)
(1, 16, 111, 126)
(14, 55, 72, 113)
(10, 54, 73, 117)
(22, 60, 67, 105)
(31, 54, 73, 96)
(7, 28, 99, 120)
(50, 60, 67, 77)
(9, 11, 116, 118)
(19, 49, 78, 108)
(28, 61, 66, 99)
(12, 38, 89, 115)
(22, 55, 72, 105)
(25, 29, 98, 102)
(7, 36, 91, 120)
(3, 56, 71, 124)
(16, 46, 81, 111)
(8, 15, 112, 119)
(12, 59, 68, 115)
(18, 47, 80, 109)
(23, 44, 83, 104)
(4, 44, 83, 123)
(15, 25, 102, 112)
(51, 52, 75, 76)
(1, 35, 92, 126)
(2, 25, 102, 125)
(22, 53, 74, 105)
(41, 43, 84, 86)
(32, 54, 73, 95)
(11, 23, 104, 116)
(27, 62, 65, 100)
(18, 34, 93, 109)
(51, 60, 67, 76)
(28, 32, 95, 99)
(24, 58, 69, 103)
(40, 53, 74, 87)
(18, 58, 69, 109)
(16, 56, 71, 111)
(20, 58, 69, 107)
(48, 62, 65, 79)
(7, 40, 87, 120)
(14, 63, 64, 113)
(15, 55, 72, 112)
(57, 58, 69, 70)
(9, 24, 103, 118)
(24, 44, 83, 103)
(24, 63, 64, 103)
(54, 60, 67, 73)
(22, 35, 92, 105)
(4, 40, 87, 123)
(25, 31, 96, 102)
(26, 42, 85, 101)
(3, 23, 104, 124)
(6, 52, 75, 121)
(2, 51, 76, 125)
(10, 59, 68, 117)
(40, 43, 84, 87)
(6, 35, 92, 121)
(47, 49, 78, 80)
(34, 63, 64, 93)
(32, 59, 68, 95)
(1, 51, 76, 126)
(6, 51, 76, 121)
(1, 41, 86, 126)
(19, 37, 90, 108)
(20, 40, 87, 107)
(15, 18, 109, 112)
(34, 35, 92, 93)
(21, 63, 64, 106)
(18, 35, 92, 109)
(36, 61, 66, 91)
(21, 59, 68, 106)
(1, 58, 69, 126)
(37, 52, 75, 90)
(18, 44, 83, 109)
(18, 57, 70, 109)
(35, 43, 84, 92)
(21, 57, 70, 106)
(52, 53, 74, 75)
(6, 23, 104, 121)
(30, 62, 65, 97)
(16, 44, 83, 111)
(15, 49, 78, 112)
(7, 46, 81, 120)
(5, 43, 84, 122)
(14, 34, 93, 113)
(5, 42, 85, 122)
(6, 17, 110, 121)
(19, 56, 71, 108)
(13, 43, 84, 114)
(18, 40, 87, 109)
(11, 51, 76, 116)
(39, 57, 70, 88)
(1, 11, 116, 126)
(38, 51, 76, 89)
(40, 61, 66, 87)
(18, 62, 65, 109)
(10, 44, 83, 117)
(3, 57, 70, 124)
(7, 15, 112, 120)
(12, 55, 72, 115)
(2, 20, 107, 125)
(30, 56, 71, 97)
(32, 48, 79, 95)
(8, 24, 103, 119)
(12, 43, 84, 115)
(27, 48, 79, 100)
(30, 45, 82, 97)
(27, 49, 78, 100)
(2, 38, 89, 125)
(12, 52, 75, 115)
(50, 53, 74, 77)
(13, 51, 76, 114)
(60, 63, 64, 67)
(10, 38, 89, 117)
(4, 6, 121, 123)
(1, 48, 79, 126)
(12, 20, 107, 115)
(19, 48, 79, 108)
(55, 63, 64, 72)
(51, 54, 73, 76)
(19, 31, 96, 108)
(10, 53, 74, 117)
(12, 63, 64, 115)
(3, 45, 82, 124)
(14, 23, 104, 113)
(41, 61, 66, 86)
(21, 45, 82, 106)
(18, 28, 99, 109)
(49, 59, 68, 78)
(10, 58, 69, 117)
(22, 54, 73, 105)
(3, 25, 102, 124)
(27, 50, 77, 100)
(2, 30, 97, 125)
(8, 54, 73, 119)
(9, 32, 95, 118)
(30, 63, 64, 97)
(38, 53, 74, 89)
(17, 43, 84, 110)
(34, 59, 68, 93)
(26, 34, 93, 101)
(8, 41, 86, 119)
(30, 39, 88, 97)
(22, 27, 100, 105)
(19, 44, 83, 108)
(39, 62, 65, 88)
(17, 48, 79, 110)
(33, 52, 75, 94)
(44, 48, 79, 83)
(2, 46, 81, 125)
(16, 27, 100, 111)
(9, 52, 75, 118)
(14, 47, 80, 113)
(1, 40, 87, 126)
(29, 39, 88, 98)
(17, 20, 107, 110)
(21, 53, 74, 106)
(33, 56, 71, 94)
(2, 31, 96, 125)
(13, 58, 69, 114)
(35, 63, 64, 92)
(13, 30, 97, 114)
(23, 34, 93, 104)
(31, 44, 83, 96)
(28, 46, 81, 99)
(33, 60, 67, 94)
(24, 48, 79, 103)
(37, 43, 84, 90)
(37, 57, 70, 90)
(2, 44, 83, 125)
(26, 39, 88, 101)
(9, 21, 106, 118)
(8, 11, 116, 119)
(40, 41, 86, 87)
(9, 10, 117, 118)
(49, 60, 67, 78)
(15, 39, 88, 112)
(3, 10, 117, 124)
(25, 36, 91, 102)
(19, 22, 105, 108)
(22, 38, 89, 105)
(4, 15, 112, 123)
(42, 46, 81, 85)
(18, 31, 96, 109)
(25, 43, 84, 102)
(2, 48, 79, 125)
(42, 63, 64, 85)
(32, 50, 77, 95)
(23, 49, 78, 104)
(24, 28, 99, 103)
(17, 44, 83, 110)
(48, 56, 71, 79)
(14, 52, 75, 113)
(11, 13, 114, 116)
(9, 46, 81, 118)
(10, 33, 94, 117)
(17, 30, 97, 110)
(23, 52, 75, 104)
(16, 35, 92, 111)
(21, 56, 71, 106)
(22, 50, 77, 105)
(28, 43, 84, 99)
(1, 25, 102, 126)
(43, 53, 74, 84)
(1, 54, 73, 126)
(62, 63, 64, 65)
(51, 61, 66, 76)
(7, 11, 116, 120)
(12, 24, 103, 115)
(45, 51, 76, 82)
(12, 44, 83, 115)
(14, 51, 76, 113)
(46, 55, 72, 81)
(5, 18, 109, 122)
(20, 43, 84, 107)
(21, 24, 103, 106)
(11, 42, 85, 116)
(29, 61, 66, 98)
(11, 24, 103, 116)
(40, 46, 81, 87)
(3, 7, 120, 124)
(11, 14, 113, 116)
(6, 21, 106, 121)
(4, 37, 90, 123)
(35, 62, 65, 92)
(49, 56, 71, 78)
(11, 18, 109, 116)
(19, 46, 81, 108)
(7, 41, 86, 120)
(41, 60, 67, 86)
(37, 47, 80, 90)
(41, 58, 69, 86)
(44, 62, 65, 83)
(13, 55, 72, 114)
(29, 37, 90, 98)
(50, 57, 70, 77)
(8, 14, 113, 119)
(37, 39, 88, 90)
(17, 32, 95, 110)
(20, 45, 82, 107)
(34, 41, 86, 93)
(16, 48, 79, 111)
(37, 48, 79, 90)
(17, 46, 81, 110)
(19, 23, 104, 108)
(35, 47, 80, 92)
(25, 41, 86, 102)
(9, 34, 93, 118)
(10, 21, 106, 117)
(27, 46, 81, 100)
(44, 57, 70, 83)
(17, 31, 96, 110)
(12, 21, 106, 115)
(17, 23, 104, 110)
(40, 50, 77, 87)
(19, 32, 95, 108)
(15, 38, 89, 112)
(27, 61, 66, 100)
(9, 55, 72, 118)
(26, 62, 65, 101)
(36, 59, 68, 91)
(15, 16, 111, 112)
(30, 35, 92, 97)
(26, 59, 68, 101)
(14, 20, 107, 113)
(18, 39, 88, 109)
(29, 33, 94, 98)
(14, 25, 102, 113)
(20, 49, 78, 107)
(44, 56, 71, 83)
(21, 34, 93, 106)
(43, 56, 71, 84)
(38, 41, 86, 89)
(24, 59, 68, 103)
(20, 63, 64, 107)
(31, 53, 74, 96)
(28, 29, 98, 99)
(7, 26, 101, 120)
(4, 25, 102, 123)
(29, 52, 75, 98)
(3, 47, 80, 124)
(22, 25, 102, 105)
(37, 55, 72, 90)
(32, 62, 65, 95)
(25, 50, 77, 102)
(9, 27, 100, 118)
(49, 52, 75, 78)
(34, 37, 90, 93)
(2, 41, 86, 125)
(25, 55, 72, 102)
(6, 56, 71, 121)
(48, 52, 75, 79)
(20, 52, 75, 107)
(28, 37, 90, 99)
(34, 50, 77, 93)
(2, 45, 82, 125)
(46, 56, 71, 81)
(9, 20, 107, 118)
(26, 56, 71, 101)
(2, 60, 67, 125)
(15, 41, 86, 112)
(18, 26, 101, 109)
(6, 25, 102, 121)
(23, 27, 100, 104)
(7, 14, 113, 120)
(4, 35, 92, 123)
(28, 58, 69, 99)
(3, 24, 103, 124)
(2, 12, 115, 125)
(21, 44, 83, 106)
(24, 45, 82, 103)
(22, 46, 81, 105)
(26, 45, 82, 101)
(13, 31, 96, 114)
(11, 12, 115, 116)
(1, 37, 90, 126)
(55, 56, 71, 72)
(12, 54, 73, 115)
(43, 46, 81, 84)
(18, 24, 103, 109)
(42, 56, 71, 85)
(14, 30, 97, 113)
(18, 29, 98, 109)
(13, 27, 100, 114)
(21, 47, 80, 106)
(14, 46, 81, 113)
(20, 42, 85, 107)
(5, 14, 113, 122)
(7, 34, 93, 120)
(24, 55, 72, 103)
(36, 57, 70, 91)
(13, 17, 110, 114)
(13, 18, 109, 114)
(38, 62, 65, 89)
(12, 36, 91, 115)
(3, 63, 64, 124)
(16, 34, 93, 111)
(2, 39, 88, 125)
(35, 52, 75, 92)
(14, 58, 69, 113)
(17, 47, 80, 110)
(42, 50, 77, 85)
(7, 57, 70, 120)
(36, 37, 90, 91)
(61, 63, 64, 66)
(13, 56, 71, 114)
(2, 35, 92, 125)
(18, 25, 102, 109)
(8, 49, 78, 119)
(4, 21, 106, 123)
(17, 50, 77, 110)
(31, 50, 77, 96)
(14, 61, 66, 113)
(6, 16, 111, 121)
(41, 57, 70, 86)
(19, 30, 97, 108)
(18, 56, 71, 109)
(25, 52, 75, 102)
(15, 62, 65, 112)
(25, 47, 80, 102)
(36, 51, 76, 91)
(31, 47, 80, 96)
(8, 56, 71, 119)
(22, 59, 68, 105)
(9, 28, 99, 118)
(29, 48, 79, 98)
(29, 34, 93, 98)
(15, 31, 96, 112)
(7, 19, 108, 120)
(18, 60, 67, 109)
(15, 50, 77, 112)
(12, 60, 67, 115)
(3, 61, 66, 124)
(6, 20, 107, 121)
(20, 59, 68, 107)
(9, 16, 111, 118)
(29, 43, 84, 98)
(3, 55, 72, 124)
(19, 53, 74, 108)
(20, 24, 103, 107)
(30, 40, 87, 97)
(54, 55, 72, 73)
(8, 19, 108, 119)
(39, 48, 79, 88)
(6, 12, 115, 121)
(4, 12, 115, 123)
(26, 31, 96, 101)
(30, 58, 69, 97)
(28, 39, 88, 99)
(13, 61, 66, 114)
(14, 41, 86, 113)
(23, 56, 71, 104)
(12, 57, 70, 115)
(35, 37, 90, 92)
(45, 61, 66, 82)
(14, 44, 83, 113)
(11, 33, 94, 116)
(15, 32, 95, 112)
(10, 16, 111, 117)
(11, 26, 101, 116)
(3, 60, 67, 124)
(1, 24, 103, 126)
(1, 45, 82, 126)
(8, 28, 99, 119)
(25, 54, 73, 102)
(55, 60, 67, 72)
(18, 37, 90, 109)
(6, 27, 100, 121)
(22, 44, 83, 105)
(8, 60, 67, 119)
(50, 59, 68, 77)
(4, 16, 111, 123)
(16, 32, 95, 111)
(15, 47, 80, 112)
(39, 41, 86, 88)
(46, 59, 68, 81)
(41, 50, 77, 86)
(25, 42, 85, 102)
(8, 27, 100, 119)
(60, 61, 66, 67)
(2, 10, 117, 125)
(14, 59, 68, 113)
(16, 29, 98, 111)
(4, 28, 99, 123)
(46, 47, 80, 81)
(5, 23, 104, 122)
(24, 37, 90, 103)
(5, 34, 93, 122)
(6, 54, 73, 121)
(36, 43, 84, 91)
(1, 38, 89, 126)
(29, 32, 95, 98)
(8, 59, 68, 119)
(45, 49, 78, 82)
(53, 62, 65, 74)
(11, 30, 97, 116)
(56, 62, 65, 71)
(2, 27, 100, 125)
(36, 58, 69, 91)
(25, 32, 95, 102)
(9, 61, 66, 118)
(31, 49, 78, 96)
(34, 48, 79, 93)
(53, 60, 67, 74)
(4, 31, 96, 123)
(20, 32, 95, 107)
(20, 22, 105, 107)
(22, 32, 95, 105)
(30, 51, 76, 97)
(32, 33, 94, 95)
(7, 52, 75, 120)
(4, 54, 73, 123)
(7, 32, 95, 120)
(7, 59, 68, 120)
(8, 33, 94, 119)
(12, 61, 66, 115)
(6, 48, 79, 121)
(1, 52, 75, 126)
(9, 33, 94, 118)
(8, 46, 81, 119)
(6, 29, 98, 121)
(4, 7, 120, 123)
(25, 33, 94, 102)
(2, 17, 110, 125)
(24, 35, 92, 103)
(29, 44, 83, 98)
(10, 37, 90, 117)
(17, 58, 69, 110)
(28, 47, 80, 99)
(27, 28, 99, 100)
(3, 19, 108, 124)
(32, 60, 67, 95)
(15, 35, 92, 112)
(28, 45, 82, 99)
(2, 37, 90, 125)
(2, 61, 66, 125)
(28, 60, 67, 99)
(23, 41, 86, 104)
(2, 9, 118, 125)
(36, 49, 78, 91)
(5, 37, 90, 122)
(5, 51, 76, 122)
(9, 45, 82, 118)
(26, 54, 73, 101)
(1, 62, 65, 126)
(19, 60, 67, 108)
(22, 39, 88, 105)
(30, 54, 73, 97)
(45, 55, 72, 82)
(3, 13, 114, 124)
(7, 53, 74, 120)
(8, 32, 95, 119)
(6, 30, 97, 121)
(14, 40, 87, 113)
(13, 25, 102, 114)
(15, 44, 83, 112)
(1, 3, 124, 126)
(6, 55, 72, 121)
(54, 59, 68, 73)
(46, 58, 69, 81)
(50, 62, 65, 77)
(25, 34, 93, 102)
(12, 58, 69, 115)
(9, 38, 89, 118)
(5, 57, 70, 122)
(1, 61, 66, 126)
(22, 40, 87, 105)
(9, 63, 64, 118)
(13, 44, 83, 114)
(16, 20, 107, 111)
(27, 37, 90, 100)
(2, 3, 124, 125)
(16, 22, 105, 111)
(41, 63, 64, 86)
(2, 5, 122, 125)
(5, 7, 120, 122)
(39, 55, 72, 88)
(24, 52, 75, 103)
(16, 31, 96, 111)
(3, 53, 74, 124)
(33, 34, 93, 94)
(47, 56, 71, 80)
(5, 6, 121, 122)
(13, 52, 75, 114)
(16, 63, 64, 111)
(30, 55, 72, 97)
(7, 56, 71, 120)
(5, 21, 106, 122)
(26, 33, 94, 101)
(2, 62, 65, 125)
(21, 60, 67, 106)
(19, 52, 75, 108)
(32, 46, 81, 95)
(6, 34, 93, 121)
(12, 26, 101, 115)
(51, 56, 71, 76)
(27, 34, 93, 100)
(25, 51, 76, 102)
(8, 39, 88, 119)
(5, 63, 64, 122)
(12, 41, 86, 115)
(13, 23, 104, 114)
(12, 53, 74, 115)
(11, 15, 112, 116)
(32, 57, 70, 95)
(23, 40, 87, 104)
(48, 63, 64, 79)
(7, 60, 67, 120)
(38, 50, 77, 89)
(13, 54, 73, 114)
(28, 50, 77, 99)
(40, 45, 82, 87)
(1, 26, 101, 126)
(41, 47, 80, 86)
(56, 63, 64, 71)
(12, 46, 81, 115)
(27, 35, 92, 100)
(36, 47, 80, 91)
(12, 47, 80, 115)
(13, 62, 65, 114)
(39, 60, 67, 88)
(6, 18, 109, 121)
(7, 18, 109, 120)
(36, 41, 86, 91)
(38, 59, 68, 89)
(4, 52, 75, 123)
(11, 37, 90, 116)
(27, 47, 80, 100)
(7, 31, 96, 120)
(37, 42, 85, 90)
(5, 8, 119, 122)
(8, 63, 64, 119)
(13, 33, 94, 114)
(11, 32, 95, 116)
(7, 20, 107, 120)
(8, 37, 90, 119)
(25, 49, 78, 102)
(31, 45, 82, 96)
(32, 44, 83, 95)
(16, 19, 108, 111)
(5, 53, 74, 122)
(13, 22, 105, 114)
(36, 63, 64, 91)
(3, 18, 109, 124)
(31, 36, 91, 96)
(17, 54, 73, 110)
(28, 63, 64, 99)
(21, 23, 104, 106)
(26, 55, 72, 101)
(41, 52, 75, 86)
(14, 39, 88, 113)
(42, 58, 69, 85)
(54, 58, 69, 73)
(13, 34, 93, 114)
(19, 26, 101, 108)
(28, 59, 68, 99)
(12, 14, 113, 115)
(10, 57, 70, 117)
(1, 42, 85, 126)
(31, 35, 92, 96)
(27, 45, 82, 100)
(16, 54, 73, 111)
(4, 49, 78, 123)
(15, 20, 107, 112)
(46, 49, 78, 81)
(10, 52, 75, 117)
(38, 55, 72, 89)
(4, 62, 65, 123)
(41, 45, 82, 86)
(44, 46, 81, 83)
(7, 33, 94, 120)
(36, 56, 71, 91)
(41, 42, 85, 86)
(34, 42, 85, 93)
(34, 51, 76, 93)
(11, 17, 110, 116)
(43, 50, 77, 84)
(14, 24, 103, 113)
(54, 62, 65, 73)
(3, 29, 98, 124)
(31, 43, 84, 96)
(16, 28, 99, 111)
(19, 45, 82, 108)
(49, 58, 69, 78)
(8, 53, 74, 119)
(34, 46, 81, 93)
(17, 37, 90, 110)
(32, 39, 88, 95)
(37, 58, 69, 90)
(8, 22, 105, 119)
(9, 44, 83, 118)
(17, 62, 65, 110)
(19, 54, 73, 108)
(21, 29, 98, 106)
(14, 50, 77, 113)
(15, 27, 100, 112)
(7, 22, 105, 120)
(1, 23, 104, 126)
(10, 49, 78, 117)
(9, 57, 70, 118)
(52, 63, 64, 75)
(1, 57, 70, 126)
(25, 38, 89, 102)
(52, 55, 72, 75)
(48, 53, 74, 79)
(9, 19, 108, 118)
(27, 36, 91, 100)
(10, 31, 96, 117)
(14, 19, 108, 113)
(30, 37, 90, 97)
(15, 17, 110, 112)
(27, 59, 68, 100)
(24, 46, 81, 103)
(1, 47, 80, 126)
(4, 19, 108, 123)
(15, 56, 71, 112)
(9, 22, 105, 118)
(7, 50, 77, 120)
(20, 30, 97, 107)
(25, 35, 92, 102)
(36, 53, 74, 91)
(3, 39, 88, 124)
(32, 52, 75, 95)
(14, 15, 112, 113)
(33, 58, 69, 94)
(5, 17, 110, 122)
(1, 28, 99, 126)
(35, 60, 67, 92)
(23, 45, 82, 104)
(51, 62, 65, 76)
(32, 45, 82, 95)
(26, 41, 86, 101)
(14, 33, 94, 113)
(54, 57, 70, 73)
(13, 36, 91, 114)
(25, 27, 100, 102)
(4, 45, 82, 123)
(27, 29, 98, 100)
(42, 51, 76, 85)
(10, 48, 79, 117)
(4, 14, 113, 123)
(32, 34, 93, 95)
(4, 56, 71, 123)
(15, 23, 104, 112)
(30, 48, 79, 97)
(12, 50, 77, 115)
(22, 29, 98, 105)
(11, 63, 64, 116)
(10, 12, 115, 117)
(16, 39, 88, 111)
(4, 10, 117, 123)
(6, 19, 108, 121)
(12, 42, 85, 115)
(30, 61, 66, 97)
(7, 17, 110, 120)
(18, 38, 89, 109)
(3, 8, 119, 124)
(31, 37, 90, 96)
(29, 58, 69, 98)
(7, 63, 64, 120)
(6, 32, 95, 121)
(9, 49, 78, 118)
(31, 42, 85, 96)
(19, 28, 99, 108)
(22, 61, 66, 105)
(43, 55, 72, 84)
(31, 61, 66, 96)
(4, 22, 105, 123)
(26, 60, 67, 101)
(41, 46, 81, 86)
(9, 30, 97, 118)
(7, 39, 88, 120)
(15, 21, 106, 112)
(20, 61, 66, 107)
(31, 48, 79, 96)
(30, 41, 86, 97)
(39, 53, 74, 88)
(10, 18, 109, 117)
(35, 36, 91, 92)
(28, 55, 72, 99)
(1, 44, 83, 126)
(3, 58, 69, 124)
(19, 43, 84, 108)
(31, 55, 72, 96)
(16, 23, 104, 111)
(24, 26, 101, 103)
(47, 50, 77, 80)
(14, 18, 109, 113)
(21, 36, 91, 106)
(1, 17, 110, 126)
(23, 43, 84, 104)
(3, 20, 107, 124)
(27, 30, 97, 100)
(1, 19, 108, 126)
(20, 55, 72, 107)
(11, 27, 100, 116)
(19, 58, 69, 108)
(24, 25, 102, 103)
(2, 49, 78, 125)
(9, 12, 115, 118)
(2, 11, 116, 125)
(16, 51, 76, 111)
(33, 39, 88, 94)
(5, 25, 102, 122)
(2, 7, 120, 125)
(45, 58, 69, 82)
(13, 60, 67, 114)
(46, 57, 70, 81)
(10, 26, 101, 117)
(1, 49, 78, 126)
(26, 46, 81, 101)
(47, 58, 69, 80)
(2, 24, 103, 125)
(11, 22, 105, 116)
(28, 53, 74, 99)
(14, 35, 92, 113)
(30, 32, 95, 97)
(33, 40, 87, 94)
(14, 36, 91, 113)
(18, 49, 78, 109)
(53, 59, 68, 74)
(23, 36, 91, 104)
(7, 35, 92, 120)
(3, 15, 112, 124)
(8, 58, 69, 119)
(4, 9, 118, 123)
(7, 9, 118, 120)
(21, 51, 76, 106)
(17, 42, 85, 110)
(43, 48, 79, 84)
(8, 42, 85, 119)
(4, 32, 95, 123)
(10, 61, 66, 117)
(21, 62, 65, 106)
(3, 32, 95, 124)
(7, 37, 90, 120)
(24, 33, 94, 103)
(21, 31, 96, 106)
(29, 38, 89, 98)
(5, 29, 98, 122)
(10, 20, 107, 117)
(18, 52, 75, 109)
(42, 61, 66, 85)
(26, 48, 79, 101)
(15, 19, 108, 112)
(20, 38, 89, 107)
(27, 40, 87, 100)
(14, 62, 65, 113)
(28, 35, 92, 99)
(5, 20, 107, 122)
(24, 38, 89, 103)
(18, 53, 74, 109)
(3, 4, 123, 124)
(26, 35, 92, 101)
(8, 51, 76, 119)
(32, 63, 64, 95)
(35, 54, 73, 92)
(48, 49, 78, 79)
(8, 55, 72, 119)
(10, 42, 85, 117)
(17, 27, 100, 110)
(17, 52, 75, 110)
(52, 57, 70, 75)
(16, 58, 69, 111)
(47, 54, 73, 80)
(41, 56, 71, 86)
(10, 13, 114, 117)
(46, 63, 64, 81)
(23, 50, 77, 104)
(14, 27, 100, 113)
(5, 60, 67, 122)
(9, 26, 101, 118)
(25, 44, 83, 102)
(19, 39, 88, 108)
(27, 57, 70, 100)
(29, 50, 77, 98)
(33, 41, 86, 94)
(2, 13, 114, 125)
(4, 48, 79, 123)
(5, 16, 111, 122)
(12, 31, 96, 115)
(13, 57, 70, 114)
(9, 58, 69, 118)
(8, 48, 79, 119)
(20, 53, 74, 107)
(20, 35, 92, 107)
(50, 58, 69, 77)
(42, 59, 68, 85)
(5, 40, 87, 122)
(40, 54, 73, 87)
(54, 56, 71, 73)
(9, 43, 84, 118)
(23, 61, 66, 104)
(4, 47, 80, 123)
(8, 40, 87, 119)
(22, 57, 70, 105)
(56, 61, 66, 71)
(3, 36, 91, 124)
(20, 54, 73, 107)
(9, 35, 92, 118)
(31, 60, 67, 96)
(13, 41, 86, 114)
(47, 59, 68, 80)
(42, 45, 82, 85)
(3, 9, 118, 124)
(7, 10, 117, 120)
(7, 61, 66, 120)
(6, 14, 113, 121)
(4, 30, 97, 123)
(53, 54, 73, 74)
(7, 13, 114, 120)
(32, 37, 90, 95)
(27, 56, 71, 100)
(20, 44, 83, 107)
(31, 46, 81, 96)
(58, 62, 65, 69)
(14, 48, 79, 113)
(7, 25, 102, 120)
(26, 52, 75, 101)
(1, 21, 106, 126)
(35, 59, 68, 92)
(36, 38, 89, 91)
(29, 49, 78, 98)
(15, 57, 70, 112)
(58, 61, 66, 69)
(30, 31, 96, 97)
(6, 60, 67, 121)
(6, 38, 89, 121)
(11, 57, 70, 116)
(20, 26, 101, 107)
(4, 53, 74, 123)
(1, 39, 88, 126)
(2, 16, 111, 125)
(12, 27, 100, 115)
(20, 47, 80, 107)
(8, 12, 115, 119)
(19, 57, 70, 108)
(7, 24, 103, 120)
(11, 35, 92, 116)
(20, 48, 79, 107)
(12, 33, 94, 115)
(33, 49, 78, 94)
(2, 52, 75, 125)
(15, 28, 99, 112)
(22, 33, 94, 105)
(15, 22, 105, 112)
(7, 51, 76, 120)
(5, 33, 94, 122)
(2, 33, 94, 125)
(44, 59, 68, 83)
(29, 60, 67, 98)
(10, 11, 116, 117)
(2, 21, 106, 125)
(25, 40, 87, 102)
(1, 14, 113, 126)
(13, 59, 68, 114)
(37, 51, 76, 90)
(6, 28, 99, 121)
(18, 36, 91, 109)
(38, 40, 87, 89)
(30, 57, 70, 97)
(31, 33, 94, 96)
(12, 56, 71, 115)
(10, 27, 100, 117)
(4, 58, 69, 123)
(51, 57, 70, 76)
(37, 49, 78, 90)
(43, 63, 64, 84)
(20, 25, 102, 107)
(38, 47, 80, 89)
(58, 60, 67, 69)
(4, 5, 122, 123)
(13, 39, 88, 114)
(17, 35, 92, 110)
(44, 58, 69, 83)
(18, 50, 77, 109)
(6, 61, 66, 121)
(5, 38, 89, 122)
(15, 60, 67, 112)
(8, 13, 114, 119)
(36, 46, 81, 91)
(34, 47, 80, 93)
(24, 49, 78, 103)
(29, 54, 73, 98)
(17, 55, 72, 110)
(34, 53, 74, 93)
(28, 42, 85, 99)
(29, 35, 92, 98)
(22, 41, 86, 105)
(18, 30, 97, 109)
(21, 32, 95, 106)
(41, 54, 73, 86)
(17, 51, 76, 110)
(27, 60, 67, 100)
(45, 60, 67, 82)
(40, 55, 72, 87)
(31, 56, 71, 96)
(28, 54, 73, 99)
(38, 44, 83, 89)
(17, 34, 93, 110)
(22, 48, 79, 105)
(13, 48, 79, 114)
(38, 58, 69, 89)
(33, 44, 83, 94)
(11, 61, 66, 116)
(8, 9, 118, 119)
(42, 43, 84, 85)
(15, 30, 97, 112)
(30, 60, 67, 97)
(5, 28, 99, 122)
(25, 62, 65, 102)
(22, 49, 78, 105)
(9, 48, 79, 118)
(48, 61, 66, 79)
(18, 51, 76, 109)
(22, 52, 75, 105)
(41, 55, 72, 86)
(30, 34, 93, 97)
(33, 61, 66, 94)
(40, 60, 67, 87)
(12, 40, 87, 115)
(19, 25, 102, 108)
(17, 18, 109, 110)
(1, 30, 97, 126)
(18, 23, 104, 109)
(3, 16, 111, 124)
(13, 21, 106, 114)
(25, 37, 90, 102)
(40, 63, 64, 87)
(42, 47, 80, 85)
(18, 54, 73, 109)
(7, 8, 119, 120)
(11, 41, 86, 116)
(1, 2, 125, 126)
(16, 45, 82, 111)
(18, 21, 106, 109)
(39, 50, 77, 88)
(4, 42, 85, 123)
(13, 37, 90, 114)
(24, 29, 98, 103)
(17, 53, 74, 110)
(16, 61, 66, 111)
(25, 28, 99, 102)
(35, 50, 77, 92)
(13, 45, 82, 114)
(28, 49, 78, 99)
(34, 58, 69, 93)
(38, 48, 79, 89)
(12, 30, 97, 115)
(29, 56, 71, 98)
(31, 34, 93, 96)
(17, 49, 78, 110)
(29, 42, 85, 98)
(31, 38, 89, 96)
(9, 47, 80, 118)
(5, 31, 96, 122)
(17, 39, 88, 110)
(32, 40, 87, 95)
(5, 45, 82, 122)
(7, 54, 73, 120)
(32, 36, 91, 95)
(10, 62, 65, 117)
(9, 39, 88, 118)
(38, 63, 64, 89)
(25, 59, 68, 102)
(27, 41, 86, 100)
(2, 22, 105, 125)
(39, 52, 75, 88)
(50, 51, 76, 77)
(19, 51, 76, 108)
(15, 40, 87, 112)
(11, 56, 71, 116)
(26, 44, 83, 101)
(39, 49, 78, 88)
(28, 56, 71, 99)
(53, 56, 71, 74)
(6, 40, 87, 121)
(13, 40, 87, 114)
(40, 56, 71, 87)
(39, 46, 81, 88)
(34, 38, 89, 93)
(33, 47, 80, 94)
(19, 42, 85, 108)
(38, 57, 70, 89)
(1, 33, 94, 126)
(59, 63, 64, 68)
(20, 36, 91, 107)
(49, 61, 66, 78)
(10, 32, 95, 117)
(11, 25, 102, 116)
(2, 8, 119, 125)
(21, 27, 100, 106)
(23, 42, 85, 104)
(15, 63, 64, 112)
(31, 41, 86, 96)
(37, 62, 65, 90)
(25, 53, 74, 102)
(21, 40, 87, 106)
(35, 41, 86, 92)
(37, 46, 81, 90)
(5, 54, 73, 122)
(10, 25, 102, 117)
(17, 21, 106, 110)
(22, 30, 97, 105)
(58, 59, 68, 69)
(11, 47, 80, 116)
(52, 54, 73, 75)
(33, 62, 65, 94)
(31, 39, 88, 96)
(1, 50, 77, 126)
(5, 46, 81, 122)
(16, 33, 94, 111)
(23, 60, 67, 104)
(1, 22, 105, 126)
(21, 25, 102, 106)
(17, 61, 66, 110)
(4, 57, 70, 123)
(27, 44, 83, 100)
(28, 38, 89, 99)
(29, 40, 87, 98)
(60, 62, 65, 67)
(12, 35, 92, 115)
(6, 15, 112, 121)
(9, 29, 98, 118)
(35, 48, 79, 92)
(2, 14, 113, 125)
(12, 23, 104, 115)
(4, 33, 94, 123)
(33, 48, 79, 94)
(47, 55, 72, 80)
(3, 48, 79, 124)
(5, 30, 97, 122)
(18, 20, 107, 109)
(4, 26, 101, 123)
(7, 49, 78, 120)
(2, 23, 104, 125)
(11, 43, 84, 116)
(16, 30, 97, 111)
(20, 34, 93, 107)
(19, 59, 68, 108)
(20, 51, 76, 107)
(8, 34, 93, 119)
(44, 61, 66, 83)
(5, 48, 79, 122)
(48, 59, 68, 79)
(4, 50, 77, 123)
(16, 18, 109, 111)
(13, 63, 64, 114)
(31, 62, 65, 96)
(5, 56, 71, 122)
(34, 44, 83, 93)
(8, 30, 97, 119)
(7, 16, 111, 120)
(25, 30, 97, 102)
(3, 59, 68, 124)
(52, 61, 66, 75)
(2, 40, 87, 125)
(3, 34, 93, 124)
(4, 29, 98, 123)
(3, 28, 99, 124)
(44, 50, 77, 83)
(1, 36, 91, 126)
(7, 21, 106, 120)
(19, 47, 80, 108)
(37, 60, 67, 90)
(11, 36, 91, 116)
(18, 22, 105, 109)
(22, 63, 64, 105)
(3, 54, 73, 124)
(6, 24, 103, 121)
(38, 42, 85, 89)
(9, 40, 87, 118)
(16, 57, 70, 111)
(32, 51, 76, 95)
(8, 29, 98, 119)
(6, 49, 78, 121)
(8, 17, 110, 119)
(3, 50, 77, 124)
(37, 54, 73, 90)
(8, 26, 101, 119)
(35, 44, 83, 92)
(21, 48, 79, 106)
(50, 61, 66, 77)
(22, 45, 82, 105)
(3, 51, 76, 124)
(57, 60, 67, 70)
(12, 25, 102, 115)
(19, 50, 77, 108)
(46, 61, 66, 81)
(1, 43, 84, 126)
(14, 32, 95, 113)
(33, 51, 76, 94)
(12, 28, 99, 115)
(1, 32, 95, 126)
(9, 51, 76, 118)
(5, 61, 66, 122)
(56, 59, 68, 71)
(21, 30, 97, 106)
(27, 63, 64, 100)
(30, 59, 68, 97)
(7, 29, 98, 120)
(9, 54, 73, 118)
(10, 29, 98, 117)
(32, 61, 66, 95)
(57, 62, 65, 70)
(47, 60, 67, 80)
(18, 19, 108, 109)
(19, 20, 107, 108)
(57, 63, 64, 70)
(21, 28, 99, 106)
(23, 47, 80, 104)
(35, 53, 74, 92)
(36, 44, 83, 91)
(12, 32, 95, 115)
(16, 25, 102, 111)
(22, 34, 93, 105)
(4, 55, 72, 123)
(46, 60, 67, 81)
(23, 35, 92, 104)
(26, 32, 95, 101)
(15, 34, 93, 112)
(9, 36, 91, 118)
(24, 51, 76, 103)
(27, 54, 73, 100)
(36, 55, 72, 91)
(27, 53, 74, 100)
(30, 44, 83, 97)
(23, 26, 101, 104)
(10, 17, 110, 117)
(6, 31, 96, 121)
(37, 56, 71, 90)
(44, 51, 76, 83)
(22, 23, 104, 105)
(23, 58, 69, 104)
(6, 59, 68, 121)
(13, 19, 108, 114)
(10, 36, 91, 117)
(6, 42, 85, 121)
(41, 48, 79, 86)
(45, 48, 79, 82)
(5, 62, 65, 122)
(15, 42, 85, 112)
(44, 60, 67, 83)
(49, 51, 76, 78)
(10, 35, 92, 117)
(25, 26, 101, 102)
(1, 10, 117, 126)
(32, 42, 85, 95)
(46, 53, 74, 81)
(48, 50, 77, 79)
(33, 59, 68, 94)
(13, 46, 81, 114)
(26, 29, 98, 101)
(47, 48, 79, 80)
(45, 62, 65, 82)
(41, 44, 83, 86)
(29, 31, 96, 98)
(21, 55, 72, 106)
(4, 17, 110, 123)
(39, 47, 80, 88)
(2, 43, 84, 125)
(13, 28, 99, 114)
(21, 49, 78, 106)
(10, 56, 71, 117)
(59, 61, 66, 68)
(17, 29, 98, 110)
(29, 30, 97, 98)
(4, 43, 84, 123)
(6, 63, 64, 121)
(5, 9, 118, 122)
(14, 29, 98, 113)
(29, 59, 68, 98)
(4, 38, 89, 123)
(24, 56, 71, 103)
(41, 51, 76, 86)
(13, 24, 103, 114)
(2, 54, 73, 125)
(1, 12, 115, 126)
(23, 28, 99, 104)
(13, 29, 98, 114)
(5, 10, 117, 122)
(8, 21, 106, 119)
(21, 42, 85, 106)
(50, 63, 64, 77)
(26, 50, 77, 101)
(27, 52, 75, 100)
(47, 53, 74, 80)
(43, 57, 70, 84)
(42, 48, 79, 85)
(2, 19, 108, 125)
(32, 58, 69, 95)
(11, 62, 65, 116)
(36, 52, 75, 91)
(11, 28, 99, 116)
(53, 55, 72, 74)
(43, 62, 65, 84)
(14, 31, 96, 113)
(49, 57, 70, 78)
(17, 63, 64, 110)
(11, 53, 74, 116)
(16, 49, 78, 111)
(15, 45, 82, 112)
(6, 37, 90, 121)
(20, 23, 104, 107)
(13, 14, 113, 114)
(40, 44, 83, 87)
(56, 60, 67, 71)
(6, 22, 105, 121)
(10, 28, 99, 117)
(26, 51, 76, 101)
(34, 56, 71, 93)
(10, 47, 80, 117)
(5, 19, 108, 122)
(37, 53, 74, 90)
(16, 38, 89, 111)
(9, 14, 113, 118)
(21, 61, 66, 106)
(2, 26, 101, 125)
(12, 22, 105, 115)
(29, 36, 91, 98)
(1, 9, 118, 126)
(19, 34, 93, 108)
(45, 59, 68, 82)
(35, 46, 81, 92)
(2, 55, 72, 125)
(8, 18, 109, 119)
(58, 63, 64, 69)
(35, 42, 85, 92)
(20, 29, 98, 107)
(25, 57, 70, 102)
(38, 61, 66, 89)
(39, 45, 82, 88)
(11, 49, 78, 116)
(6, 45, 82, 121)
(8, 23, 104, 119)
(36, 48, 79, 91)
(47, 62, 65, 80)
(22, 28, 99, 105)
(1, 15, 112, 126)
(16, 59, 68, 111)
(40, 42, 85, 87)
(19, 35, 92, 108)
(22, 31, 96, 105)
(11, 45, 82, 116)
(31, 57, 70, 96)
(21, 26, 101, 106)
(22, 56, 71, 105)
(19, 27, 100, 108)
(2, 53, 74, 125)
(10, 60, 67, 117)
(21, 22, 105, 106)
(32, 49, 78, 95)
(20, 56, 71, 107)
(34, 60, 67, 93)
(11, 21, 106, 116)
(14, 21, 106, 113)
(5, 11, 116, 122)
(38, 60, 67, 89)
(10, 51, 76, 117)
(42, 60, 67, 85)
(5, 26, 101, 122)
(24, 41, 86, 103)
(43, 51, 76, 84)
(41, 49, 78, 86)
(14, 38, 89, 113)
(5, 12, 115, 122)
(15, 46, 81, 112)
(52, 60, 67, 75)
(9, 56, 71, 118)
(10, 41, 86, 117)
(11, 16, 111, 116)
(51, 53, 74, 76)
(1, 55, 72, 126)
(7, 58, 69, 120)
(2, 4, 123, 125)
(3, 44, 83, 124)
(5, 47, 80, 122)
(7, 47, 80, 120)
(27, 32, 95, 100)
(43, 60, 67, 84)
(20, 27, 100, 107)
(16, 43, 84, 111)
(41, 59, 68, 86)
(55, 59, 68, 72)
(24, 36, 91, 103)
(18, 33, 94, 109)
(33, 42, 85, 94)
(47, 52, 75, 80)
(23, 62, 65, 104)
(35, 58, 69, 92)
(11, 40, 87, 116)
(13, 53, 74, 114)
(8, 47, 80, 119)
(7, 45, 82, 120)
(26, 58, 69, 101)
(5, 32, 95, 122)
(1, 31, 96, 126)
(8, 38, 89, 119)
(6, 46, 81, 121)
(21, 46, 81, 106)
(40, 62, 65, 87)
(59, 62, 65, 68)
(44, 55, 72, 83)
(11, 58, 69, 116)
(15, 24, 103, 112)
(25, 63, 64, 102)
(7, 43, 84, 120)
(42, 57, 70, 85)
(45, 63, 64, 82)
(3, 27, 100, 124)
(25, 58, 69, 102)
(34, 57, 70, 93)
(15, 29, 98, 112)
(31, 59, 68, 96)
(12, 62, 65, 115)
(20, 37, 90, 107)
(32, 43, 84, 95)
(41, 62, 65, 86)
(14, 37, 90, 113)
(44, 54, 73, 83)
(3, 22, 105, 124)
(39, 56, 71, 88)
(24, 40, 87, 103)
(6, 53, 74, 121)
(8, 43, 84, 119)
(30, 53, 74, 97)
(12, 16, 111, 115)
(29, 57, 70, 98)
(13, 42, 85, 114)
(3, 38, 89, 124)
(48, 54, 73, 79)
(35, 49, 78, 92)
(46, 48, 79, 81)
(22, 51, 76, 105)
(3, 35, 92, 124)
(7, 23, 104, 120)
(14, 22, 105, 113)
(1, 46, 81, 126)
(33, 46, 81, 94)
(2, 32, 95, 125)
(3, 33, 94, 124)
(39, 63, 64, 88)
(26, 27, 100, 101)
(15, 43, 84, 112)
(1, 60, 67, 126)
(18, 59, 68, 109)
(6, 41, 86, 121)
(28, 62, 65, 99)
(17, 45, 82, 110)
(9, 18, 109, 118)
(33, 57, 70, 94)
(24, 53, 74, 103)
(14, 17, 110, 113)
(24, 50, 77, 103)
(12, 29, 98, 115)
(4, 11, 116, 123)
(4, 13, 114, 123)
(37, 38, 89, 90)
(39, 61, 66, 88)
(49, 55, 72, 78)
(3, 26, 101, 124)
(5, 59, 68, 122)
(29, 55, 72, 98)
(17, 59, 68, 110)
(23, 63, 64, 104)
(27, 51, 76, 100)
(18, 43, 84, 109)
(23, 48, 79, 104)
(3, 14, 113, 124)
(20, 41, 86, 107)
(21, 39, 88, 106)
(4, 24, 103, 123)
(12, 39, 88, 115)
(26, 28, 99, 101)
(33, 45, 82, 94)
(3, 30, 97, 124)
(11, 52, 75, 116)
(42, 55, 72, 85)
(55, 62, 65, 72)
(5, 49, 78, 122)
(9, 53, 74, 118)
(37, 45, 82, 90)
(12, 19, 108, 115)
(35, 51, 76, 92)
(6, 62, 65, 121)
(4, 34, 93, 123)
(8, 61, 66, 119)
(6, 33, 94, 121)
(3, 41, 86, 124)
(44, 49, 78, 83)
(3, 6, 121, 124)
(32, 35, 92, 95)
(14, 53, 74, 113)
(4, 36, 91, 123)
(3, 43, 84, 124)
(1, 7, 120, 126)
(22, 26, 101, 105)
(14, 43, 84, 113)
(17, 36, 91, 110)
(36, 40, 87, 91)
(27, 39, 88, 100)
(18, 45, 82, 109)
(3, 17, 110, 124)
(7, 48, 79, 120)
(19, 61, 66, 108)
(43, 44, 83, 84)
(30, 50, 77, 97)
(1, 8, 119, 126)
(8, 35, 92, 119)
(11, 31, 96, 116)
(27, 31, 96, 100)
(6, 10, 117, 121)
(33, 50, 77, 94)
(9, 15, 112, 118)
(22, 42, 85, 105)
(13, 15, 112, 114)
(53, 57, 70, 74)
(15, 54, 73, 112)
(3, 12, 115, 124)
(33, 63, 64, 94)
(9, 17, 110, 118)
(43, 45, 82, 84)
(9, 13, 114, 118)
(11, 50, 77, 116)
(27, 58, 69, 100)
(25, 48, 79, 102)
(34, 62, 65, 93)
(18, 48, 79, 109)
(7, 44, 83, 120)
(35, 39, 88, 92)
(47, 51, 76, 80)
(5, 58, 69, 122)
(40, 51, 76, 87)
(15, 37, 90, 112)
(35, 61, 66, 92)
(9, 23, 104, 118)
(9, 25, 102, 118)
(37, 63, 64, 90)
(3, 31, 96, 124)
(11, 44, 83, 116)
(45, 53, 74, 82)
(10, 34, 93, 117)
(27, 43, 84, 100)
(49, 54, 73, 78)
(10, 39, 88, 117)
(35, 55, 72, 92)
(23, 57, 70, 104)
(34, 36, 91, 93)
(38, 52, 75, 89)
(38, 56, 71, 89)
(37, 40, 87, 90)
(5, 13, 114, 122)
(39, 58, 69, 88)
(4, 18, 109, 123)
(43, 52, 75, 84)
(11, 46, 81, 116)
(17, 41, 86, 110)
(10, 19, 108, 117)
(18, 63, 64, 109)
(56, 58, 69, 71)
(47, 61, 66, 80)
(34, 61, 66, 93)
(4, 23, 104, 123)
(6, 36, 91, 121)
(13, 26, 101, 114)
(13, 49, 78, 114)
(11, 54, 73, 116)
(28, 33, 94, 99)
(6, 58, 69, 121)
(26, 40, 87, 101)
(17, 56, 71, 110)
(23, 32, 95, 104)
(6, 39, 88, 121)
(34, 52, 75, 93)
(11, 34, 93, 116)
(19, 55, 72, 108)
(4, 51, 76, 123)
(52, 62, 65, 75)
(16, 62, 65, 111)
(19, 38, 89, 108)
(25, 56, 71, 102)
(29, 46, 81, 98)
(28, 40, 87, 99)
(20, 31, 96, 107)
(37, 61, 66, 90)
(45, 46, 81, 82)
(23, 39, 88, 104)
(4, 46, 81, 123)
(18, 55, 72, 109)
(30, 33, 94, 97)
(24, 39, 88, 103)
(10, 43, 84, 117)
(6, 26, 101, 121)
(54, 63, 64, 73)
(23, 54, 73, 104)
(35, 45, 82, 92)
(8, 44, 83, 119)
(46, 51, 76, 81)
(2, 29, 98, 125)
(2, 28, 99, 125)
(57, 59, 68, 70)
(30, 42, 85, 97)
(23, 24, 103, 104)
(24, 30, 97, 103)
(36, 54, 73, 91)
(3, 49, 78, 124)
(45, 54, 73, 82)
(40, 57, 70, 87)
(40, 59, 68, 87)
(4, 20, 107, 123)
(21, 50, 77, 106)
(40, 52, 75, 87)
(33, 43, 84, 94)
(48, 51, 76, 79)
(54, 61, 66, 73)
(7, 27, 100, 120)
(5, 24, 103, 122)
(21, 37, 90, 106)
(37, 59, 68, 90)
(27, 38, 89, 100)
(19, 63, 64, 108)
(31, 52, 75, 96)
(55, 58, 69, 72)
(22, 47, 80, 105)
(14, 60, 67, 113)
(22, 36, 91, 105)
(40, 48, 79, 87)
(40, 49, 78, 87)
(13, 47, 80, 114)
(32, 53, 74, 95)
(32, 38, 89, 95)
(52, 56, 71, 75)
(19, 36, 91, 108)
(45, 52, 75, 82)
(8, 20, 107, 119)
(7, 12, 115, 120)
(23, 55, 72, 104)
(22, 37, 90, 105)
(28, 44, 83, 99)
(5, 44, 83, 122)
(43, 47, 80, 84)
(17, 40, 87, 110)
(28, 57, 70, 99)
(8, 50, 77, 119)
(21, 58, 69, 106)
(29, 47, 80, 98)
(29, 51, 76, 98)
(1, 63, 64, 126)
(3, 46, 81, 124)
(20, 39, 88, 107)
(25, 45, 82, 102)
(32, 55, 72, 95)
(2, 42, 85, 125)
(8, 52, 75, 119)
(15, 48, 79, 112)
(26, 57, 70, 101)
(28, 51, 76, 99)
(21, 54, 73, 106)
(4, 61, 66, 123)
(39, 43, 84, 88)
(14, 45, 82, 113)
(5, 36, 91, 122)
(46, 50, 77, 81)
(1, 13, 114, 126)
(45, 50, 77, 82)
(34, 54, 73, 93)
(24, 57, 70, 103)
(9, 42, 85, 118)
(38, 54, 73, 89)
(16, 21, 106, 111)
(50, 56, 71, 77)
(10, 40, 87, 117)
(47, 63, 64, 80)
(10, 15, 112, 117)
(14, 54, 73, 113)
(2, 50, 77, 125)
(48, 58, 69, 79)
(53, 61, 66, 74)
(8, 25, 102, 119)
(34, 49, 78, 93)
(14, 16, 111, 113)
(43, 61, 66, 84)
(30, 36, 91, 97)
(1, 34, 93, 126)
(4, 60, 67, 123)
(11, 60, 67, 116)
(19, 29, 98, 108)
(2, 18, 109, 125)
(10, 45, 82, 117)
(8, 31, 96, 119)
(44, 52, 75, 83)
(31, 58, 69, 96)
(23, 59, 68, 104)
(30, 38, 89, 97)
(16, 55, 72, 111)
(3, 42, 85, 124)
(12, 34, 93, 115)
(13, 16, 111, 114)
(23, 25, 102, 104)
(26, 53, 74, 101)
(37, 50, 77, 90)
(16, 37, 90, 111)
(17, 38, 89, 110)
(33, 35, 92, 94)
(45, 47, 80, 82)
(23, 31, 96, 104)
(38, 39, 88, 89)
(32, 56, 71, 95)
(11, 39, 88, 116)
(11, 48, 79, 116)
(2, 59, 68, 125)
(23, 46, 81, 104)
(34, 40, 87, 93)
(30, 46, 81, 97)
(26, 37, 90, 101)
(41, 53, 74, 86)
(12, 13, 114, 115)
(27, 42, 85, 100)
(39, 54, 73, 88)
(23, 30, 97, 104)
(29, 62, 65, 98)
(14, 42, 85, 113)
(12, 37, 90, 115)
(8, 57, 70, 119)
(25, 61, 66, 102)
(29, 53, 74, 98)
(46, 62, 65, 81)
(55, 61, 66, 72)
(4, 27, 100, 123)
(18, 42, 85, 109)
(39, 59, 68, 88)
(26, 36, 91, 101)
(16, 53, 74, 111)
(12, 17, 110, 115)
(1, 18, 109, 126)
(49, 63, 64, 78)
(10, 50, 77, 117)
(33, 53, 74, 94)
(21, 33, 94, 106)
(24, 62, 65, 103)
(26, 63, 64, 101)
(44, 47, 80, 83)
(2, 34, 93, 125)
(16, 47, 80, 111)
(21, 41, 86, 106)
(49, 62, 65, 78)
(23, 53, 74, 104)
(3, 62, 65, 124)
(36, 39, 88, 91)
(1, 20, 107, 126)
(50, 54, 73, 77)
(12, 15, 112, 115)
(53, 63, 64, 74)
(19, 24, 103, 108)
(15, 33, 94, 112)
(15, 61, 66, 112)
(18, 32, 95, 109)
(33, 55, 72, 94)
(47, 57, 70, 80)
(27, 33, 94, 100)
(26, 49, 78, 101)
(34, 43, 84, 93)
(45, 56, 71, 82)
(44, 45, 82, 83)
(15, 58, 69, 112)
(3, 52, 75, 124)
(18, 61, 66, 109)
(37, 41, 86, 90)
(16, 41, 86, 111)
(14, 28, 99, 113)
(4, 39, 88, 123)
(51, 58, 69, 76)
(34, 55, 72, 93)
(16, 26, 101, 111)
(28, 41, 86, 99)
(43, 59, 68, 84)
(5, 15, 112, 122)
(24, 32, 95, 103)
(24, 42, 85, 103)
(16, 36, 91, 111)
(17, 60, 67, 110)
(2, 56, 71, 125)
(20, 62, 65, 107)
(42, 49, 78, 85)
(24, 54, 73, 103)
(20, 50, 77, 107)
(4, 63, 64, 123)
(32, 41, 86, 95)
(24, 60, 67, 103)
(23, 51, 76, 104)
(10, 24, 103, 117)
(7, 55, 72, 120)
(38, 46, 81, 89)
(8, 45, 82, 119)
(44, 63, 64, 83)}

Print all_are_pairs (contains 1953 tuples): {
(42, 62, 65, 85)
(13, 20, 107, 114)
(38, 45, 82, 89)
(19, 21, 106, 108)
(30, 47, 80, 97)
(36, 42, 85, 91)
(17, 25, 102, 110)
(4, 59, 68, 123)
(18, 41, 86, 109)
(2, 57, 70, 125)
(1, 27, 100, 126)
(19, 41, 86, 108)
(3, 21, 106, 124)
(15, 51, 76, 112)
(55, 57, 70, 72)
(18, 27, 100, 109)
(1, 56, 71, 126)
(3, 5, 122, 124)
(8, 10, 117, 119)
(35, 56, 71, 92)
(31, 51, 76, 96)
(13, 38, 89, 114)
(5, 55, 72, 122)
(13, 50, 77, 114)
(25, 39, 88, 102)
(42, 54, 73, 85)
(26, 61, 66, 101)
(7, 38, 89, 120)
(21, 38, 89, 106)
(10, 23, 104, 117)
(12, 48, 79, 115)
(6, 9, 118, 121)
(11, 19, 108, 116)
(43, 49, 78, 84)
(24, 34, 93, 103)
(39, 42, 85, 88)
(12, 49, 78, 115)
(30, 43, 84, 97)
(10, 22, 105, 117)
(16, 60, 67, 111)
(18, 46, 81, 109)
(8, 62, 65, 119)
(28, 31, 96, 99)
(22, 24, 103, 105)
(2, 15, 112, 125)
(1, 29, 98, 126)
(36, 62, 65, 91)
(17, 19, 108, 110)
(5, 22, 105, 122)
(11, 20, 107, 116)
(24, 27, 100, 103)
(5, 41, 86, 122)
(12, 45, 82, 115)
(33, 36, 91, 94)
(36, 50, 77, 91)
(16, 52, 75, 111)
(28, 52, 75, 99)
(7, 30, 97, 120)
(10, 14, 113, 117)
(9, 31, 96, 118)
(32, 47, 80, 95)
(52, 58, 69, 75)
(17, 24, 103, 110)
(26, 47, 80, 101)
(31, 63, 64, 96)
(20, 57, 70, 107)
(21, 43, 84, 106)
(28, 36, 91, 99)
(29, 41, 86, 98)
(24, 61, 66, 103)
(9, 62, 65, 118)
(17, 28, 99, 110)
(52, 59, 68, 75)
(14, 56, 71, 113)
(17, 26, 101, 110)
(40, 47, 80, 87)
(1, 59, 68, 126)
(37, 44, 83, 90)
(9, 41, 86, 118)
(26, 38, 89, 101)
(61, 62, 65, 66)
(3, 11, 116, 124)
(22, 58, 69, 105)
(9, 59, 68, 118)
(23, 33, 94, 104)
(39, 44, 83, 88)
(46, 52, 75, 81)
(38, 43, 84, 89)
(16, 50, 77, 111)
(11, 59, 68, 116)
(49, 50, 77, 78)
(2, 36, 91, 125)
(14, 49, 78, 113)
(22, 43, 84, 105)
(20, 60, 67, 107)
(35, 40, 87, 92)
(39, 51, 76, 88)
(26, 43, 84, 101)
(57, 61, 66, 70)
(1, 5, 122, 126)
(27, 55, 72, 100)
(7, 42, 85, 120)
(20, 21, 106, 107)
(33, 37, 90, 94)
(51, 55, 72, 76)
(5, 39, 88, 122)
(51, 63, 64, 76)
(3, 40, 87, 124)
(8, 36, 91, 119)
(14, 57, 70, 113)
(40, 58, 69, 87)
(17, 22, 105, 110)
(16, 17, 110, 111)
(21, 35, 92, 106)
(59, 60, 67, 68)
(19, 62, 65, 108)
(28, 34, 93, 99)
(17, 33, 94, 110)
(42, 52, 75, 85)
(50, 52, 75, 77)
(24, 43, 84, 103)
(45, 57, 70, 82)
(1, 53, 74, 126)
(9, 50, 77, 118)
(5, 50, 77, 122)
(28, 30, 97, 99)
(30, 52, 75, 97)
(24, 31, 96, 103)
(15, 36, 91, 112)
(43, 58, 69, 84)
(3, 37, 90, 124)
(5, 27, 100, 122)
(12, 51, 76, 115)
(44, 53, 74, 83)
(15, 52, 75, 112)
(2, 6, 121, 125)
(8, 16, 111, 119)
(48, 55, 72, 79)
(49, 53, 74, 78)
(6, 43, 84, 121)
(39, 40, 87, 88)
(42, 53, 74, 85)
(6, 44, 83, 121)
(6, 7, 120, 121)
(10, 63, 64, 117)
(10, 30, 97, 117)
(35, 38, 89, 92)
(25, 46, 81, 102)
(36, 45, 82, 91)
(9, 37, 90, 118)
(6, 50, 77, 121)
(17, 57, 70, 110)
(26, 30, 97, 101)
(6, 57, 70, 121)
(6, 47, 80, 121)
(14, 26, 101, 113)
(4, 41, 86, 123)
(33, 54, 73, 94)
(2, 47, 80, 125)
(34, 45, 82, 93)
(36, 60, 67, 91)
(5, 35, 92, 122)
(31, 32, 95, 96)
(16, 42, 85, 111)
(19, 33, 94, 108)
(15, 59, 68, 112)
(29, 63, 64, 98)
(10, 55, 72, 117)
(19, 40, 87, 108)
(33, 38, 89, 94)
(23, 37, 90, 104)
(56, 57, 70, 71)
(2, 63, 64, 125)
(2, 58, 69, 125)
(15, 26, 101, 112)
(13, 35, 92, 114)
(20, 33, 94, 107)
(50, 55, 72, 77)
(20, 28, 99, 107)
(10, 46, 81, 117)
(23, 29, 98, 104)
(29, 45, 82, 98)
(30, 49, 78, 97)
(1, 6, 121, 126)
(48, 60, 67, 79)
(43, 54, 73, 84)
(28, 48, 79, 99)
(16, 24, 103, 111)
(4, 8, 119, 123)
(31, 40, 87, 96)
(6, 8, 119, 121)
(23, 38, 89, 104)
(51, 59, 68, 76)
(6, 13, 114, 121)
(34, 39, 88, 93)
(13, 32, 95, 114)
(35, 57, 70, 92)
(24, 47, 80, 103)
(11, 55, 72, 116)
(16, 40, 87, 111)
(42, 44, 83, 85)
(6, 11, 116, 121)
(15, 53, 74, 112)
(38, 49, 78, 89)
(9, 60, 67, 118)
(12, 18, 109, 115)
(5, 52, 75, 122)
(11, 38, 89, 116)
(11, 29, 98, 116)
(21, 52, 75, 106)
(48, 57, 70, 79)
(7, 62, 65, 120)
(22, 62, 65, 105)
(1, 4, 123, 126)
(25, 60, 67, 102)
(20, 46, 81, 107)
(46, 54, 73, 81)
(53, 58, 69, 74)
(1, 16, 111, 126)
(14, 55, 72, 113)
(10, 54, 73, 117)
(22, 60, 67, 105)
(31, 54, 73, 96)
(7, 28, 99, 120)
(50, 60, 67, 77)
(9, 11, 116, 118)
(19, 49, 78, 108)
(28, 61, 66, 99)
(12, 38, 89, 115)
(22, 55, 72, 105)
(25, 29, 98, 102)
(7, 36, 91, 120)
(3, 56, 71, 124)
(16, 46, 81, 111)
(8, 15, 112, 119)
(12, 59, 68, 115)
(18, 47, 80, 109)
(23, 44, 83, 104)
(4, 44, 83, 123)
(15, 25, 102, 112)
(51, 52, 75, 76)
(1, 35, 92, 126)
(2, 25, 102, 125)
(22, 53, 74, 105)
(41, 43, 84, 86)
(32, 54, 73, 95)
(11, 23, 104, 116)
(27, 62, 65, 100)
(18, 34, 93, 109)
(51, 60, 67, 76)
(28, 32, 95, 99)
(24, 58, 69, 103)
(40, 53, 74, 87)
(18, 58, 69, 109)
(16, 56, 71, 111)
(20, 58, 69, 107)
(48, 62, 65, 79)
(7, 40, 87, 120)
(14, 63, 64, 113)
(15, 55, 72, 112)
(57, 58, 69, 70)
(9, 24, 103, 118)
(24, 44, 83, 103)
(24, 63, 64, 103)
(54, 60, 67, 73)
(22, 35, 92, 105)
(4, 40, 87, 123)
(25, 31, 96, 102)
(26, 42, 85, 101)
(3, 23, 104, 124)
(6, 52, 75, 121)
(2, 51, 76, 125)
(10, 59, 68, 117)
(40, 43, 84, 87)
(6, 35, 92, 121)
(47, 49, 78, 80)
(34, 63, 64, 93)
(32, 59, 68, 95)
(1, 51, 76, 126)
(6, 51, 76, 121)
(1, 41, 86, 126)
(19, 37, 90, 108)
(20, 40, 87, 107)
(15, 18, 109, 112)
(34, 35, 92, 93)
(21, 63, 64, 106)
(18, 35, 92, 109)
(36, 61, 66, 91)
(21, 59, 68, 106)
(1, 58, 69, 126)
(37, 52, 75, 90)
(18, 44, 83, 109)
(18, 57, 70, 109)
(35, 43, 84, 92)
(21, 57, 70, 106)
(52, 53, 74, 75)
(6, 23, 104, 121)
(30, 62, 65, 97)
(16, 44, 83, 111)
(15, 49, 78, 112)
(7, 46, 81, 120)
(5, 43, 84, 122)
(14, 34, 93, 113)
(5, 42, 85, 122)
(6, 17, 110, 121)
(19, 56, 71, 108)
(13, 43, 84, 114)
(18, 40, 87, 109)
(11, 51, 76, 116)
(39, 57, 70, 88)
(1, 11, 116, 126)
(38, 51, 76, 89)
(40, 61, 66, 87)
(18, 62, 65, 109)
(10, 44, 83, 117)
(3, 57, 70, 124)
(7, 15, 112, 120)
(12, 55, 72, 115)
(2, 20, 107, 125)
(30, 56, 71, 97)
(32, 48, 79, 95)
(8, 24, 103, 119)
(12, 43, 84, 115)
(27, 48, 79, 100)
(30, 45, 82, 97)
(27, 49, 78, 100)
(2, 38, 89, 125)
(12, 52, 75, 115)
(50, 53, 74, 77)
(13, 51, 76, 114)
(60, 63, 64, 67)
(10, 38, 89, 117)
(4, 6, 121, 123)
(1, 48, 79, 126)
(12, 20, 107, 115)
(19, 48, 79, 108)
(55, 63, 64, 72)
(51, 54, 73, 76)
(19, 31, 96, 108)
(10, 53, 74, 117)
(12, 63, 64, 115)
(3, 45, 82, 124)
(14, 23, 104, 113)
(41, 61, 66, 86)
(21, 45, 82, 106)
(18, 28, 99, 109)
(49, 59, 68, 78)
(10, 58, 69, 117)
(22, 54, 73, 105)
(3, 25, 102, 124)
(27, 50, 77, 100)
(2, 30, 97, 125)
(8, 54, 73, 119)
(9, 32, 95, 118)
(30, 63, 64, 97)
(38, 53, 74, 89)
(17, 43, 84, 110)
(34, 59, 68, 93)
(26, 34, 93, 101)
(8, 41, 86, 119)
(30, 39, 88, 97)
(22, 27, 100, 105)
(19, 44, 83, 108)
(39, 62, 65, 88)
(17, 48, 79, 110)
(33, 52, 75, 94)
(44, 48, 79, 83)
(2, 46, 81, 125)
(16, 27, 100, 111)
(9, 52, 75, 118)
(14, 47, 80, 113)
(1, 40, 87, 126)
(29, 39, 88, 98)
(17, 20, 107, 110)
(21, 53, 74, 106)
(33, 56, 71, 94)
(2, 31, 96, 125)
(13, 58, 69, 114)
(35, 63, 64, 92)
(13, 30, 97, 114)
(23, 34, 93, 104)
(31, 44, 83, 96)
(28, 46, 81, 99)
(33, 60, 67, 94)
(24, 48, 79, 103)
(37, 43, 84, 90)
(37, 57, 70, 90)
(2, 44, 83, 125)
(26, 39, 88, 101)
(9, 21, 106, 118)
(8, 11, 116, 119)
(40, 41, 86, 87)
(9, 10, 117, 118)
(49, 60, 67, 78)
(15, 39, 88, 112)
(3, 10, 117, 124)
(25, 36, 91, 102)
(19, 22, 105, 108)
(22, 38, 89, 105)
(4, 15, 112, 123)
(42, 46, 81, 85)
(18, 31, 96, 109)
(25, 43, 84, 102)
(2, 48, 79, 125)
(42, 63, 64, 85)
(32, 50, 77, 95)
(23, 49, 78, 104)
(24, 28, 99, 103)
(17, 44, 83, 110)
(48, 56, 71, 79)
(14, 52, 75, 113)
(11, 13, 114, 116)
(9, 46, 81, 118)
(10, 33, 94, 117)
(17, 30, 97, 110)
(23, 52, 75, 104)
(16, 35, 92, 111)
(21, 56, 71, 106)
(22, 50, 77, 105)
(28, 43, 84, 99)
(1, 25, 102, 126)
(43, 53, 74, 84)
(1, 54, 73, 126)
(62, 63, 64, 65)
(51, 61, 66, 76)
(7, 11, 116, 120)
(12, 24, 103, 115)
(45, 51, 76, 82)
(12, 44, 83, 115)
(14, 51, 76, 113)
(46, 55, 72, 81)
(5, 18, 109, 122)
(20, 43, 84, 107)
(21, 24, 103, 106)
(11, 42, 85, 116)
(29, 61, 66, 98)
(11, 24, 103, 116)
(40, 46, 81, 87)
(3, 7, 120, 124)
(11, 14, 113, 116)
(6, 21, 106, 121)
(4, 37, 90, 123)
(35, 62, 65, 92)
(49, 56, 71, 78)
(11, 18, 109, 116)
(19, 46, 81, 108)
(7, 41, 86, 120)
(41, 60, 67, 86)
(37, 47, 80, 90)
(41, 58, 69, 86)
(44, 62, 65, 83)
(13, 55, 72, 114)
(29, 37, 90, 98)
(50, 57, 70, 77)
(8, 14, 113, 119)
(37, 39, 88, 90)
(17, 32, 95, 110)
(20, 45, 82, 107)
(34, 41, 86, 93)
(16, 48, 79, 111)
(37, 48, 79, 90)
(17, 46, 81, 110)
(19, 23, 104, 108)
(35, 47, 80, 92)
(25, 41, 86, 102)
(9, 34, 93, 118)
(10, 21, 106, 117)
(27, 46, 81, 100)
(44, 57, 70, 83)
(17, 31, 96, 110)
(12, 21, 106, 115)
(17, 23, 104, 110)
(40, 50, 77, 87)
(19, 32, 95, 108)
(15, 38, 89, 112)
(27, 61, 66, 100)
(9, 55, 72, 118)
(26, 62, 65, 101)
(36, 59, 68, 91)
(15, 16, 111, 112)
(30, 35, 92, 97)
(26, 59, 68, 101)
(14, 20, 107, 113)
(18, 39, 88, 109)
(29, 33, 94, 98)
(14, 25, 102, 113)
(20, 49, 78, 107)
(44, 56, 71, 83)
(21, 34, 93, 106)
(43, 56, 71, 84)
(38, 41, 86, 89)
(24, 59, 68, 103)
(20, 63, 64, 107)
(31, 53, 74, 96)
(28, 29, 98, 99)
(7, 26, 101, 120)
(4, 25, 102, 123)
(29, 52, 75, 98)
(3, 47, 80, 124)
(22, 25, 102, 105)
(37, 55, 72, 90)
(32, 62, 65, 95)
(25, 50, 77, 102)
(9, 27, 100, 118)
(49, 52, 75, 78)
(34, 37, 90, 93)
(2, 41, 86, 125)
(25, 55, 72, 102)
(6, 56, 71, 121)
(48, 52, 75, 79)
(20, 52, 75, 107)
(28, 37, 90, 99)
(34, 50, 77, 93)
(2, 45, 82, 125)
(46, 56, 71, 81)
(9, 20, 107, 118)
(26, 56, 71, 101)
(2, 60, 67, 125)
(15, 41, 86, 112)
(18, 26, 101, 109)
(6, 25, 102, 121)
(23, 27, 100, 104)
(7, 14, 113, 120)
(4, 35, 92, 123)
(28, 58, 69, 99)
(3, 24, 103, 124)
(2, 12, 115, 125)
(21, 44, 83, 106)
(24, 45, 82, 103)
(22, 46, 81, 105)
(26, 45, 82, 101)
(13, 31, 96, 114)
(11, 12, 115, 116)
(1, 37, 90, 126)
(55, 56, 71, 72)
(12, 54, 73, 115)
(43, 46, 81, 84)
(18, 24, 103, 109)
(42, 56, 71, 85)
(14, 30, 97, 113)
(18, 29, 98, 109)
(13, 27, 100, 114)
(21, 47, 80, 106)
(14, 46, 81, 113)
(20, 42, 85, 107)
(5, 14, 113, 122)
(7, 34, 93, 120)
(24, 55, 72, 103)
(36, 57, 70, 91)
(13, 17, 110, 114)
(13, 18, 109, 114)
(38, 62, 65, 89)
(12, 36, 91, 115)
(3, 63, 64, 124)
(16, 34, 93, 111)
(2, 39, 88, 125)
(35, 52, 75, 92)
(14, 58, 69, 113)
(17, 47, 80, 110)
(42, 50, 77, 85)
(7, 57, 70, 120)
(36, 37, 90, 91)
(61, 63, 64, 66)
(13, 56, 71, 114)
(2, 35, 92, 125)
(18, 25, 102, 109)
(8, 49, 78, 119)
(4, 21, 106, 123)
(17, 50, 77, 110)
(31, 50, 77, 96)
(14, 61, 66, 113)
(6, 16, 111, 121)
(41, 57, 70, 86)
(19, 30, 97, 108)
(18, 56, 71, 109)
(25, 52, 75, 102)
(15, 62, 65, 112)
(25, 47, 80, 102)
(36, 51, 76, 91)
(31, 47, 80, 96)
(8, 56, 71, 119)
(22, 59, 68, 105)
(9, 28, 99, 118)
(29, 48, 79, 98)
(29, 34, 93, 98)
(15, 31, 96, 112)
(7, 19, 108, 120)
(18, 60, 67, 109)
(15, 50, 77, 112)
(12, 60, 67, 115)
(3, 61, 66, 124)
(6, 20, 107, 121)
(20, 59, 68, 107)
(9, 16, 111, 118)
(29, 43, 84, 98)
(3, 55, 72, 124)
(19, 53, 74, 108)
(20, 24, 103, 107)
(30, 40, 87, 97)
(54, 55, 72, 73)
(8, 19, 108, 119)
(39, 48, 79, 88)
(6, 12, 115, 121)
(4, 12, 115, 123)
(26, 31, 96, 101)
(30, 58, 69, 97)
(28, 39, 88, 99)
(13, 61, 66, 114)
(14, 41, 86, 113)
(23, 56, 71, 104)
(12, 57, 70, 115)
(35, 37, 90, 92)
(45, 61, 66, 82)
(14, 44, 83, 113)
(11, 33, 94, 116)
(15, 32, 95, 112)
(10, 16, 111, 117)
(11, 26, 101, 116)
(3, 60, 67, 124)
(1, 24, 103, 126)
(1, 45, 82, 126)
(8, 28, 99, 119)
(25, 54, 73, 102)
(55, 60, 67, 72)
(18, 37, 90, 109)
(6, 27, 100, 121)
(22, 44, 83, 105)
(8, 60, 67, 119)
(50, 59, 68, 77)
(4, 16, 111, 123)
(16, 32, 95, 111)
(15, 47, 80, 112)
(39, 41, 86, 88)
(46, 59, 68, 81)
(41, 50, 77, 86)
(25, 42, 85, 102)
(8, 27, 100, 119)
(60, 61, 66, 67)
(2, 10, 117, 125)
(14, 59, 68, 113)
(16, 29, 98, 111)
(4, 28, 99, 123)
(46, 47, 80, 81)
(5, 23, 104, 122)
(24, 37, 90, 103)
(5, 34, 93, 122)
(6, 54, 73, 121)
(36, 43, 84, 91)
(1, 38, 89, 126)
(29, 32, 95, 98)
(8, 59, 68, 119)
(45, 49, 78, 82)
(53, 62, 65, 74)
(11, 30, 97, 116)
(56, 62, 65, 71)
(2, 27, 100, 125)
(36, 58, 69, 91)
(25, 32, 95, 102)
(9, 61, 66, 118)
(31, 49, 78, 96)
(34, 48, 79, 93)
(53, 60, 67, 74)
(4, 31, 96, 123)
(20, 32, 95, 107)
(20, 22, 105, 107)
(22, 32, 95, 105)
(30, 51, 76, 97)
(32, 33, 94, 95)
(7, 52, 75, 120)
(4, 54, 73, 123)
(7, 32, 95, 120)
(7, 59, 68, 120)
(8, 33, 94, 119)
(12, 61, 66, 115)
(6, 48, 79, 121)
(1, 52, 75, 126)
(9, 33, 94, 118)
(8, 46, 81, 119)
(6, 29, 98, 121)
(4, 7, 120, 123)
(25, 33, 94, 102)
(2, 17, 110, 125)
(24, 35, 92, 103)
(29, 44, 83, 98)
(10, 37, 90, 117)
(17, 58, 69, 110)
(28, 47, 80, 99)
(27, 28, 99, 100)
(3, 19, 108, 124)
(32, 60, 67, 95)
(15, 35, 92, 112)
(28, 45, 82, 99)
(2, 37, 90, 125)
(2, 61, 66, 125)
(28, 60, 67, 99)
(23, 41, 86, 104)
(2, 9, 118, 125)
(36, 49, 78, 91)
(5, 37, 90, 122)
(5, 51, 76, 122)
(9, 45, 82, 118)
(26, 54, 73, 101)
(1, 62, 65, 126)
(19, 60, 67, 108)
(22, 39, 88, 105)
(30, 54, 73, 97)
(45, 55, 72, 82)
(3, 13, 114, 124)
(7, 53, 74, 120)
(8, 32, 95, 119)
(6, 30, 97, 121)
(14, 40, 87, 113)
(13, 25, 102, 114)
(15, 44, 83, 112)
(1, 3, 124, 126)
(6, 55, 72, 121)
(54, 59, 68, 73)
(46, 58, 69, 81)
(50, 62, 65, 77)
(25, 34, 93, 102)
(12, 58, 69, 115)
(9, 38, 89, 118)
(5, 57, 70, 122)
(1, 61, 66, 126)
(22, 40, 87, 105)
(9, 63, 64, 118)
(13, 44, 83, 114)
(16, 20, 107, 111)
(27, 37, 90, 100)
(2, 3, 124, 125)
(16, 22, 105, 111)
(41, 63, 64, 86)
(2, 5, 122, 125)
(5, 7, 120, 122)
(39, 55, 72, 88)
(24, 52, 75, 103)
(16, 31, 96, 111)
(3, 53, 74, 124)
(33, 34, 93, 94)
(47, 56, 71, 80)
(5, 6, 121, 122)
(13, 52, 75, 114)
(16, 63, 64, 111)
(30, 55, 72, 97)
(7, 56, 71, 120)
(5, 21, 106, 122)
(26, 33, 94, 101)
(2, 62, 65, 125)
(21, 60, 67, 106)
(19, 52, 75, 108)
(32, 46, 81, 95)
(6, 34, 93, 121)
(12, 26, 101, 115)
(51, 56, 71, 76)
(27, 34, 93, 100)
(25, 51, 76, 102)
(8, 39, 88, 119)
(5, 63, 64, 122)
(12, 41, 86, 115)
(13, 23, 104, 114)
(12, 53, 74, 115)
(11, 15, 112, 116)
(32, 57, 70, 95)
(23, 40, 87, 104)
(48, 63, 64, 79)
(7, 60, 67, 120)
(38, 50, 77, 89)
(13, 54, 73, 114)
(28, 50, 77, 99)
(40, 45, 82, 87)
(1, 26, 101, 126)
(41, 47, 80, 86)
(56, 63, 64, 71)
(12, 46, 81, 115)
(27, 35, 92, 100)
(36, 47, 80, 91)
(12, 47, 80, 115)
(13, 62, 65, 114)
(39, 60, 67, 88)
(6, 18, 109, 121)
(7, 18, 109, 120)
(36, 41, 86, 91)
(38, 59, 68, 89)
(4, 52, 75, 123)
(11, 37, 90, 116)
(27, 47, 80, 100)
(7, 31, 96, 120)
(37, 42, 85, 90)
(5, 8, 119, 122)
(8, 63, 64, 119)
(13, 33, 94, 114)
(11, 32, 95, 116)
(7, 20, 107, 120)
(8, 37, 90, 119)
(25, 49, 78, 102)
(31, 45, 82, 96)
(32, 44, 83, 95)
(16, 19, 108, 111)
(5, 53, 74, 122)
(13, 22, 105, 114)
(36, 63, 64, 91)
(3, 18, 109, 124)
(31, 36, 91, 96)
(17, 54, 73, 110)
(28, 63, 64, 99)
(21, 23, 104, 106)
(26, 55, 72, 101)
(41, 52, 75, 86)
(14, 39, 88, 113)
(42, 58, 69, 85)
(54, 58, 69, 73)
(13, 34, 93, 114)
(19, 26, 101, 108)
(28, 59, 68, 99)
(12, 14, 113, 115)
(10, 57, 70, 117)
(1, 42, 85, 126)
(31, 35, 92, 96)
(27, 45, 82, 100)
(16, 54, 73, 111)
(4, 49, 78, 123)
(15, 20, 107, 112)
(46, 49, 78, 81)
(10, 52, 75, 117)
(38, 55, 72, 89)
(4, 62, 65, 123)
(41, 45, 82, 86)
(44, 46, 81, 83)
(7, 33, 94, 120)
(36, 56, 71, 91)
(41, 42, 85, 86)
(34, 42, 85, 93)
(34, 51, 76, 93)
(11, 17, 110, 116)
(43, 50, 77, 84)
(14, 24, 103, 113)
(54, 62, 65, 73)
(3, 29, 98, 124)
(31, 43, 84, 96)
(16, 28, 99, 111)
(19, 45, 82, 108)
(49, 58, 69, 78)
(8, 53, 74, 119)
(34, 46, 81, 93)
(17, 37, 90, 110)
(32, 39, 88, 95)
(37, 58, 69, 90)
(8, 22, 105, 119)
(9, 44, 83, 118)
(17, 62, 65, 110)
(19, 54, 73, 108)
(21, 29, 98, 106)
(14, 50, 77, 113)
(15, 27, 100, 112)
(7, 22, 105, 120)
(1, 23, 104, 126)
(10, 49, 78, 117)
(9, 57, 70, 118)
(52, 63, 64, 75)
(1, 57, 70, 126)
(25, 38, 89, 102)
(52, 55, 72, 75)
(48, 53, 74, 79)
(9, 19, 108, 118)
(27, 36, 91, 100)
(10, 31, 96, 117)
(14, 19, 108, 113)
(30, 37, 90, 97)
(15, 17, 110, 112)
(27, 59, 68, 100)
(24, 46, 81, 103)
(1, 47, 80, 126)
(4, 19, 108, 123)
(15, 56, 71, 112)
(9, 22, 105, 118)
(7, 50, 77, 120)
(20, 30, 97, 107)
(25, 35, 92, 102)
(36, 53, 74, 91)
(3, 39, 88, 124)
(32, 52, 75, 95)
(14, 15, 112, 113)
(33, 58, 69, 94)
(5, 17, 110, 122)
(1, 28, 99, 126)
(35, 60, 67, 92)
(23, 45, 82, 104)
(51, 62, 65, 76)
(32, 45, 82, 95)
(26, 41, 86, 101)
(14, 33, 94, 113)
(54, 57, 70, 73)
(13, 36, 91, 114)
(25, 27, 100, 102)
(4, 45, 82, 123)
(27, 29, 98, 100)
(42, 51, 76, 85)
(10, 48, 79, 117)
(4, 14, 113, 123)
(32, 34, 93, 95)
(4, 56, 71, 123)
(15, 23, 104, 112)
(30, 48, 79, 97)
(12, 50, 77, 115)
(22, 29, 98, 105)
(11, 63, 64, 116)
(10, 12, 115, 117)
(16, 39, 88, 111)
(4, 10, 117, 123)
(6, 19, 108, 121)
(12, 42, 85, 115)
(30, 61, 66, 97)
(7, 17, 110, 120)
(18, 38, 89, 109)
(3, 8, 119, 124)
(31, 37, 90, 96)
(29, 58, 69, 98)
(7, 63, 64, 120)
(6, 32, 95, 121)
(9, 49, 78, 118)
(31, 42, 85, 96)
(19, 28, 99, 108)
(22, 61, 66, 105)
(43, 55, 72, 84)
(31, 61, 66, 96)
(4, 22, 105, 123)
(26, 60, 67, 101)
(41, 46, 81, 86)
(9, 30, 97, 118)
(7, 39, 88, 120)
(15, 21, 106, 112)
(20, 61, 66, 107)
(31, 48, 79, 96)
(30, 41, 86, 97)
(39, 53, 74, 88)
(10, 18, 109, 117)
(35, 36, 91, 92)
(28, 55, 72, 99)
(1, 44, 83, 126)
(3, 58, 69, 124)
(19, 43, 84, 108)
(31, 55, 72, 96)
(16, 23, 104, 111)
(24, 26, 101, 103)
(47, 50, 77, 80)
(14, 18, 109, 113)
(21, 36, 91, 106)
(1, 17, 110, 126)
(23, 43, 84, 104)
(3, 20, 107, 124)
(27, 30, 97, 100)
(1, 19, 108, 126)
(20, 55, 72, 107)
(11, 27, 100, 116)
(19, 58, 69, 108)
(24, 25, 102, 103)
(2, 49, 78, 125)
(9, 12, 115, 118)
(2, 11, 116, 125)
(16, 51, 76, 111)
(33, 39, 88, 94)
(5, 25, 102, 122)
(2, 7, 120, 125)
(45, 58, 69, 82)
(13, 60, 67, 114)
(46, 57, 70, 81)
(10, 26, 101, 117)
(1, 49, 78, 126)
(26, 46, 81, 101)
(47, 58, 69, 80)
(2, 24, 103, 125)
(11, 22, 105, 116)
(28, 53, 74, 99)
(14, 35, 92, 113)
(30, 32, 95, 97)
(33, 40, 87, 94)
(14, 36, 91, 113)
(18, 49, 78, 109)
(53, 59, 68, 74)
(23, 36, 91, 104)
(7, 35, 92, 120)
(3, 15, 112, 124)
(8, 58, 69, 119)
(4, 9, 118, 123)
(7, 9, 118, 120)
(21, 51, 76, 106)
(17, 42, 85, 110)
(43, 48, 79, 84)
(8, 42, 85, 119)
(4, 32, 95, 123)
(10, 61, 66, 117)
(21, 62, 65, 106)
(3, 32, 95, 124)
(7, 37, 90, 120)
(24, 33, 94, 103)
(21, 31, 96, 106)
(29, 38, 89, 98)
(5, 29, 98, 122)
(10, 20, 107, 117)
(18, 52, 75, 109)
(42, 61, 66, 85)
(26, 48, 79, 101)
(15, 19, 108, 112)
(20, 38, 89, 107)
(27, 40, 87, 100)
(14, 62, 65, 113)
(28, 35, 92, 99)
(5, 20, 107, 122)
(24, 38, 89, 103)
(18, 53, 74, 109)
(3, 4, 123, 124)
(26, 35, 92, 101)
(8, 51, 76, 119)
(32, 63, 64, 95)
(35, 54, 73, 92)
(48, 49, 78, 79)
(8, 55, 72, 119)
(10, 42, 85, 117)
(17, 27, 100, 110)
(17, 52, 75, 110)
(52, 57, 70, 75)
(16, 58, 69, 111)
(47, 54, 73, 80)
(41, 56, 71, 86)
(10, 13, 114, 117)
(46, 63, 64, 81)
(23, 50, 77, 104)
(14, 27, 100, 113)
(5, 60, 67, 122)
(9, 26, 101, 118)
(25, 44, 83, 102)
(19, 39, 88, 108)
(27, 57, 70, 100)
(29, 50, 77, 98)
(33, 41, 86, 94)
(2, 13, 114, 125)
(4, 48, 79, 123)
(5, 16, 111, 122)
(12, 31, 96, 115)
(13, 57, 70, 114)
(9, 58, 69, 118)
(8, 48, 79, 119)
(20, 53, 74, 107)
(20, 35, 92, 107)
(50, 58, 69, 77)
(42, 59, 68, 85)
(5, 40, 87, 122)
(40, 54, 73, 87)
(54, 56, 71, 73)
(9, 43, 84, 118)
(23, 61, 66, 104)
(4, 47, 80, 123)
(8, 40, 87, 119)
(22, 57, 70, 105)
(56, 61, 66, 71)
(3, 36, 91, 124)
(20, 54, 73, 107)
(9, 35, 92, 118)
(31, 60, 67, 96)
(13, 41, 86, 114)
(47, 59, 68, 80)
(42, 45, 82, 85)
(3, 9, 118, 124)
(7, 10, 117, 120)
(7, 61, 66, 120)
(6, 14, 113, 121)
(4, 30, 97, 123)
(53, 54, 73, 74)
(7, 13, 114, 120)
(32, 37, 90, 95)
(27, 56, 71, 100)
(20, 44, 83, 107)
(31, 46, 81, 96)
(58, 62, 65, 69)
(14, 48, 79, 113)
(7, 25, 102, 120)
(26, 52, 75, 101)
(1, 21, 106, 126)
(35, 59, 68, 92)
(36, 38, 89, 91)
(29, 49, 78, 98)
(15, 57, 70, 112)
(58, 61, 66, 69)
(30, 31, 96, 97)
(6, 60, 67, 121)
(6, 38, 89, 121)
(11, 57, 70, 116)
(20, 26, 101, 107)
(4, 53, 74, 123)
(1, 39, 88, 126)
(2, 16, 111, 125)
(12, 27, 100, 115)
(20, 47, 80, 107)
(8, 12, 115, 119)
(19, 57, 70, 108)
(7, 24, 103, 120)
(11, 35, 92, 116)
(20, 48, 79, 107)
(12, 33, 94, 115)
(33, 49, 78, 94)
(2, 52, 75, 125)
(15, 28, 99, 112)
(22, 33, 94, 105)
(15, 22, 105, 112)
(7, 51, 76, 120)
(5, 33, 94, 122)
(2, 33, 94, 125)
(44, 59, 68, 83)
(29, 60, 67, 98)
(10, 11, 116, 117)
(2, 21, 106, 125)
(25, 40, 87, 102)
(1, 14, 113, 126)
(13, 59, 68, 114)
(37, 51, 76, 90)
(6, 28, 99, 121)
(18, 36, 91, 109)
(38, 40, 87, 89)
(30, 57, 70, 97)
(31, 33, 94, 96)
(12, 56, 71, 115)
(10, 27, 100, 117)
(4, 58, 69, 123)
(51, 57, 70, 76)
(37, 49, 78, 90)
(43, 63, 64, 84)
(20, 25, 102, 107)
(38, 47, 80, 89)
(58, 60, 67, 69)
(4, 5, 122, 123)
(13, 39, 88, 114)
(17, 35, 92, 110)
(44, 58, 69, 83)
(18, 50, 77, 109)
(6, 61, 66, 121)
(5, 38, 89, 122)
(15, 60, 67, 112)
(8, 13, 114, 119)
(36, 46, 81, 91)
(34, 47, 80, 93)
(24, 49, 78, 103)
(29, 54, 73, 98)
(17, 55, 72, 110)
(34, 53, 74, 93)
(28, 42, 85, 99)
(29, 35, 92, 98)
(22, 41, 86, 105)
(18, 30, 97, 109)
(21, 32, 95, 106)
(41, 54, 73, 86)
(17, 51, 76, 110)
(27, 60, 67, 100)
(45, 60, 67, 82)
(40, 55, 72, 87)
(31, 56, 71, 96)
(28, 54, 73, 99)
(38, 44, 83, 89)
(17, 34, 93, 110)
(22, 48, 79, 105)
(13, 48, 79, 114)
(38, 58, 69, 89)
(33, 44, 83, 94)
(11, 61, 66, 116)
(8, 9, 118, 119)
(42, 43, 84, 85)
(15, 30, 97, 112)
(30, 60, 67, 97)
(5, 28, 99, 122)
(25, 62, 65, 102)
(22, 49, 78, 105)
(9, 48, 79, 118)
(48, 61, 66, 79)
(18, 51, 76, 109)
(22, 52, 75, 105)
(41, 55, 72, 86)
(30, 34, 93, 97)
(33, 61, 66, 94)
(40, 60, 67, 87)
(12, 40, 87, 115)
(19, 25, 102, 108)
(17, 18, 109, 110)
(1, 30, 97, 126)
(18, 23, 104, 109)
(3, 16, 111, 124)
(13, 21, 106, 114)
(25, 37, 90, 102)
(40, 63, 64, 87)
(42, 47, 80, 85)
(18, 54, 73, 109)
(7, 8, 119, 120)
(11, 41, 86, 116)
(1, 2, 125, 126)
(16, 45, 82, 111)
(18, 21, 106, 109)
(39, 50, 77, 88)
(4, 42, 85, 123)
(13, 37, 90, 114)
(24, 29, 98, 103)
(17, 53, 74, 110)
(16, 61, 66, 111)
(25, 28, 99, 102)
(35, 50, 77, 92)
(13, 45, 82, 114)
(28, 49, 78, 99)
(34, 58, 69, 93)
(38, 48, 79, 89)
(12, 30, 97, 115)
(29, 56, 71, 98)
(31, 34, 93, 96)
(17, 49, 78, 110)
(29, 42, 85, 98)
(31, 38, 89, 96)
(9, 47, 80, 118)
(5, 31, 96, 122)
(17, 39, 88, 110)
(32, 40, 87, 95)
(5, 45, 82, 122)
(7, 54, 73, 120)
(32, 36, 91, 95)
(10, 62, 65, 117)
(9, 39, 88, 118)
(38, 63, 64, 89)
(25, 59, 68, 102)
(27, 41, 86, 100)
(2, 22, 105, 125)
(39, 52, 75, 88)
(50, 51, 76, 77)
(19, 51, 76, 108)
(15, 40, 87, 112)
(11, 56, 71, 116)
(26, 44, 83, 101)
(39, 49, 78, 88)
(28, 56, 71, 99)
(53, 56, 71, 74)
(6, 40, 87, 121)
(13, 40, 87, 114)
(40, 56, 71, 87)
(39, 46, 81, 88)
(34, 38, 89, 93)
(33, 47, 80, 94)
(19, 42, 85, 108)
(38, 57, 70, 89)
(1, 33, 94, 126)
(59, 63, 64, 68)
(20, 36, 91, 107)
(49, 61, 66, 78)
(10, 32, 95, 117)
(11, 25, 102, 116)
(2, 8, 119, 125)
(21, 27, 100, 106)
(23, 42, 85, 104)
(15, 63, 64, 112)
(31, 41, 86, 96)
(37, 62, 65, 90)
(25, 53, 74, 102)
(21, 40, 87, 106)
(35, 41, 86, 92)
(37, 46, 81, 90)
(5, 54, 73, 122)
(10, 25, 102, 117)
(17, 21, 106, 110)
(22, 30, 97, 105)
(58, 59, 68, 69)
(11, 47, 80, 116)
(52, 54, 73, 75)
(33, 62, 65, 94)
(31, 39, 88, 96)
(1, 50, 77, 126)
(5, 46, 81, 122)
(16, 33, 94, 111)
(23, 60, 67, 104)
(1, 22, 105, 126)
(21, 25, 102, 106)
(17, 61, 66, 110)
(4, 57, 70, 123)
(27, 44, 83, 100)
(28, 38, 89, 99)
(29, 40, 87, 98)
(60, 62, 65, 67)
(12, 35, 92, 115)
(6, 15, 112, 121)
(9, 29, 98, 118)
(35, 48, 79, 92)
(2, 14, 113, 125)
(12, 23, 104, 115)
(4, 33, 94, 123)
(33, 48, 79, 94)
(47, 55, 72, 80)
(3, 48, 79, 124)
(5, 30, 97, 122)
(18, 20, 107, 109)
(4, 26, 101, 123)
(7, 49, 78, 120)
(2, 23, 104, 125)
(11, 43, 84, 116)
(16, 30, 97, 111)
(20, 34, 93, 107)
(19, 59, 68, 108)
(20, 51, 76, 107)
(8, 34, 93, 119)
(44, 61, 66, 83)
(5, 48, 79, 122)
(48, 59, 68, 79)
(4, 50, 77, 123)
(16, 18, 109, 111)
(13, 63, 64, 114)
(31, 62, 65, 96)
(5, 56, 71, 122)
(34, 44, 83, 93)
(8, 30, 97, 119)
(7, 16, 111, 120)
(25, 30, 97, 102)
(3, 59, 68, 124)
(52, 61, 66, 75)
(2, 40, 87, 125)
(3, 34, 93, 124)
(4, 29, 98, 123)
(3, 28, 99, 124)
(44, 50, 77, 83)
(1, 36, 91, 126)
(7, 21, 106, 120)
(19, 47, 80, 108)
(37, 60, 67, 90)
(11, 36, 91, 116)
(18, 22, 105, 109)
(22, 63, 64, 105)
(3, 54, 73, 124)
(6, 24, 103, 121)
(38, 42, 85, 89)
(9, 40, 87, 118)
(16, 57, 70, 111)
(32, 51, 76, 95)
(8, 29, 98, 119)
(6, 49, 78, 121)
(8, 17, 110, 119)
(3, 50, 77, 124)
(37, 54, 73, 90)
(8, 26, 101, 119)
(35, 44, 83, 92)
(21, 48, 79, 106)
(50, 61, 66, 77)
(22, 45, 82, 105)
(3, 51, 76, 124)
(57, 60, 67, 70)
(12, 25, 102, 115)
(19, 50, 77, 108)
(46, 61, 66, 81)
(1, 43, 84, 126)
(14, 32, 95, 113)
(33, 51, 76, 94)
(12, 28, 99, 115)
(1, 32, 95, 126)
(9, 51, 76, 118)
(5, 61, 66, 122)
(56, 59, 68, 71)
(21, 30, 97, 106)
(27, 63, 64, 100)
(30, 59, 68, 97)
(7, 29, 98, 120)
(9, 54, 73, 118)
(10, 29, 98, 117)
(32, 61, 66, 95)
(57, 62, 65, 70)
(47, 60, 67, 80)
(18, 19, 108, 109)
(19, 20, 107, 108)
(57, 63, 64, 70)
(21, 28, 99, 106)
(23, 47, 80, 104)
(35, 53, 74, 92)
(36, 44, 83, 91)
(12, 32, 95, 115)
(16, 25, 102, 111)
(22, 34, 93, 105)
(4, 55, 72, 123)
(46, 60, 67, 81)
(23, 35, 92, 104)
(26, 32, 95, 101)
(15, 34, 93, 112)
(9, 36, 91, 118)
(24, 51, 76, 103)
(27, 54, 73, 100)
(36, 55, 72, 91)
(27, 53, 74, 100)
(30, 44, 83, 97)
(23, 26, 101, 104)
(10, 17, 110, 117)
(6, 31, 96, 121)
(37, 56, 71, 90)
(44, 51, 76, 83)
(22, 23, 104, 105)
(23, 58, 69, 104)
(6, 59, 68, 121)
(13, 19, 108, 114)
(10, 36, 91, 117)
(6, 42, 85, 121)
(41, 48, 79, 86)
(45, 48, 79, 82)
(5, 62, 65, 122)
(15, 42, 85, 112)
(44, 60, 67, 83)
(49, 51, 76, 78)
(10, 35, 92, 117)
(25, 26, 101, 102)
(1, 10, 117, 126)
(32, 42, 85, 95)
(46, 53, 74, 81)
(48, 50, 77, 79)
(33, 59, 68, 94)
(13, 46, 81, 114)
(26, 29, 98, 101)
(47, 48, 79, 80)
(45, 62, 65, 82)
(41, 44, 83, 86)
(29, 31, 96, 98)
(21, 55, 72, 106)
(4, 17, 110, 123)
(39, 47, 80, 88)
(2, 43, 84, 125)
(13, 28, 99, 114)
(21, 49, 78, 106)
(10, 56, 71, 117)
(59, 61, 66, 68)
(17, 29, 98, 110)
(29, 30, 97, 98)
(4, 43, 84, 123)
(6, 63, 64, 121)
(5, 9, 118, 122)
(14, 29, 98, 113)
(29, 59, 68, 98)
(4, 38, 89, 123)
(24, 56, 71, 103)
(41, 51, 76, 86)
(13, 24, 103, 114)
(2, 54, 73, 125)
(1, 12, 115, 126)
(23, 28, 99, 104)
(13, 29, 98, 114)
(5, 10, 117, 122)
(8, 21, 106, 119)
(21, 42, 85, 106)
(50, 63, 64, 77)
(26, 50, 77, 101)
(27, 52, 75, 100)
(47, 53, 74, 80)
(43, 57, 70, 84)
(42, 48, 79, 85)
(2, 19, 108, 125)
(32, 58, 69, 95)
(11, 62, 65, 116)
(36, 52, 75, 91)
(11, 28, 99, 116)
(53, 55, 72, 74)
(43, 62, 65, 84)
(14, 31, 96, 113)
(49, 57, 70, 78)
(17, 63, 64, 110)
(11, 53, 74, 116)
(16, 49, 78, 111)
(15, 45, 82, 112)
(6, 37, 90, 121)
(20, 23, 104, 107)
(13, 14, 113, 114)
(40, 44, 83, 87)
(56, 60, 67, 71)
(6, 22, 105, 121)
(10, 28, 99, 117)
(26, 51, 76, 101)
(34, 56, 71, 93)
(10, 47, 80, 117)
(5, 19, 108, 122)
(37, 53, 74, 90)
(16, 38, 89, 111)
(9, 14, 113, 118)
(21, 61, 66, 106)
(2, 26, 101, 125)
(12, 22, 105, 115)
(29, 36, 91, 98)
(1, 9, 118, 126)
(19, 34, 93, 108)
(45, 59, 68, 82)
(35, 46, 81, 92)
(2, 55, 72, 125)
(8, 18, 109, 119)
(58, 63, 64, 69)
(35, 42, 85, 92)
(20, 29, 98, 107)
(25, 57, 70, 102)
(38, 61, 66, 89)
(39, 45, 82, 88)
(11, 49, 78, 116)
(6, 45, 82, 121)
(8, 23, 104, 119)
(36, 48, 79, 91)
(47, 62, 65, 80)
(22, 28, 99, 105)
(1, 15, 112, 126)
(16, 59, 68, 111)
(40, 42, 85, 87)
(19, 35, 92, 108)
(22, 31, 96, 105)
(11, 45, 82, 116)
(31, 57, 70, 96)
(21, 26, 101, 106)
(22, 56, 71, 105)
(19, 27, 100, 108)
(2, 53, 74, 125)
(10, 60, 67, 117)
(21, 22, 105, 106)
(32, 49, 78, 95)
(20, 56, 71, 107)
(34, 60, 67, 93)
(11, 21, 106, 116)
(14, 21, 106, 113)
(5, 11, 116, 122)
(38, 60, 67, 89)
(10, 51, 76, 117)
(42, 60, 67, 85)
(5, 26, 101, 122)
(24, 41, 86, 103)
(43, 51, 76, 84)
(41, 49, 78, 86)
(14, 38, 89, 113)
(5, 12, 115, 122)
(15, 46, 81, 112)
(52, 60, 67, 75)
(9, 56, 71, 118)
(10, 41, 86, 117)
(11, 16, 111, 116)
(51, 53, 74, 76)
(1, 55, 72, 126)
(7, 58, 69, 120)
(2, 4, 123, 125)
(3, 44, 83, 124)
(5, 47, 80, 122)
(7, 47, 80, 120)
(27, 32, 95, 100)
(43, 60, 67, 84)
(20, 27, 100, 107)
(16, 43, 84, 111)
(41, 59, 68, 86)
(55, 59, 68, 72)
(24, 36, 91, 103)
(18, 33, 94, 109)
(33, 42, 85, 94)
(47, 52, 75, 80)
(23, 62, 65, 104)
(35, 58, 69, 92)
(11, 40, 87, 116)
(13, 53, 74, 114)
(8, 47, 80, 119)
(7, 45, 82, 120)
(26, 58, 69, 101)
(5, 32, 95, 122)
(1, 31, 96, 126)
(8, 38, 89, 119)
(6, 46, 81, 121)
(21, 46, 81, 106)
(40, 62, 65, 87)
(59, 62, 65, 68)
(44, 55, 72, 83)
(11, 58, 69, 116)
(15, 24, 103, 112)
(25, 63, 64, 102)
(7, 43, 84, 120)
(42, 57, 70, 85)
(45, 63, 64, 82)
(3, 27, 100, 124)
(25, 58, 69, 102)
(34, 57, 70, 93)
(15, 29, 98, 112)
(31, 59, 68, 96)
(12, 62, 65, 115)
(20, 37, 90, 107)
(32, 43, 84, 95)
(41, 62, 65, 86)
(14, 37, 90, 113)
(44, 54, 73, 83)
(3, 22, 105, 124)
(39, 56, 71, 88)
(24, 40, 87, 103)
(6, 53, 74, 121)
(8, 43, 84, 119)
(30, 53, 74, 97)
(12, 16, 111, 115)
(29, 57, 70, 98)
(13, 42, 85, 114)
(3, 38, 89, 124)
(48, 54, 73, 79)
(35, 49, 78, 92)
(46, 48, 79, 81)
(22, 51, 76, 105)
(3, 35, 92, 124)
(7, 23, 104, 120)
(14, 22, 105, 113)
(1, 46, 81, 126)
(33, 46, 81, 94)
(2, 32, 95, 125)
(3, 33, 94, 124)
(39, 63, 64, 88)
(26, 27, 100, 101)
(15, 43, 84, 112)
(1, 60, 67, 126)
(18, 59, 68, 109)
(6, 41, 86, 121)
(28, 62, 65, 99)
(17, 45, 82, 110)
(9, 18, 109, 118)
(33, 57, 70, 94)
(24, 53, 74, 103)
(14, 17, 110, 113)
(24, 50, 77, 103)
(12, 29, 98, 115)
(4, 11, 116, 123)
(4, 13, 114, 123)
(37, 38, 89, 90)
(39, 61, 66, 88)
(49, 55, 72, 78)
(3, 26, 101, 124)
(5, 59, 68, 122)
(29, 55, 72, 98)
(17, 59, 68, 110)
(23, 63, 64, 104)
(27, 51, 76, 100)
(18, 43, 84, 109)
(23, 48, 79, 104)
(3, 14, 113, 124)
(20, 41, 86, 107)
(21, 39, 88, 106)
(4, 24, 103, 123)
(12, 39, 88, 115)
(26, 28, 99, 101)
(33, 45, 82, 94)
(3, 30, 97, 124)
(11, 52, 75, 116)
(42, 55, 72, 85)
(55, 62, 65, 72)
(5, 49, 78, 122)
(9, 53, 74, 118)
(37, 45, 82, 90)
(12, 19, 108, 115)
(35, 51, 76, 92)
(6, 62, 65, 121)
(4, 34, 93, 123)
(8, 61, 66, 119)
(6, 33, 94, 121)
(3, 41, 86, 124)
(44, 49, 78, 83)
(3, 6, 121, 124)
(32, 35, 92, 95)
(14, 53, 74, 113)
(4, 36, 91, 123)
(3, 43, 84, 124)
(1, 7, 120, 126)
(22, 26, 101, 105)
(14, 43, 84, 113)
(17, 36, 91, 110)
(36, 40, 87, 91)
(27, 39, 88, 100)
(18, 45, 82, 109)
(3, 17, 110, 124)
(7, 48, 79, 120)
(19, 61, 66, 108)
(43, 44, 83, 84)
(30, 50, 77, 97)
(1, 8, 119, 126)
(8, 35, 92, 119)
(11, 31, 96, 116)
(27, 31, 96, 100)
(6, 10, 117, 121)
(33, 50, 77, 94)
(9, 15, 112, 118)
(22, 42, 85, 105)
(13, 15, 112, 114)
(53, 57, 70, 74)
(15, 54, 73, 112)
(3, 12, 115, 124)
(33, 63, 64, 94)
(9, 17, 110, 118)
(43, 45, 82, 84)
(9, 13, 114, 118)
(11, 50, 77, 116)
(27, 58, 69, 100)
(25, 48, 79, 102)
(34, 62, 65, 93)
(18, 48, 79, 109)
(7, 44, 83, 120)
(35, 39, 88, 92)
(47, 51, 76, 80)
(5, 58, 69, 122)
(40, 51, 76, 87)
(15, 37, 90, 112)
(35, 61, 66, 92)
(9, 23, 104, 118)
(9, 25, 102, 118)
(37, 63, 64, 90)
(3, 31, 96, 124)
(11, 44, 83, 116)
(45, 53, 74, 82)
(10, 34, 93, 117)
(27, 43, 84, 100)
(49, 54, 73, 78)
(10, 39, 88, 117)
(35, 55, 72, 92)
(23, 57, 70, 104)
(34, 36, 91, 93)
(38, 52, 75, 89)
(38, 56, 71, 89)
(37, 40, 87, 90)
(5, 13, 114, 122)
(39, 58, 69, 88)
(4, 18, 109, 123)
(43, 52, 75, 84)
(11, 46, 81, 116)
(17, 41, 86, 110)
(10, 19, 108, 117)
(18, 63, 64, 109)
(56, 58, 69, 71)
(47, 61, 66, 80)
(34, 61, 66, 93)
(4, 23, 104, 123)
(6, 36, 91, 121)
(13, 26, 101, 114)
(13, 49, 78, 114)
(11, 54, 73, 116)
(28, 33, 94, 99)
(6, 58, 69, 121)
(26, 40, 87, 101)
(17, 56, 71, 110)
(23, 32, 95, 104)
(6, 39, 88, 121)
(34, 52, 75, 93)
(11, 34, 93, 116)
(19, 55, 72, 108)
(4, 51, 76, 123)
(52, 62, 65, 75)
(16, 62, 65, 111)
(19, 38, 89, 108)
(25, 56, 71, 102)
(29, 46, 81, 98)
(28, 40, 87, 99)
(20, 31, 96, 107)
(37, 61, 66, 90)
(45, 46, 81, 82)
(23, 39, 88, 104)
(4, 46, 81, 123)
(18, 55, 72, 109)
(30, 33, 94, 97)
(24, 39, 88, 103)
(10, 43, 84, 117)
(6, 26, 101, 121)
(54, 63, 64, 73)
(23, 54, 73, 104)
(35, 45, 82, 92)
(8, 44, 83, 119)
(46, 51, 76, 81)
(2, 29, 98, 125)
(2, 28, 99, 125)
(57, 59, 68, 70)
(30, 42, 85, 97)
(23, 24, 103, 104)
(24, 30, 97, 103)
(36, 54, 73, 91)
(3, 49, 78, 124)
(45, 54, 73, 82)
(40, 57, 70, 87)
(40, 59, 68, 87)
(4, 20, 107, 123)
(21, 50, 77, 106)
(40, 52, 75, 87)
(33, 43, 84, 94)
(48, 51, 76, 79)
(54, 61, 66, 73)
(7, 27, 100, 120)
(5, 24, 103, 122)
(21, 37, 90, 106)
(37, 59, 68, 90)
(27, 38, 89, 100)
(19, 63, 64, 108)
(31, 52, 75, 96)
(55, 58, 69, 72)
(22, 47, 80, 105)
(14, 60, 67, 113)
(22, 36, 91, 105)
(40, 48, 79, 87)
(40, 49, 78, 87)
(13, 47, 80, 114)
(32, 53, 74, 95)
(32, 38, 89, 95)
(52, 56, 71, 75)
(19, 36, 91, 108)
(45, 52, 75, 82)
(8, 20, 107, 119)
(7, 12, 115, 120)
(23, 55, 72, 104)
(22, 37, 90, 105)
(28, 44, 83, 99)
(5, 44, 83, 122)
(43, 47, 80, 84)
(17, 40, 87, 110)
(28, 57, 70, 99)
(8, 50, 77, 119)
(21, 58, 69, 106)
(29, 47, 80, 98)
(29, 51, 76, 98)
(1, 63, 64, 126)
(3, 46, 81, 124)
(20, 39, 88, 107)
(25, 45, 82, 102)
(32, 55, 72, 95)
(2, 42, 85, 125)
(8, 52, 75, 119)
(15, 48, 79, 112)
(26, 57, 70, 101)
(28, 51, 76, 99)
(21, 54, 73, 106)
(4, 61, 66, 123)
(39, 43, 84, 88)
(14, 45, 82, 113)
(5, 36, 91, 122)
(46, 50, 77, 81)
(1, 13, 114, 126)
(45, 50, 77, 82)
(34, 54, 73, 93)
(24, 57, 70, 103)
(9, 42, 85, 118)
(38, 54, 73, 89)
(16, 21, 106, 111)
(50, 56, 71, 77)
(10, 40, 87, 117)
(47, 63, 64, 80)
(10, 15, 112, 117)
(14, 54, 73, 113)
(2, 50, 77, 125)
(48, 58, 69, 79)
(53, 61, 66, 74)
(8, 25, 102, 119)
(34, 49, 78, 93)
(14, 16, 111, 113)
(43, 61, 66, 84)
(30, 36, 91, 97)
(1, 34, 93, 126)
(4, 60, 67, 123)
(11, 60, 67, 116)
(19, 29, 98, 108)
(2, 18, 109, 125)
(10, 45, 82, 117)
(8, 31, 96, 119)
(44, 52, 75, 83)
(31, 58, 69, 96)
(23, 59, 68, 104)
(30, 38, 89, 97)
(16, 55, 72, 111)
(3, 42, 85, 124)
(12, 34, 93, 115)
(13, 16, 111, 114)
(23, 25, 102, 104)
(26, 53, 74, 101)
(37, 50, 77, 90)
(16, 37, 90, 111)
(17, 38, 89, 110)
(33, 35, 92, 94)
(45, 47, 80, 82)
(23, 31, 96, 104)
(38, 39, 88, 89)
(32, 56, 71, 95)
(11, 39, 88, 116)
(11, 48, 79, 116)
(2, 59, 68, 125)
(23, 46, 81, 104)
(34, 40, 87, 93)
(30, 46, 81, 97)
(26, 37, 90, 101)
(41, 53, 74, 86)
(12, 13, 114, 115)
(27, 42, 85, 100)
(39, 54, 73, 88)
(23, 30, 97, 104)
(29, 62, 65, 98)
(14, 42, 85, 113)
(12, 37, 90, 115)
(8, 57, 70, 119)
(25, 61, 66, 102)
(29, 53, 74, 98)
(46, 62, 65, 81)
(55, 61, 66, 72)
(4, 27, 100, 123)
(18, 42, 85, 109)
(39, 59, 68, 88)
(26, 36, 91, 101)
(16, 53, 74, 111)
(12, 17, 110, 115)
(1, 18, 109, 126)
(49, 63, 64, 78)
(10, 50, 77, 117)
(33, 53, 74, 94)
(21, 33, 94, 106)
(24, 62, 65, 103)
(26, 63, 64, 101)
(44, 47, 80, 83)
(2, 34, 93, 125)
(16, 47, 80, 111)
(21, 41, 86, 106)
(49, 62, 65, 78)
(23, 53, 74, 104)
(3, 62, 65, 124)
(36, 39, 88, 91)
(1, 20, 107, 126)
(50, 54, 73, 77)
(12, 15, 112, 115)
(53, 63, 64, 74)
(19, 24, 103, 108)
(15, 33, 94, 112)
(15, 61, 66, 112)
(18, 32, 95, 109)
(33, 55, 72, 94)
(47, 57, 70, 80)
(27, 33, 94, 100)
(26, 49, 78, 101)
(34, 43, 84, 93)
(45, 56, 71, 82)
(44, 45, 82, 83)
(15, 58, 69, 112)
(3, 52, 75, 124)
(18, 61, 66, 109)
(37, 41, 86, 90)
(16, 41, 86, 111)
(14, 28, 99, 113)
(4, 39, 88, 123)
(51, 58, 69, 76)
(34, 55, 72, 93)
(16, 26, 101, 111)
(28, 41, 86, 99)
(43, 59, 68, 84)
(5, 15, 112, 122)
(24, 32, 95, 103)
(24, 42, 85, 103)
(16, 36, 91, 111)
(17, 60, 67, 110)
(2, 56, 71, 125)
(20, 62, 65, 107)
(42, 49, 78, 85)
(24, 54, 73, 103)
(20, 50, 77, 107)
(4, 63, 64, 123)
(32, 41, 86, 95)
(24, 60, 67, 103)
(23, 51, 76, 104)
(10, 24, 103, 117)
(7, 55, 72, 120)
(38, 46, 81, 89)
(8, 45, 82, 119)
(44, 63, 64, 83)}

Print some_are_pairs (contains 0 tuples): {}

Print none_are_pairs (contains 0 tuples): {}

Print indecomposable (contains 0 tuples): {}

Print decomposable but no pairs (contains 0 tuples): {}

Print exceptional cycles (contains 0 tuples): {}

Below are debug outputs for each alpha in V whether it was put in the indecomposable set or the decomposable but no pairs set:


method validate_set_V(127, 2) ran to completion.
