Running method validate_set_V(m = 37, d = 3) and generating using halves:

Summary:
given m = 37, d = 3
Calculations took 0 days, 0 hours, 0 minutes, 0 seconds, 10 miliseconds, 552 microseconds, 200 nanoseconds.
Z/mZ:  [0, 1, 2, 3, 4, 5, 6, 7, 8, 9, 10, 11, 12, 13, 14, 15, 16, 17, 18, 19, 20, 21, 22, 23, 24, 25, 26, 27, 28, 29, 30, 31, 32, 33, 34, 35, 36]
Z/mZ*: [1, 2, 3, 4, 5, 6, 7, 8, 9, 10, 11, 12, 13, 14, 15, 16, 17, 18, 19, 20, 21, 22, 23, 24, 25, 26, 27, 28, 29, 30, 31, 32, 33, 34, 35, 36]
All ascending & non-repeating tuple (size 6) combinations possible for the U set: 1947792
                      V set: contains 816 tuples
          all_are_pairs set: contains 816 tuples
         some_are_pairs set: contains 0 tuples
         none_are_pairs set: contains 0 tuples
         indecomposable set: contains 0 tuples
decomposable & no pairs set: contains 0 tuples
     exceptional_cycles set: contains 0 tuples

Print V set (contains 816 tuples): {
(1, 2, 3, 34, 35, 36)
(1, 2, 4, 33, 35, 36)
(1, 2, 5, 32, 35, 36)
(1, 2, 6, 31, 35, 36)
(1, 2, 7, 30, 35, 36)
(1, 2, 8, 29, 35, 36)
(1, 2, 9, 28, 35, 36)
(1, 2, 10, 27, 35, 36)
(1, 2, 11, 26, 35, 36)
(1, 2, 12, 25, 35, 36)
(1, 2, 13, 24, 35, 36)
(1, 2, 14, 23, 35, 36)
(1, 2, 15, 22, 35, 36)
(1, 2, 16, 21, 35, 36)
(1, 2, 17, 20, 35, 36)
(1, 2, 18, 19, 35, 36)
(1, 3, 4, 33, 34, 36)
(1, 3, 5, 32, 34, 36)
(1, 3, 6, 31, 34, 36)
(1, 3, 7, 30, 34, 36)
(1, 3, 8, 29, 34, 36)
(1, 3, 9, 28, 34, 36)
(1, 3, 10, 27, 34, 36)
(1, 3, 11, 26, 34, 36)
(1, 3, 12, 25, 34, 36)
(1, 3, 13, 24, 34, 36)
(1, 3, 14, 23, 34, 36)
(1, 3, 15, 22, 34, 36)
(1, 3, 16, 21, 34, 36)
(1, 3, 17, 20, 34, 36)
(1, 3, 18, 19, 34, 36)
(1, 4, 5, 32, 33, 36)
(1, 4, 6, 31, 33, 36)
(1, 4, 7, 30, 33, 36)
(1, 4, 8, 29, 33, 36)
(1, 4, 9, 28, 33, 36)
(1, 4, 10, 27, 33, 36)
(1, 4, 11, 26, 33, 36)
(1, 4, 12, 25, 33, 36)
(1, 4, 13, 24, 33, 36)
(1, 4, 14, 23, 33, 36)
(1, 4, 15, 22, 33, 36)
(1, 4, 16, 21, 33, 36)
(1, 4, 17, 20, 33, 36)
(1, 4, 18, 19, 33, 36)
(1, 5, 6, 31, 32, 36)
(1, 5, 7, 30, 32, 36)
(1, 5, 8, 29, 32, 36)
(1, 5, 9, 28, 32, 36)
(1, 5, 10, 27, 32, 36)
(1, 5, 11, 26, 32, 36)
(1, 5, 12, 25, 32, 36)
(1, 5, 13, 24, 32, 36)
(1, 5, 14, 23, 32, 36)
(1, 5, 15, 22, 32, 36)
(1, 5, 16, 21, 32, 36)
(1, 5, 17, 20, 32, 36)
(1, 5, 18, 19, 32, 36)
(1, 6, 7, 30, 31, 36)
(1, 6, 8, 29, 31, 36)
(1, 6, 9, 28, 31, 36)
(1, 6, 10, 27, 31, 36)
(1, 6, 11, 26, 31, 36)
(1, 6, 12, 25, 31, 36)
(1, 6, 13, 24, 31, 36)
(1, 6, 14, 23, 31, 36)
(1, 6, 15, 22, 31, 36)
(1, 6, 16, 21, 31, 36)
(1, 6, 17, 20, 31, 36)
(1, 6, 18, 19, 31, 36)
(1, 7, 8, 29, 30, 36)
(1, 7, 9, 28, 30, 36)
(1, 7, 10, 27, 30, 36)
(1, 7, 11, 26, 30, 36)
(1, 7, 12, 25, 30, 36)
(1, 7, 13, 24, 30, 36)
(1, 7, 14, 23, 30, 36)
(1, 7, 15, 22, 30, 36)
(1, 7, 16, 21, 30, 36)
(1, 7, 17, 20, 30, 36)
(1, 7, 18, 19, 30, 36)
(1, 8, 9, 28, 29, 36)
(1, 8, 10, 27, 29, 36)
(1, 8, 11, 26, 29, 36)
(1, 8, 12, 25, 29, 36)
(1, 8, 13, 24, 29, 36)
(1, 8, 14, 23, 29, 36)
(1, 8, 15, 22, 29, 36)
(1, 8, 16, 21, 29, 36)
(1, 8, 17, 20, 29, 36)
(1, 8, 18, 19, 29, 36)
(1, 9, 10, 27, 28, 36)
(1, 9, 11, 26, 28, 36)
(1, 9, 12, 25, 28, 36)
(1, 9, 13, 24, 28, 36)
(1, 9, 14, 23, 28, 36)
(1, 9, 15, 22, 28, 36)
(1, 9, 16, 21, 28, 36)
(1, 9, 17, 20, 28, 36)
(1, 9, 18, 19, 28, 36)
(1, 10, 11, 26, 27, 36)
(1, 10, 12, 25, 27, 36)
(1, 10, 13, 24, 27, 36)
(1, 10, 14, 23, 27, 36)
(1, 10, 15, 22, 27, 36)
(1, 10, 16, 21, 27, 36)
(1, 10, 17, 20, 27, 36)
(1, 10, 18, 19, 27, 36)
(1, 11, 12, 25, 26, 36)
(1, 11, 13, 24, 26, 36)
(1, 11, 14, 23, 26, 36)
(1, 11, 15, 22, 26, 36)
(1, 11, 16, 21, 26, 36)
(1, 11, 17, 20, 26, 36)
(1, 11, 18, 19, 26, 36)
(1, 12, 13, 24, 25, 36)
(1, 12, 14, 23, 25, 36)
(1, 12, 15, 22, 25, 36)
(1, 12, 16, 21, 25, 36)
(1, 12, 17, 20, 25, 36)
(1, 12, 18, 19, 25, 36)
(1, 13, 14, 23, 24, 36)
(1, 13, 15, 22, 24, 36)
(1, 13, 16, 21, 24, 36)
(1, 13, 17, 20, 24, 36)
(1, 13, 18, 19, 24, 36)
(1, 14, 15, 22, 23, 36)
(1, 14, 16, 21, 23, 36)
(1, 14, 17, 20, 23, 36)
(1, 14, 18, 19, 23, 36)
(1, 15, 16, 21, 22, 36)
(1, 15, 17, 20, 22, 36)
(1, 15, 18, 19, 22, 36)
(1, 16, 17, 20, 21, 36)
(1, 16, 18, 19, 21, 36)
(1, 17, 18, 19, 20, 36)
(2, 3, 4, 33, 34, 35)
(2, 3, 5, 32, 34, 35)
(2, 3, 6, 31, 34, 35)
(2, 3, 7, 30, 34, 35)
(2, 3, 8, 29, 34, 35)
(2, 3, 9, 28, 34, 35)
(2, 3, 10, 27, 34, 35)
(2, 3, 11, 26, 34, 35)
(2, 3, 12, 25, 34, 35)
(2, 3, 13, 24, 34, 35)
(2, 3, 14, 23, 34, 35)
(2, 3, 15, 22, 34, 35)
(2, 3, 16, 21, 34, 35)
(2, 3, 17, 20, 34, 35)
(2, 3, 18, 19, 34, 35)
(2, 4, 5, 32, 33, 35)
(2, 4, 6, 31, 33, 35)
(2, 4, 7, 30, 33, 35)
(2, 4, 8, 29, 33, 35)
(2, 4, 9, 28, 33, 35)
(2, 4, 10, 27, 33, 35)
(2, 4, 11, 26, 33, 35)
(2, 4, 12, 25, 33, 35)
(2, 4, 13, 24, 33, 35)
(2, 4, 14, 23, 33, 35)
(2, 4, 15, 22, 33, 35)
(2, 4, 16, 21, 33, 35)
(2, 4, 17, 20, 33, 35)
(2, 4, 18, 19, 33, 35)
(2, 5, 6, 31, 32, 35)
(2, 5, 7, 30, 32, 35)
(2, 5, 8, 29, 32, 35)
(2, 5, 9, 28, 32, 35)
(2, 5, 10, 27, 32, 35)
(2, 5, 11, 26, 32, 35)
(2, 5, 12, 25, 32, 35)
(2, 5, 13, 24, 32, 35)
(2, 5, 14, 23, 32, 35)
(2, 5, 15, 22, 32, 35)
(2, 5, 16, 21, 32, 35)
(2, 5, 17, 20, 32, 35)
(2, 5, 18, 19, 32, 35)
(2, 6, 7, 30, 31, 35)
(2, 6, 8, 29, 31, 35)
(2, 6, 9, 28, 31, 35)
(2, 6, 10, 27, 31, 35)
(2, 6, 11, 26, 31, 35)
(2, 6, 12, 25, 31, 35)
(2, 6, 13, 24, 31, 35)
(2, 6, 14, 23, 31, 35)
(2, 6, 15, 22, 31, 35)
(2, 6, 16, 21, 31, 35)
(2, 6, 17, 20, 31, 35)
(2, 6, 18, 19, 31, 35)
(2, 7, 8, 29, 30, 35)
(2, 7, 9, 28, 30, 35)
(2, 7, 10, 27, 30, 35)
(2, 7, 11, 26, 30, 35)
(2, 7, 12, 25, 30, 35)
(2, 7, 13, 24, 30, 35)
(2, 7, 14, 23, 30, 35)
(2, 7, 15, 22, 30, 35)
(2, 7, 16, 21, 30, 35)
(2, 7, 17, 20, 30, 35)
(2, 7, 18, 19, 30, 35)
(2, 8, 9, 28, 29, 35)
(2, 8, 10, 27, 29, 35)
(2, 8, 11, 26, 29, 35)
(2, 8, 12, 25, 29, 35)
(2, 8, 13, 24, 29, 35)
(2, 8, 14, 23, 29, 35)
(2, 8, 15, 22, 29, 35)
(2, 8, 16, 21, 29, 35)
(2, 8, 17, 20, 29, 35)
(2, 8, 18, 19, 29, 35)
(2, 9, 10, 27, 28, 35)
(2, 9, 11, 26, 28, 35)
(2, 9, 12, 25, 28, 35)
(2, 9, 13, 24, 28, 35)
(2, 9, 14, 23, 28, 35)
(2, 9, 15, 22, 28, 35)
(2, 9, 16, 21, 28, 35)
(2, 9, 17, 20, 28, 35)
(2, 9, 18, 19, 28, 35)
(2, 10, 11, 26, 27, 35)
(2, 10, 12, 25, 27, 35)
(2, 10, 13, 24, 27, 35)
(2, 10, 14, 23, 27, 35)
(2, 10, 15, 22, 27, 35)
(2, 10, 16, 21, 27, 35)
(2, 10, 17, 20, 27, 35)
(2, 10, 18, 19, 27, 35)
(2, 11, 12, 25, 26, 35)
(2, 11, 13, 24, 26, 35)
(2, 11, 14, 23, 26, 35)
(2, 11, 15, 22, 26, 35)
(2, 11, 16, 21, 26, 35)
(2, 11, 17, 20, 26, 35)
(2, 11, 18, 19, 26, 35)
(2, 12, 13, 24, 25, 35)
(2, 12, 14, 23, 25, 35)
(2, 12, 15, 22, 25, 35)
(2, 12, 16, 21, 25, 35)
(2, 12, 17, 20, 25, 35)
(2, 12, 18, 19, 25, 35)
(2, 13, 14, 23, 24, 35)
(2, 13, 15, 22, 24, 35)
(2, 13, 16, 21, 24, 35)
(2, 13, 17, 20, 24, 35)
(2, 13, 18, 19, 24, 35)
(2, 14, 15, 22, 23, 35)
(2, 14, 16, 21, 23, 35)
(2, 14, 17, 20, 23, 35)
(2, 14, 18, 19, 23, 35)
(2, 15, 16, 21, 22, 35)
(2, 15, 17, 20, 22, 35)
(2, 15, 18, 19, 22, 35)
(2, 16, 17, 20, 21, 35)
(2, 16, 18, 19, 21, 35)
(2, 17, 18, 19, 20, 35)
(3, 4, 5, 32, 33, 34)
(3, 4, 6, 31, 33, 34)
(3, 4, 7, 30, 33, 34)
(3, 4, 8, 29, 33, 34)
(3, 4, 9, 28, 33, 34)
(3, 4, 10, 27, 33, 34)
(3, 4, 11, 26, 33, 34)
(3, 4, 12, 25, 33, 34)
(3, 4, 13, 24, 33, 34)
(3, 4, 14, 23, 33, 34)
(3, 4, 15, 22, 33, 34)
(3, 4, 16, 21, 33, 34)
(3, 4, 17, 20, 33, 34)
(3, 4, 18, 19, 33, 34)
(3, 5, 6, 31, 32, 34)
(3, 5, 7, 30, 32, 34)
(3, 5, 8, 29, 32, 34)
(3, 5, 9, 28, 32, 34)
(3, 5, 10, 27, 32, 34)
(3, 5, 11, 26, 32, 34)
(3, 5, 12, 25, 32, 34)
(3, 5, 13, 24, 32, 34)
(3, 5, 14, 23, 32, 34)
(3, 5, 15, 22, 32, 34)
(3, 5, 16, 21, 32, 34)
(3, 5, 17, 20, 32, 34)
(3, 5, 18, 19, 32, 34)
(3, 6, 7, 30, 31, 34)
(3, 6, 8, 29, 31, 34)
(3, 6, 9, 28, 31, 34)
(3, 6, 10, 27, 31, 34)
(3, 6, 11, 26, 31, 34)
(3, 6, 12, 25, 31, 34)
(3, 6, 13, 24, 31, 34)
(3, 6, 14, 23, 31, 34)
(3, 6, 15, 22, 31, 34)
(3, 6, 16, 21, 31, 34)
(3, 6, 17, 20, 31, 34)
(3, 6, 18, 19, 31, 34)
(3, 7, 8, 29, 30, 34)
(3, 7, 9, 28, 30, 34)
(3, 7, 10, 27, 30, 34)
(3, 7, 11, 26, 30, 34)
(3, 7, 12, 25, 30, 34)
(3, 7, 13, 24, 30, 34)
(3, 7, 14, 23, 30, 34)
(3, 7, 15, 22, 30, 34)
(3, 7, 16, 21, 30, 34)
(3, 7, 17, 20, 30, 34)
(3, 7, 18, 19, 30, 34)
(3, 8, 9, 28, 29, 34)
(3, 8, 10, 27, 29, 34)
(3, 8, 11, 26, 29, 34)
(3, 8, 12, 25, 29, 34)
(3, 8, 13, 24, 29, 34)
(3, 8, 14, 23, 29, 34)
(3, 8, 15, 22, 29, 34)
(3, 8, 16, 21, 29, 34)
(3, 8, 17, 20, 29, 34)
(3, 8, 18, 19, 29, 34)
(3, 9, 10, 27, 28, 34)
(3, 9, 11, 26, 28, 34)
(3, 9, 12, 25, 28, 34)
(3, 9, 13, 24, 28, 34)
(3, 9, 14, 23, 28, 34)
(3, 9, 15, 22, 28, 34)
(3, 9, 16, 21, 28, 34)
(3, 9, 17, 20, 28, 34)
(3, 9, 18, 19, 28, 34)
(3, 10, 11, 26, 27, 34)
(3, 10, 12, 25, 27, 34)
(3, 10, 13, 24, 27, 34)
(3, 10, 14, 23, 27, 34)
(3, 10, 15, 22, 27, 34)
(3, 10, 16, 21, 27, 34)
(3, 10, 17, 20, 27, 34)
(3, 10, 18, 19, 27, 34)
(3, 11, 12, 25, 26, 34)
(3, 11, 13, 24, 26, 34)
(3, 11, 14, 23, 26, 34)
(3, 11, 15, 22, 26, 34)
(3, 11, 16, 21, 26, 34)
(3, 11, 17, 20, 26, 34)
(3, 11, 18, 19, 26, 34)
(3, 12, 13, 24, 25, 34)
(3, 12, 14, 23, 25, 34)
(3, 12, 15, 22, 25, 34)
(3, 12, 16, 21, 25, 34)
(3, 12, 17, 20, 25, 34)
(3, 12, 18, 19, 25, 34)
(3, 13, 14, 23, 24, 34)
(3, 13, 15, 22, 24, 34)
(3, 13, 16, 21, 24, 34)
(3, 13, 17, 20, 24, 34)
(3, 13, 18, 19, 24, 34)
(3, 14, 15, 22, 23, 34)
(3, 14, 16, 21, 23, 34)
(3, 14, 17, 20, 23, 34)
(3, 14, 18, 19, 23, 34)
(3, 15, 16, 21, 22, 34)
(3, 15, 17, 20, 22, 34)
(3, 15, 18, 19, 22, 34)
(3, 16, 17, 20, 21, 34)
(3, 16, 18, 19, 21, 34)
(3, 17, 18, 19, 20, 34)
(4, 5, 6, 31, 32, 33)
(4, 5, 7, 30, 32, 33)
(4, 5, 8, 29, 32, 33)
(4, 5, 9, 28, 32, 33)
(4, 5, 10, 27, 32, 33)
(4, 5, 11, 26, 32, 33)
(4, 5, 12, 25, 32, 33)
(4, 5, 13, 24, 32, 33)
(4, 5, 14, 23, 32, 33)
(4, 5, 15, 22, 32, 33)
(4, 5, 16, 21, 32, 33)
(4, 5, 17, 20, 32, 33)
(4, 5, 18, 19, 32, 33)
(4, 6, 7, 30, 31, 33)
(4, 6, 8, 29, 31, 33)
(4, 6, 9, 28, 31, 33)
(4, 6, 10, 27, 31, 33)
(4, 6, 11, 26, 31, 33)
(4, 6, 12, 25, 31, 33)
(4, 6, 13, 24, 31, 33)
(4, 6, 14, 23, 31, 33)
(4, 6, 15, 22, 31, 33)
(4, 6, 16, 21, 31, 33)
(4, 6, 17, 20, 31, 33)
(4, 6, 18, 19, 31, 33)
(4, 7, 8, 29, 30, 33)
(4, 7, 9, 28, 30, 33)
(4, 7, 10, 27, 30, 33)
(4, 7, 11, 26, 30, 33)
(4, 7, 12, 25, 30, 33)
(4, 7, 13, 24, 30, 33)
(4, 7, 14, 23, 30, 33)
(4, 7, 15, 22, 30, 33)
(4, 7, 16, 21, 30, 33)
(4, 7, 17, 20, 30, 33)
(4, 7, 18, 19, 30, 33)
(4, 8, 9, 28, 29, 33)
(4, 8, 10, 27, 29, 33)
(4, 8, 11, 26, 29, 33)
(4, 8, 12, 25, 29, 33)
(4, 8, 13, 24, 29, 33)
(4, 8, 14, 23, 29, 33)
(4, 8, 15, 22, 29, 33)
(4, 8, 16, 21, 29, 33)
(4, 8, 17, 20, 29, 33)
(4, 8, 18, 19, 29, 33)
(4, 9, 10, 27, 28, 33)
(4, 9, 11, 26, 28, 33)
(4, 9, 12, 25, 28, 33)
(4, 9, 13, 24, 28, 33)
(4, 9, 14, 23, 28, 33)
(4, 9, 15, 22, 28, 33)
(4, 9, 16, 21, 28, 33)
(4, 9, 17, 20, 28, 33)
(4, 9, 18, 19, 28, 33)
(4, 10, 11, 26, 27, 33)
(4, 10, 12, 25, 27, 33)
(4, 10, 13, 24, 27, 33)
(4, 10, 14, 23, 27, 33)
(4, 10, 15, 22, 27, 33)
(4, 10, 16, 21, 27, 33)
(4, 10, 17, 20, 27, 33)
(4, 10, 18, 19, 27, 33)
(4, 11, 12, 25, 26, 33)
(4, 11, 13, 24, 26, 33)
(4, 11, 14, 23, 26, 33)
(4, 11, 15, 22, 26, 33)
(4, 11, 16, 21, 26, 33)
(4, 11, 17, 20, 26, 33)
(4, 11, 18, 19, 26, 33)
(4, 12, 13, 24, 25, 33)
(4, 12, 14, 23, 25, 33)
(4, 12, 15, 22, 25, 33)
(4, 12, 16, 21, 25, 33)
(4, 12, 17, 20, 25, 33)
(4, 12, 18, 19, 25, 33)
(4, 13, 14, 23, 24, 33)
(4, 13, 15, 22, 24, 33)
(4, 13, 16, 21, 24, 33)
(4, 13, 17, 20, 24, 33)
(4, 13, 18, 19, 24, 33)
(4, 14, 15, 22, 23, 33)
(4, 14, 16, 21, 23, 33)
(4, 14, 17, 20, 23, 33)
(4, 14, 18, 19, 23, 33)
(4, 15, 16, 21, 22, 33)
(4, 15, 17, 20, 22, 33)
(4, 15, 18, 19, 22, 33)
(4, 16, 17, 20, 21, 33)
(4, 16, 18, 19, 21, 33)
(4, 17, 18, 19, 20, 33)
(5, 6, 7, 30, 31, 32)
(5, 6, 8, 29, 31, 32)
(5, 6, 9, 28, 31, 32)
(5, 6, 10, 27, 31, 32)
(5, 6, 11, 26, 31, 32)
(5, 6, 12, 25, 31, 32)
(5, 6, 13, 24, 31, 32)
(5, 6, 14, 23, 31, 32)
(5, 6, 15, 22, 31, 32)
(5, 6, 16, 21, 31, 32)
(5, 6, 17, 20, 31, 32)
(5, 6, 18, 19, 31, 32)
(5, 7, 8, 29, 30, 32)
(5, 7, 9, 28, 30, 32)
(5, 7, 10, 27, 30, 32)
(5, 7, 11, 26, 30, 32)
(5, 7, 12, 25, 30, 32)
(5, 7, 13, 24, 30, 32)
(5, 7, 14, 23, 30, 32)
(5, 7, 15, 22, 30, 32)
(5, 7, 16, 21, 30, 32)
(5, 7, 17, 20, 30, 32)
(5, 7, 18, 19, 30, 32)
(5, 8, 9, 28, 29, 32)
(5, 8, 10, 27, 29, 32)
(5, 8, 11, 26, 29, 32)
(5, 8, 12, 25, 29, 32)
(5, 8, 13, 24, 29, 32)
(5, 8, 14, 23, 29, 32)
(5, 8, 15, 22, 29, 32)
(5, 8, 16, 21, 29, 32)
(5, 8, 17, 20, 29, 32)
(5, 8, 18, 19, 29, 32)
(5, 9, 10, 27, 28, 32)
(5, 9, 11, 26, 28, 32)
(5, 9, 12, 25, 28, 32)
(5, 9, 13, 24, 28, 32)
(5, 9, 14, 23, 28, 32)
(5, 9, 15, 22, 28, 32)
(5, 9, 16, 21, 28, 32)
(5, 9, 17, 20, 28, 32)
(5, 9, 18, 19, 28, 32)
(5, 10, 11, 26, 27, 32)
(5, 10, 12, 25, 27, 32)
(5, 10, 13, 24, 27, 32)
(5, 10, 14, 23, 27, 32)
(5, 10, 15, 22, 27, 32)
(5, 10, 16, 21, 27, 32)
(5, 10, 17, 20, 27, 32)
(5, 10, 18, 19, 27, 32)
(5, 11, 12, 25, 26, 32)
(5, 11, 13, 24, 26, 32)
(5, 11, 14, 23, 26, 32)
(5, 11, 15, 22, 26, 32)
(5, 11, 16, 21, 26, 32)
(5, 11, 17, 20, 26, 32)
(5, 11, 18, 19, 26, 32)
(5, 12, 13, 24, 25, 32)
(5, 12, 14, 23, 25, 32)
(5, 12, 15, 22, 25, 32)
(5, 12, 16, 21, 25, 32)
(5, 12, 17, 20, 25, 32)
(5, 12, 18, 19, 25, 32)
(5, 13, 14, 23, 24, 32)
(5, 13, 15, 22, 24, 32)
(5, 13, 16, 21, 24, 32)
(5, 13, 17, 20, 24, 32)
(5, 13, 18, 19, 24, 32)
(5, 14, 15, 22, 23, 32)
(5, 14, 16, 21, 23, 32)
(5, 14, 17, 20, 23, 32)
(5, 14, 18, 19, 23, 32)
(5, 15, 16, 21, 22, 32)
(5, 15, 17, 20, 22, 32)
(5, 15, 18, 19, 22, 32)
(5, 16, 17, 20, 21, 32)
(5, 16, 18, 19, 21, 32)
(5, 17, 18, 19, 20, 32)
(6, 7, 8, 29, 30, 31)
(6, 7, 9, 28, 30, 31)
(6, 7, 10, 27, 30, 31)
(6, 7, 11, 26, 30, 31)
(6, 7, 12, 25, 30, 31)
(6, 7, 13, 24, 30, 31)
(6, 7, 14, 23, 30, 31)
(6, 7, 15, 22, 30, 31)
(6, 7, 16, 21, 30, 31)
(6, 7, 17, 20, 30, 31)
(6, 7, 18, 19, 30, 31)
(6, 8, 9, 28, 29, 31)
(6, 8, 10, 27, 29, 31)
(6, 8, 11, 26, 29, 31)
(6, 8, 12, 25, 29, 31)
(6, 8, 13, 24, 29, 31)
(6, 8, 14, 23, 29, 31)
(6, 8, 15, 22, 29, 31)
(6, 8, 16, 21, 29, 31)
(6, 8, 17, 20, 29, 31)
(6, 8, 18, 19, 29, 31)
(6, 9, 10, 27, 28, 31)
(6, 9, 11, 26, 28, 31)
(6, 9, 12, 25, 28, 31)
(6, 9, 13, 24, 28, 31)
(6, 9, 14, 23, 28, 31)
(6, 9, 15, 22, 28, 31)
(6, 9, 16, 21, 28, 31)
(6, 9, 17, 20, 28, 31)
(6, 9, 18, 19, 28, 31)
(6, 10, 11, 26, 27, 31)
(6, 10, 12, 25, 27, 31)
(6, 10, 13, 24, 27, 31)
(6, 10, 14, 23, 27, 31)
(6, 10, 15, 22, 27, 31)
(6, 10, 16, 21, 27, 31)
(6, 10, 17, 20, 27, 31)
(6, 10, 18, 19, 27, 31)
(6, 11, 12, 25, 26, 31)
(6, 11, 13, 24, 26, 31)
(6, 11, 14, 23, 26, 31)
(6, 11, 15, 22, 26, 31)
(6, 11, 16, 21, 26, 31)
(6, 11, 17, 20, 26, 31)
(6, 11, 18, 19, 26, 31)
(6, 12, 13, 24, 25, 31)
(6, 12, 14, 23, 25, 31)
(6, 12, 15, 22, 25, 31)
(6, 12, 16, 21, 25, 31)
(6, 12, 17, 20, 25, 31)
(6, 12, 18, 19, 25, 31)
(6, 13, 14, 23, 24, 31)
(6, 13, 15, 22, 24, 31)
(6, 13, 16, 21, 24, 31)
(6, 13, 17, 20, 24, 31)
(6, 13, 18, 19, 24, 31)
(6, 14, 15, 22, 23, 31)
(6, 14, 16, 21, 23, 31)
(6, 14, 17, 20, 23, 31)
(6, 14, 18, 19, 23, 31)
(6, 15, 16, 21, 22, 31)
(6, 15, 17, 20, 22, 31)
(6, 15, 18, 19, 22, 31)
(6, 16, 17, 20, 21, 31)
(6, 16, 18, 19, 21, 31)
(6, 17, 18, 19, 20, 31)
(7, 8, 9, 28, 29, 30)
(7, 8, 10, 27, 29, 30)
(7, 8, 11, 26, 29, 30)
(7, 8, 12, 25, 29, 30)
(7, 8, 13, 24, 29, 30)
(7, 8, 14, 23, 29, 30)
(7, 8, 15, 22, 29, 30)
(7, 8, 16, 21, 29, 30)
(7, 8, 17, 20, 29, 30)
(7, 8, 18, 19, 29, 30)
(7, 9, 10, 27, 28, 30)
(7, 9, 11, 26, 28, 30)
(7, 9, 12, 25, 28, 30)
(7, 9, 13, 24, 28, 30)
(7, 9, 14, 23, 28, 30)
(7, 9, 15, 22, 28, 30)
(7, 9, 16, 21, 28, 30)
(7, 9, 17, 20, 28, 30)
(7, 9, 18, 19, 28, 30)
(7, 10, 11, 26, 27, 30)
(7, 10, 12, 25, 27, 30)
(7, 10, 13, 24, 27, 30)
(7, 10, 14, 23, 27, 30)
(7, 10, 15, 22, 27, 30)
(7, 10, 16, 21, 27, 30)
(7, 10, 17, 20, 27, 30)
(7, 10, 18, 19, 27, 30)
(7, 11, 12, 25, 26, 30)
(7, 11, 13, 24, 26, 30)
(7, 11, 14, 23, 26, 30)
(7, 11, 15, 22, 26, 30)
(7, 11, 16, 21, 26, 30)
(7, 11, 17, 20, 26, 30)
(7, 11, 18, 19, 26, 30)
(7, 12, 13, 24, 25, 30)
(7, 12, 14, 23, 25, 30)
(7, 12, 15, 22, 25, 30)
(7, 12, 16, 21, 25, 30)
(7, 12, 17, 20, 25, 30)
(7, 12, 18, 19, 25, 30)
(7, 13, 14, 23, 24, 30)
(7, 13, 15, 22, 24, 30)
(7, 13, 16, 21, 24, 30)
(7, 13, 17, 20, 24, 30)
(7, 13, 18, 19, 24, 30)
(7, 14, 15, 22, 23, 30)
(7, 14, 16, 21, 23, 30)
(7, 14, 17, 20, 23, 30)
(7, 14, 18, 19, 23, 30)
(7, 15, 16, 21, 22, 30)
(7, 15, 17, 20, 22, 30)
(7, 15, 18, 19, 22, 30)
(7, 16, 17, 20, 21, 30)
(7, 16, 18, 19, 21, 30)
(7, 17, 18, 19, 20, 30)
(8, 9, 10, 27, 28, 29)
(8, 9, 11, 26, 28, 29)
(8, 9, 12, 25, 28, 29)
(8, 9, 13, 24, 28, 29)
(8, 9, 14, 23, 28, 29)
(8, 9, 15, 22, 28, 29)
(8, 9, 16, 21, 28, 29)
(8, 9, 17, 20, 28, 29)
(8, 9, 18, 19, 28, 29)
(8, 10, 11, 26, 27, 29)
(8, 10, 12, 25, 27, 29)
(8, 10, 13, 24, 27, 29)
(8, 10, 14, 23, 27, 29)
(8, 10, 15, 22, 27, 29)
(8, 10, 16, 21, 27, 29)
(8, 10, 17, 20, 27, 29)
(8, 10, 18, 19, 27, 29)
(8, 11, 12, 25, 26, 29)
(8, 11, 13, 24, 26, 29)
(8, 11, 14, 23, 26, 29)
(8, 11, 15, 22, 26, 29)
(8, 11, 16, 21, 26, 29)
(8, 11, 17, 20, 26, 29)
(8, 11, 18, 19, 26, 29)
(8, 12, 13, 24, 25, 29)
(8, 12, 14, 23, 25, 29)
(8, 12, 15, 22, 25, 29)
(8, 12, 16, 21, 25, 29)
(8, 12, 17, 20, 25, 29)
(8, 12, 18, 19, 25, 29)
(8, 13, 14, 23, 24, 29)
(8, 13, 15, 22, 24, 29)
(8, 13, 16, 21, 24, 29)
(8, 13, 17, 20, 24, 29)
(8, 13, 18, 19, 24, 29)
(8, 14, 15, 22, 23, 29)
(8, 14, 16, 21, 23, 29)
(8, 14, 17, 20, 23, 29)
(8, 14, 18, 19, 23, 29)
(8, 15, 16, 21, 22, 29)
(8, 15, 17, 20, 22, 29)
(8, 15, 18, 19, 22, 29)
(8, 16, 17, 20, 21, 29)
(8, 16, 18, 19, 21, 29)
(8, 17, 18, 19, 20, 29)
(9, 10, 11, 26, 27, 28)
(9, 10, 12, 25, 27, 28)
(9, 10, 13, 24, 27, 28)
(9, 10, 14, 23, 27, 28)
(9, 10, 15, 22, 27, 28)
(9, 10, 16, 21, 27, 28)
(9, 10, 17, 20, 27, 28)
(9, 10, 18, 19, 27, 28)
(9, 11, 12, 25, 26, 28)
(9, 11, 13, 24, 26, 28)
(9, 11, 14, 23, 26, 28)
(9, 11, 15, 22, 26, 28)
(9, 11, 16, 21, 26, 28)
(9, 11, 17, 20, 26, 28)
(9, 11, 18, 19, 26, 28)
(9, 12, 13, 24, 25, 28)
(9, 12, 14, 23, 25, 28)
(9, 12, 15, 22, 25, 28)
(9, 12, 16, 21, 25, 28)
(9, 12, 17, 20, 25, 28)
(9, 12, 18, 19, 25, 28)
(9, 13, 14, 23, 24, 28)
(9, 13, 15, 22, 24, 28)
(9, 13, 16, 21, 24, 28)
(9, 13, 17, 20, 24, 28)
(9, 13, 18, 19, 24, 28)
(9, 14, 15, 22, 23, 28)
(9, 14, 16, 21, 23, 28)
(9, 14, 17, 20, 23, 28)
(9, 14, 18, 19, 23, 28)
(9, 15, 16, 21, 22, 28)
(9, 15, 17, 20, 22, 28)
(9, 15, 18, 19, 22, 28)
(9, 16, 17, 20, 21, 28)
(9, 16, 18, 19, 21, 28)
(9, 17, 18, 19, 20, 28)
(10, 11, 12, 25, 26, 27)
(10, 11, 13, 24, 26, 27)
(10, 11, 14, 23, 26, 27)
(10, 11, 15, 22, 26, 27)
(10, 11, 16, 21, 26, 27)
(10, 11, 17, 20, 26, 27)
(10, 11, 18, 19, 26, 27)
(10, 12, 13, 24, 25, 27)
(10, 12, 14, 23, 25, 27)
(10, 12, 15, 22, 25, 27)
(10, 12, 16, 21, 25, 27)
(10, 12, 17, 20, 25, 27)
(10, 12, 18, 19, 25, 27)
(10, 13, 14, 23, 24, 27)
(10, 13, 15, 22, 24, 27)
(10, 13, 16, 21, 24, 27)
(10, 13, 17, 20, 24, 27)
(10, 13, 18, 19, 24, 27)
(10, 14, 15, 22, 23, 27)
(10, 14, 16, 21, 23, 27)
(10, 14, 17, 20, 23, 27)
(10, 14, 18, 19, 23, 27)
(10, 15, 16, 21, 22, 27)
(10, 15, 17, 20, 22, 27)
(10, 15, 18, 19, 22, 27)
(10, 16, 17, 20, 21, 27)
(10, 16, 18, 19, 21, 27)
(10, 17, 18, 19, 20, 27)
(11, 12, 13, 24, 25, 26)
(11, 12, 14, 23, 25, 26)
(11, 12, 15, 22, 25, 26)
(11, 12, 16, 21, 25, 26)
(11, 12, 17, 20, 25, 26)
(11, 12, 18, 19, 25, 26)
(11, 13, 14, 23, 24, 26)
(11, 13, 15, 22, 24, 26)
(11, 13, 16, 21, 24, 26)
(11, 13, 17, 20, 24, 26)
(11, 13, 18, 19, 24, 26)
(11, 14, 15, 22, 23, 26)
(11, 14, 16, 21, 23, 26)
(11, 14, 17, 20, 23, 26)
(11, 14, 18, 19, 23, 26)
(11, 15, 16, 21, 22, 26)
(11, 15, 17, 20, 22, 26)
(11, 15, 18, 19, 22, 26)
(11, 16, 17, 20, 21, 26)
(11, 16, 18, 19, 21, 26)
(11, 17, 18, 19, 20, 26)
(12, 13, 14, 23, 24, 25)
(12, 13, 15, 22, 24, 25)
(12, 13, 16, 21, 24, 25)
(12, 13, 17, 20, 24, 25)
(12, 13, 18, 19, 24, 25)
(12, 14, 15, 22, 23, 25)
(12, 14, 16, 21, 23, 25)
(12, 14, 17, 20, 23, 25)
(12, 14, 18, 19, 23, 25)
(12, 15, 16, 21, 22, 25)
(12, 15, 17, 20, 22, 25)
(12, 15, 18, 19, 22, 25)
(12, 16, 17, 20, 21, 25)
(12, 16, 18, 19, 21, 25)
(12, 17, 18, 19, 20, 25)
(13, 14, 15, 22, 23, 24)
(13, 14, 16, 21, 23, 24)
(13, 14, 17, 20, 23, 24)
(13, 14, 18, 19, 23, 24)
(13, 15, 16, 21, 22, 24)
(13, 15, 17, 20, 22, 24)
(13, 15, 18, 19, 22, 24)
(13, 16, 17, 20, 21, 24)
(13, 16, 18, 19, 21, 24)
(13, 17, 18, 19, 20, 24)
(14, 15, 16, 21, 22, 23)
(14, 15, 17, 20, 22, 23)
(14, 15, 18, 19, 22, 23)
(14, 16, 17, 20, 21, 23)
(14, 16, 18, 19, 21, 23)
(14, 17, 18, 19, 20, 23)
(15, 16, 17, 20, 21, 22)
(15, 16, 18, 19, 21, 22)
(15, 17, 18, 19, 20, 22)
(16, 17, 18, 19, 20, 21)
}

Print all_are_pairs (contains 816 tuples): {
(2, 7, 8, 29, 30, 35)
(6, 11, 18, 19, 26, 31)
(6, 12, 15, 22, 25, 31)
(6, 16, 18, 19, 21, 31)
(2, 6, 18, 19, 31, 35)
(9, 14, 18, 19, 23, 28)
(5, 15, 17, 20, 22, 32)
(4, 15, 18, 19, 22, 33)
(9, 15, 16, 21, 22, 28)
(4, 5, 18, 19, 32, 33)
(1, 9, 11, 26, 28, 36)
(11, 12, 16, 21, 25, 26)
(16, 17, 18, 19, 20, 21)
(8, 11, 17, 20, 26, 29)
(2, 8, 12, 25, 29, 35)
(1, 7, 12, 25, 30, 36)
(4, 10, 16, 21, 27, 33)
(8, 10, 17, 20, 27, 29)
(7, 14, 17, 20, 23, 30)
(3, 4, 6, 31, 33, 34)
(4, 13, 14, 23, 24, 33)
(3, 7, 9, 28, 30, 34)
(8, 9, 12, 25, 28, 29)
(3, 5, 9, 28, 32, 34)
(2, 7, 13, 24, 30, 35)
(2, 14, 16, 21, 23, 35)
(1, 4, 13, 24, 33, 36)
(1, 5, 8, 29, 32, 36)
(5, 10, 14, 23, 27, 32)
(7, 8, 15, 22, 29, 30)
(1, 16, 18, 19, 21, 36)
(3, 4, 16, 21, 33, 34)
(4, 7, 18, 19, 30, 33)
(2, 8, 17, 20, 29, 35)
(1, 3, 8, 29, 34, 36)
(4, 6, 12, 25, 31, 33)
(12, 15, 17, 20, 22, 25)
(6, 9, 10, 27, 28, 31)
(3, 12, 16, 21, 25, 34)
(1, 8, 15, 22, 29, 36)
(2, 7, 18, 19, 30, 35)
(5, 11, 12, 25, 26, 32)
(8, 14, 16, 21, 23, 29)
(3, 9, 18, 19, 28, 34)
(2, 3, 17, 20, 34, 35)
(2, 6, 14, 23, 31, 35)
(3, 5, 7, 30, 32, 34)
(5, 9, 13, 24, 28, 32)
(6, 10, 16, 21, 27, 31)
(3, 11, 14, 23, 26, 34)
(4, 12, 18, 19, 25, 33)
(1, 5, 17, 20, 32, 36)
(6, 14, 16, 21, 23, 31)
(3, 6, 15, 22, 31, 34)
(5, 8, 14, 23, 29, 32)
(6, 7, 10, 27, 30, 31)
(4, 5, 17, 20, 32, 33)
(3, 7, 10, 27, 30, 34)
(4, 9, 11, 26, 28, 33)
(1, 9, 18, 19, 28, 36)
(7, 11, 12, 25, 26, 30)
(8, 9, 17, 20, 28, 29)
(5, 8, 11, 26, 29, 32)
(4, 14, 15, 22, 23, 33)
(2, 5, 18, 19, 32, 35)
(4, 15, 16, 21, 22, 33)
(3, 10, 13, 24, 27, 34)
(5, 13, 14, 23, 24, 32)
(1, 13, 16, 21, 24, 36)
(1, 3, 6, 31, 34, 36)
(12, 13, 16, 21, 24, 25)
(4, 6, 11, 26, 31, 33)
(5, 7, 12, 25, 30, 32)
(7, 13, 16, 21, 24, 30)
(1, 2, 9, 28, 35, 36)
(5, 6, 10, 27, 31, 32)
(1, 7, 14, 23, 30, 36)
(7, 10, 11, 26, 27, 30)
(6, 8, 14, 23, 29, 31)
(3, 9, 10, 27, 28, 34)
(10, 12, 13, 24, 25, 27)
(8, 10, 18, 19, 27, 29)
(12, 13, 15, 22, 24, 25)
(7, 9, 15, 22, 28, 30)
(1, 9, 17, 20, 28, 36)
(3, 5, 18, 19, 32, 34)
(4, 7, 13, 24, 30, 33)
(8, 10, 16, 21, 27, 29)
(8, 13, 14, 23, 24, 29)
(2, 8, 16, 21, 29, 35)
(2, 3, 8, 29, 34, 35)
(4, 6, 18, 19, 31, 33)
(11, 14, 17, 20, 23, 26)
(6, 8, 13, 24, 29, 31)
(4, 6, 10, 27, 31, 33)
(2, 13, 16, 21, 24, 35)
(4, 12, 17, 20, 25, 33)
(5, 9, 18, 19, 28, 32)
(1, 4, 11, 26, 33, 36)
(3, 11, 18, 19, 26, 34)
(2, 4, 12, 25, 33, 35)
(5, 6, 17, 20, 31, 32)
(12, 14, 18, 19, 23, 25)
(1, 11, 18, 19, 26, 36)
(4, 9, 18, 19, 28, 33)
(1, 11, 14, 23, 26, 36)
(5, 10, 12, 25, 27, 32)
(8, 11, 14, 23, 26, 29)
(6, 13, 17, 20, 24, 31)
(3, 5, 17, 20, 32, 34)
(2, 14, 15, 22, 23, 35)
(3, 7, 18, 19, 30, 34)
(3, 14, 18, 19, 23, 34)
(13, 14, 16, 21, 23, 24)
(2, 16, 18, 19, 21, 35)
(4, 9, 16, 21, 28, 33)
(1, 12, 18, 19, 25, 36)
(8, 14, 15, 22, 23, 29)
(10, 13, 16, 21, 24, 27)
(1, 4, 14, 23, 33, 36)
(3, 9, 11, 26, 28, 34)
(8, 12, 14, 23, 25, 29)
(2, 4, 10, 27, 33, 35)
(6, 12, 17, 20, 25, 31)
(13, 15, 16, 21, 22, 24)
(3, 11, 13, 24, 26, 34)
(2, 6, 12, 25, 31, 35)
(6, 15, 18, 19, 22, 31)
(2, 4, 11, 26, 33, 35)
(2, 6, 9, 28, 31, 35)
(6, 9, 13, 24, 28, 31)
(1, 8, 9, 28, 29, 36)
(3, 7, 13, 24, 30, 34)
(2, 9, 13, 24, 28, 35)
(1, 6, 7, 30, 31, 36)
(6, 9, 14, 23, 28, 31)
(1, 2, 11, 26, 35, 36)
(5, 7, 8, 29, 30, 32)
(5, 14, 17, 20, 23, 32)
(3, 6, 10, 27, 31, 34)
(6, 7, 16, 21, 30, 31)
(6, 10, 15, 22, 27, 31)
(3, 5, 12, 25, 32, 34)
(6, 7, 17, 20, 30, 31)
(3, 10, 17, 20, 27, 34)
(4, 10, 13, 24, 27, 33)
(5, 14, 15, 22, 23, 32)
(2, 5, 8, 29, 32, 35)
(11, 15, 16, 21, 22, 26)
(11, 13, 15, 22, 24, 26)
(6, 8, 10, 27, 29, 31)
(3, 4, 18, 19, 33, 34)
(8, 11, 13, 24, 26, 29)
(1, 3, 9, 28, 34, 36)
(7, 12, 17, 20, 25, 30)
(5, 7, 10, 27, 30, 32)
(13, 17, 18, 19, 20, 24)
(9, 14, 16, 21, 23, 28)
(2, 5, 9, 28, 32, 35)
(4, 8, 13, 24, 29, 33)
(6, 11, 17, 20, 26, 31)
(2, 10, 16, 21, 27, 35)
(3, 6, 17, 20, 31, 34)
(9, 15, 17, 20, 22, 28)
(2, 8, 10, 27, 29, 35)
(2, 10, 17, 20, 27, 35)
(7, 8, 13, 24, 29, 30)
(2, 4, 8, 29, 33, 35)
(1, 2, 7, 30, 35, 36)
(3, 12, 18, 19, 25, 34)
(1, 3, 15, 22, 34, 36)
(10, 11, 15, 22, 26, 27)
(1, 2, 3, 34, 35, 36)
(1, 5, 9, 28, 32, 36)
(8, 9, 10, 27, 28, 29)
(1, 12, 14, 23, 25, 36)
(7, 10, 13, 24, 27, 30)
(7, 14, 16, 21, 23, 30)
(1, 4, 12, 25, 33, 36)
(7, 12, 16, 21, 25, 30)
(4, 6, 8, 29, 31, 33)
(4, 7, 9, 28, 30, 33)
(10, 16, 18, 19, 21, 27)
(9, 12, 15, 22, 25, 28)
(4, 5, 14, 23, 32, 33)
(6, 10, 18, 19, 27, 31)
(1, 2, 8, 29, 35, 36)
(2, 12, 13, 24, 25, 35)
(4, 12, 15, 22, 25, 33)
(1, 8, 14, 23, 29, 36)
(9, 10, 15, 22, 27, 28)
(7, 11, 14, 23, 26, 30)
(3, 10, 18, 19, 27, 34)
(7, 9, 16, 21, 28, 30)
(2, 11, 17, 20, 26, 35)
(9, 10, 14, 23, 27, 28)
(4, 13, 17, 20, 24, 33)
(3, 7, 14, 23, 30, 34)
(3, 10, 11, 26, 27, 34)
(3, 9, 17, 20, 28, 34)
(3, 12, 14, 23, 25, 34)
(5, 6, 9, 28, 31, 32)
(4, 6, 17, 20, 31, 33)
(9, 12, 14, 23, 25, 28)
(4, 8, 18, 19, 29, 33)
(3, 9, 13, 24, 28, 34)
(3, 9, 15, 22, 28, 34)
(5, 12, 15, 22, 25, 32)
(1, 3, 13, 24, 34, 36)
(5, 11, 15, 22, 26, 32)
(5, 8, 10, 27, 29, 32)
(3, 4, 13, 24, 33, 34)
(3, 17, 18, 19, 20, 34)
(8, 12, 15, 22, 25, 29)
(1, 10, 14, 23, 27, 36)
(3, 14, 17, 20, 23, 34)
(9, 14, 17, 20, 23, 28)
(1, 12, 16, 21, 25, 36)
(5, 8, 16, 21, 29, 32)
(7, 8, 12, 25, 29, 30)
(3, 12, 13, 24, 25, 34)
(1, 2, 4, 33, 35, 36)
(3, 9, 14, 23, 28, 34)
(10, 14, 15, 22, 23, 27)
(1, 5, 15, 22, 32, 36)
(3, 4, 5, 32, 33, 34)
(1, 2, 18, 19, 35, 36)
(2, 11, 12, 25, 26, 35)
(6, 12, 16, 21, 25, 31)
(7, 9, 17, 20, 28, 30)
(11, 13, 14, 23, 24, 26)
(5, 8, 15, 22, 29, 32)
(2, 5, 12, 25, 32, 35)
(1, 10, 12, 25, 27, 36)
(5, 12, 16, 21, 25, 32)
(12, 14, 15, 22, 23, 25)
(1, 8, 17, 20, 29, 36)
(11, 13, 16, 21, 24, 26)
(10, 14, 18, 19, 23, 27)
(8, 10, 12, 25, 27, 29)
(1, 10, 11, 26, 27, 36)
(1, 10, 15, 22, 27, 36)
(1, 15, 17, 20, 22, 36)
(2, 8, 13, 24, 29, 35)
(5, 8, 13, 24, 29, 32)
(1, 2, 13, 24, 35, 36)
(15, 17, 18, 19, 20, 22)
(7, 14, 18, 19, 23, 30)
(13, 14, 18, 19, 23, 24)
(7, 9, 13, 24, 28, 30)
(3, 16, 17, 20, 21, 34)
(2, 3, 12, 25, 34, 35)
(3, 6, 9, 28, 31, 34)
(3, 7, 16, 21, 30, 34)
(3, 8, 15, 22, 29, 34)
(7, 8, 14, 23, 29, 30)
(1, 8, 16, 21, 29, 36)
(9, 11, 16, 21, 26, 28)
(4, 8, 12, 25, 29, 33)
(6, 11, 13, 24, 26, 31)
(2, 9, 15, 22, 28, 35)
(4, 14, 18, 19, 23, 33)
(2, 4, 14, 23, 33, 35)
(1, 15, 16, 21, 22, 36)
(2, 7, 17, 20, 30, 35)
(2, 4, 16, 21, 33, 35)
(2, 3, 7, 30, 34, 35)
(3, 6, 12, 25, 31, 34)
(6, 7, 8, 29, 30, 31)
(1, 4, 5, 32, 33, 36)
(2, 12, 14, 23, 25, 35)
(3, 11, 16, 21, 26, 34)
(5, 11, 17, 20, 26, 32)
(4, 14, 17, 20, 23, 33)
(11, 15, 18, 19, 22, 26)
(3, 13, 18, 19, 24, 34)
(4, 6, 7, 30, 31, 33)
(2, 3, 11, 26, 34, 35)
(3, 4, 17, 20, 33, 34)
(12, 17, 18, 19, 20, 25)
(10, 12, 15, 22, 25, 27)
(4, 5, 15, 22, 32, 33)
(7, 12, 14, 23, 25, 30)
(2, 6, 17, 20, 31, 35)
(1, 5, 10, 27, 32, 36)
(8, 11, 15, 22, 26, 29)
(8, 11, 16, 21, 26, 29)
(5, 8, 12, 25, 29, 32)
(4, 7, 14, 23, 30, 33)
(6, 12, 18, 19, 25, 31)
(6, 14, 17, 20, 23, 31)
(1, 17, 18, 19, 20, 36)
(2, 13, 15, 22, 24, 35)
(2, 10, 11, 26, 27, 35)
(4, 9, 12, 25, 28, 33)
(2, 3, 13, 24, 34, 35)
(4, 7, 15, 22, 30, 33)
(6, 7, 9, 28, 30, 31)
(3, 5, 6, 31, 32, 34)
(15, 16, 18, 19, 21, 22)
(14, 16, 18, 19, 21, 23)
(5, 16, 17, 20, 21, 32)
(3, 4, 7, 30, 33, 34)
(1, 8, 12, 25, 29, 36)
(2, 8, 15, 22, 29, 35)
(8, 9, 15, 22, 28, 29)
(4, 5, 13, 24, 32, 33)
(8, 13, 15, 22, 24, 29)
(1, 2, 12, 25, 35, 36)
(1, 11, 15, 22, 26, 36)
(8, 16, 18, 19, 21, 29)
(4, 10, 15, 22, 27, 33)
(14, 17, 18, 19, 20, 23)
(8, 10, 13, 24, 27, 29)
(7, 8, 11, 26, 29, 30)
(9, 10, 13, 24, 27, 28)
(5, 13, 16, 21, 24, 32)
(7, 9, 10, 27, 28, 30)
(4, 6, 15, 22, 31, 33)
(4, 8, 10, 27, 29, 33)
(11, 12, 14, 23, 25, 26)
(4, 11, 13, 24, 26, 33)
(7, 15, 18, 19, 22, 30)
(4, 9, 15, 22, 28, 33)
(9, 11, 17, 20, 26, 28)
(6, 11, 12, 25, 26, 31)
(9, 12, 17, 20, 25, 28)
(11, 15, 17, 20, 22, 26)
(3, 6, 13, 24, 31, 34)
(7, 9, 14, 23, 28, 30)
(6, 13, 16, 21, 24, 31)
(7, 15, 17, 20, 22, 30)
(3, 5, 11, 26, 32, 34)
(7, 13, 17, 20, 24, 30)
(5, 9, 10, 27, 28, 32)
(6, 7, 13, 24, 30, 31)
(8, 15, 17, 20, 22, 29)
(4, 13, 15, 22, 24, 33)
(7, 10, 16, 21, 27, 30)
(2, 12, 15, 22, 25, 35)
(4, 9, 17, 20, 28, 33)
(11, 14, 16, 21, 23, 26)
(2, 9, 12, 25, 28, 35)
(2, 4, 5, 32, 33, 35)
(4, 5, 9, 28, 32, 33)
(4, 13, 18, 19, 24, 33)
(1, 13, 14, 23, 24, 36)
(5, 7, 11, 26, 30, 32)
(6, 8, 16, 21, 29, 31)
(5, 7, 13, 24, 30, 32)
(10, 12, 14, 23, 25, 27)
(10, 13, 14, 23, 24, 27)
(8, 12, 16, 21, 25, 29)
(4, 12, 13, 24, 25, 33)
(8, 10, 11, 26, 27, 29)
(1, 7, 17, 20, 30, 36)
(2, 7, 15, 22, 30, 35)
(2, 9, 14, 23, 28, 35)
(9, 13, 18, 19, 24, 28)
(11, 14, 15, 22, 23, 26)
(7, 10, 18, 19, 27, 30)
(5, 8, 18, 19, 29, 32)
(1, 7, 8, 29, 30, 36)
(3, 10, 14, 23, 27, 34)
(1, 3, 12, 25, 34, 36)
(1, 10, 16, 21, 27, 36)
(1, 14, 16, 21, 23, 36)
(8, 9, 14, 23, 28, 29)
(7, 9, 11, 26, 28, 30)
(11, 12, 15, 22, 25, 26)
(6, 8, 15, 22, 29, 31)
(9, 17, 18, 19, 20, 28)
(13, 14, 17, 20, 23, 24)
(2, 10, 12, 25, 27, 35)
(6, 13, 18, 19, 24, 31)
(8, 15, 16, 21, 22, 29)
(2, 6, 16, 21, 31, 35)
(2, 10, 13, 24, 27, 35)
(1, 3, 5, 32, 34, 36)
(3, 13, 14, 23, 24, 34)
(4, 7, 8, 29, 30, 33)
(4, 16, 18, 19, 21, 33)
(10, 14, 17, 20, 23, 27)
(5, 10, 18, 19, 27, 32)
(9, 11, 13, 24, 26, 28)
(4, 8, 16, 21, 29, 33)
(3, 4, 10, 27, 33, 34)
(3, 12, 15, 22, 25, 34)
(6, 8, 12, 25, 29, 31)
(2, 3, 6, 31, 34, 35)
(2, 5, 11, 26, 32, 35)
(6, 15, 16, 21, 22, 31)
(5, 7, 14, 23, 30, 32)
(7, 16, 17, 20, 21, 30)
(9, 16, 18, 19, 21, 28)
(5, 8, 9, 28, 29, 32)
(2, 7, 16, 21, 30, 35)
(6, 15, 17, 20, 22, 31)
(8, 16, 17, 20, 21, 29)
(1, 8, 11, 26, 29, 36)
(4, 9, 10, 27, 28, 33)
(6, 14, 15, 22, 23, 31)
(9, 13, 15, 22, 24, 28)
(2, 5, 10, 27, 32, 35)
(3, 4, 11, 26, 33, 34)
(2, 8, 11, 26, 29, 35)
(2, 7, 10, 27, 30, 35)
(2, 8, 18, 19, 29, 35)
(14, 16, 17, 20, 21, 23)
(5, 6, 16, 21, 31, 32)
(5, 12, 13, 24, 25, 32)
(11, 12, 13, 24, 25, 26)
(1, 7, 18, 19, 30, 36)
(3, 13, 16, 21, 24, 34)
(10, 15, 18, 19, 22, 27)
(1, 12, 13, 24, 25, 36)
(7, 13, 18, 19, 24, 30)
(4, 12, 14, 23, 25, 33)
(8, 13, 16, 21, 24, 29)
(3, 6, 11, 26, 31, 34)
(3, 9, 12, 25, 28, 34)
(1, 9, 16, 21, 28, 36)
(3, 4, 9, 28, 33, 34)
(6, 16, 17, 20, 21, 31)
(1, 7, 16, 21, 30, 36)
(1, 6, 10, 27, 31, 36)
(1, 6, 14, 23, 31, 36)
(2, 4, 7, 30, 33, 35)
(6, 8, 11, 26, 29, 31)
(1, 5, 11, 26, 32, 36)
(3, 5, 15, 22, 32, 34)
(7, 16, 18, 19, 21, 30)
(5, 11, 13, 24, 26, 32)
(6, 7, 15, 22, 30, 31)
(5, 10, 17, 20, 27, 32)
(5, 6, 18, 19, 31, 32)
(6, 9, 18, 19, 28, 31)
(7, 8, 18, 19, 29, 30)
(4, 12, 16, 21, 25, 33)
(2, 3, 9, 28, 34, 35)
(3, 11, 12, 25, 26, 34)
(3, 8, 13, 24, 29, 34)
(2, 12, 18, 19, 25, 35)
(9, 12, 16, 21, 25, 28)
(8, 12, 17, 20, 25, 29)
(5, 16, 18, 19, 21, 32)
(1, 13, 18, 19, 24, 36)
(2, 13, 14, 23, 24, 35)
(1, 12, 15, 22, 25, 36)
(5, 17, 18, 19, 20, 32)
(2, 10, 18, 19, 27, 35)
(6, 11, 15, 22, 26, 31)
(3, 7, 12, 25, 30, 34)
(5, 6, 11, 26, 31, 32)
(7, 13, 15, 22, 24, 30)
(6, 13, 14, 23, 24, 31)
(1, 2, 14, 23, 35, 36)
(8, 9, 18, 19, 28, 29)
(3, 5, 16, 21, 32, 34)
(1, 5, 7, 30, 32, 36)
(3, 4, 15, 22, 33, 34)
(14, 15, 16, 21, 22, 23)
(1, 3, 14, 23, 34, 36)
(3, 11, 15, 22, 26, 34)
(4, 8, 14, 23, 29, 33)
(8, 11, 18, 19, 26, 29)
(7, 12, 18, 19, 25, 30)
(5, 15, 16, 21, 22, 32)
(3, 4, 12, 25, 33, 34)
(3, 13, 17, 20, 24, 34)
(1, 2, 17, 20, 35, 36)
(5, 9, 14, 23, 28, 32)
(2, 6, 8, 29, 31, 35)
(2, 12, 17, 20, 25, 35)
(1, 4, 17, 20, 33, 36)
(2, 9, 10, 27, 28, 35)
(1, 5, 16, 21, 32, 36)
(9, 10, 12, 25, 27, 28)
(6, 14, 18, 19, 23, 31)
(1, 15, 18, 19, 22, 36)
(1, 3, 17, 20, 34, 36)
(4, 5, 8, 29, 32, 33)
(3, 15, 16, 21, 22, 34)
(1, 10, 13, 24, 27, 36)
(1, 3, 18, 19, 34, 36)
(1, 5, 18, 19, 32, 36)
(4, 10, 18, 19, 27, 33)
(5, 6, 14, 23, 31, 32)
(1, 3, 16, 21, 34, 36)
(5, 9, 15, 22, 28, 32)
(10, 15, 17, 20, 22, 27)
(5, 14, 18, 19, 23, 32)
(5, 6, 8, 29, 31, 32)
(12, 14, 16, 21, 23, 25)
(1, 7, 9, 28, 30, 36)
(8, 9, 11, 26, 28, 29)
(6, 7, 14, 23, 30, 31)
(9, 10, 16, 21, 27, 28)
(2, 15, 16, 21, 22, 35)
(5, 8, 17, 20, 29, 32)
(4, 7, 16, 21, 30, 33)
(10, 11, 13, 24, 26, 27)
(2, 5, 17, 20, 32, 35)
(10, 12, 16, 21, 25, 27)
(6, 10, 11, 26, 27, 31)
(11, 13, 17, 20, 24, 26)
(10, 13, 18, 19, 24, 27)
(7, 9, 18, 19, 28, 30)
(5, 13, 17, 20, 24, 32)
(2, 12, 16, 21, 25, 35)
(3, 14, 16, 21, 23, 34)
(11, 17, 18, 19, 20, 26)
(7, 10, 17, 20, 27, 30)
(13, 14, 15, 22, 23, 24)
(1, 7, 10, 27, 30, 36)
(2, 6, 10, 27, 31, 35)
(15, 16, 17, 20, 21, 22)
(4, 9, 13, 24, 28, 33)
(2, 5, 15, 22, 32, 35)
(4, 11, 17, 20, 26, 33)
(14, 15, 18, 19, 22, 23)
(2, 3, 14, 23, 34, 35)
(5, 7, 17, 20, 30, 32)
(3, 15, 17, 20, 22, 34)
(10, 12, 17, 20, 25, 27)
(12, 13, 14, 23, 24, 25)
(3, 8, 17, 20, 29, 34)
(6, 11, 16, 21, 26, 31)
(5, 6, 7, 30, 31, 32)
(11, 14, 18, 19, 23, 26)
(3, 15, 18, 19, 22, 34)
(7, 9, 12, 25, 28, 30)
(7, 11, 17, 20, 26, 30)
(3, 10, 16, 21, 27, 34)
(5, 9, 11, 26, 28, 32)
(2, 3, 16, 21, 34, 35)
(2, 4, 17, 20, 33, 35)
(4, 9, 14, 23, 28, 33)
(1, 9, 10, 27, 28, 36)
(6, 9, 17, 20, 28, 31)
(2, 4, 9, 28, 33, 35)
(7, 12, 13, 24, 25, 30)
(8, 10, 14, 23, 27, 29)
(1, 9, 12, 25, 28, 36)
(2, 9, 17, 20, 28, 35)
(10, 13, 15, 22, 24, 27)
(8, 9, 16, 21, 28, 29)
(10, 11, 14, 23, 26, 27)
(2, 5, 16, 21, 32, 35)
(7, 8, 9, 28, 29, 30)
(4, 15, 17, 20, 22, 33)
(4, 5, 16, 21, 32, 33)
(5, 12, 17, 20, 25, 32)
(5, 13, 18, 19, 24, 32)
(2, 3, 10, 27, 34, 35)
(10, 17, 18, 19, 20, 27)
(9, 11, 12, 25, 26, 28)
(2, 5, 6, 31, 32, 35)
(1, 2, 16, 21, 35, 36)
(2, 5, 14, 23, 32, 35)
(9, 16, 17, 20, 21, 28)
(2, 4, 18, 19, 33, 35)
(4, 5, 10, 27, 32, 33)
(10, 15, 16, 21, 22, 27)
(13, 15, 17, 20, 22, 24)
(2, 6, 13, 24, 31, 35)
(4, 8, 15, 22, 29, 33)
(9, 13, 16, 21, 24, 28)
(2, 6, 15, 22, 31, 35)
(3, 6, 18, 19, 31, 34)
(11, 12, 17, 20, 25, 26)
(4, 16, 17, 20, 21, 33)
(10, 13, 17, 20, 24, 27)
(5, 6, 13, 24, 31, 32)
(2, 8, 14, 23, 29, 35)
(3, 4, 14, 23, 33, 34)
(2, 11, 18, 19, 26, 35)
(2, 3, 18, 19, 34, 35)
(3, 5, 10, 27, 32, 34)
(1, 6, 13, 24, 31, 36)
(4, 7, 12, 25, 30, 33)
(12, 15, 16, 21, 22, 25)
(3, 5, 8, 29, 32, 34)
(3, 6, 14, 23, 31, 34)
(10, 14, 16, 21, 23, 27)
(1, 2, 6, 31, 35, 36)
(1, 4, 18, 19, 33, 36)
(10, 11, 18, 19, 26, 27)
(1, 8, 13, 24, 29, 36)
(1, 11, 13, 24, 26, 36)
(9, 10, 17, 20, 27, 28)
(1, 7, 13, 24, 30, 36)
(5, 11, 16, 21, 26, 32)
(7, 8, 10, 27, 29, 30)
(5, 10, 15, 22, 27, 32)
(1, 4, 16, 21, 33, 36)
(1, 3, 10, 27, 34, 36)
(1, 5, 12, 25, 32, 36)
(8, 11, 12, 25, 26, 29)
(1, 7, 11, 26, 30, 36)
(4, 10, 11, 26, 27, 33)
(6, 9, 15, 22, 28, 31)
(7, 10, 14, 23, 27, 30)
(3, 5, 14, 23, 32, 34)
(1, 2, 15, 22, 35, 36)
(1, 16, 17, 20, 21, 36)
(10, 11, 12, 25, 26, 27)
(8, 12, 13, 24, 25, 29)
(1, 13, 15, 22, 24, 36)
(1, 6, 16, 21, 31, 36)
(1, 12, 17, 20, 25, 36)
(1, 5, 6, 31, 32, 36)
(5, 15, 18, 19, 22, 32)
(3, 8, 10, 27, 29, 34)
(1, 9, 15, 22, 28, 36)
(2, 3, 5, 32, 34, 35)
(2, 10, 14, 23, 27, 35)
(2, 5, 7, 30, 32, 35)
(12, 13, 17, 20, 24, 25)
(14, 15, 17, 20, 22, 23)
(2, 16, 17, 20, 21, 35)
(2, 6, 7, 30, 31, 35)
(12, 13, 18, 19, 24, 25)
(7, 11, 16, 21, 26, 30)
(6, 8, 18, 19, 29, 31)
(3, 14, 15, 22, 23, 34)
(6, 10, 12, 25, 27, 31)
(3, 7, 17, 20, 30, 34)
(5, 7, 18, 19, 30, 32)
(3, 16, 18, 19, 21, 34)
(1, 4, 15, 22, 33, 36)
(5, 10, 11, 26, 27, 32)
(2, 11, 13, 24, 26, 35)
(3, 6, 8, 29, 31, 34)
(7, 14, 15, 22, 23, 30)
(8, 17, 18, 19, 20, 29)
(4, 13, 16, 21, 24, 33)
(1, 4, 7, 30, 33, 36)
(5, 6, 12, 25, 31, 32)
(4, 5, 6, 31, 32, 33)
(6, 10, 13, 24, 27, 31)
(4, 6, 9, 28, 31, 33)
(1, 4, 8, 29, 33, 36)
(3, 8, 11, 26, 29, 34)
(1, 13, 17, 20, 24, 36)
(2, 11, 15, 22, 26, 35)
(5, 10, 16, 21, 27, 32)
(7, 11, 15, 22, 26, 30)
(1, 6, 18, 19, 31, 36)
(8, 15, 18, 19, 22, 29)
(13, 15, 18, 19, 22, 24)
(8, 10, 15, 22, 27, 29)
(4, 11, 12, 25, 26, 33)
(2, 4, 6, 31, 33, 35)
(5, 12, 14, 23, 25, 32)
(2, 9, 18, 19, 28, 35)
(1, 6, 11, 26, 31, 36)
(5, 7, 16, 21, 30, 32)
(3, 4, 8, 29, 33, 34)
(8, 13, 17, 20, 24, 29)
(6, 17, 18, 19, 20, 31)
(9, 13, 14, 23, 24, 28)
(2, 10, 15, 22, 27, 35)
(3, 8, 12, 25, 29, 34)
(4, 11, 18, 19, 26, 33)
(13, 16, 18, 19, 21, 24)
(2, 7, 9, 28, 30, 35)
(4, 5, 11, 26, 32, 33)
(1, 6, 9, 28, 31, 36)
(9, 11, 15, 22, 26, 28)
(7, 15, 16, 21, 22, 30)
(9, 11, 14, 23, 26, 28)
(2, 3, 4, 33, 34, 35)
(3, 8, 9, 28, 29, 34)
(6, 13, 15, 22, 24, 31)
(6, 9, 11, 26, 28, 31)
(6, 11, 14, 23, 26, 31)
(6, 10, 17, 20, 27, 31)
(8, 13, 18, 19, 24, 29)
(2, 8, 9, 28, 29, 35)
(2, 13, 17, 20, 24, 35)
(2, 7, 11, 26, 30, 35)
(7, 11, 18, 19, 26, 30)
(8, 12, 18, 19, 25, 29)
(10, 11, 17, 20, 26, 27)
(8, 14, 18, 19, 23, 29)
(7, 10, 15, 22, 27, 30)
(3, 10, 15, 22, 27, 34)
(7, 12, 15, 22, 25, 30)
(2, 14, 17, 20, 23, 35)
(2, 9, 16, 21, 28, 35)
(3, 6, 16, 21, 31, 34)
(3, 12, 17, 20, 25, 34)
(5, 7, 9, 28, 30, 32)
(1, 7, 15, 22, 30, 36)
(3, 8, 18, 19, 29, 34)
(4, 5, 7, 30, 32, 33)
(1, 2, 5, 32, 35, 36)
(1, 3, 4, 33, 34, 36)
(9, 10, 18, 19, 27, 28)
(2, 15, 17, 20, 22, 35)
(4, 8, 17, 20, 29, 33)
(3, 6, 7, 30, 31, 34)
(3, 11, 17, 20, 26, 34)
(4, 14, 16, 21, 23, 33)
(7, 10, 12, 25, 27, 30)
(1, 4, 6, 31, 33, 36)
(4, 6, 14, 23, 31, 33)
(8, 14, 17, 20, 23, 29)
(1, 10, 17, 20, 27, 36)
(1, 14, 15, 22, 23, 36)
(4, 10, 14, 23, 27, 33)
(4, 17, 18, 19, 20, 33)
(11, 12, 18, 19, 25, 26)
(1, 11, 12, 25, 26, 36)
(6, 8, 17, 20, 29, 31)
(2, 15, 18, 19, 22, 35)
(2, 3, 15, 22, 34, 35)
(1, 6, 8, 29, 31, 36)
(8, 9, 13, 24, 28, 29)
(4, 7, 10, 27, 30, 33)
(5, 11, 14, 23, 26, 32)
(3, 5, 13, 24, 32, 34)
(13, 16, 17, 20, 21, 24)
(7, 11, 13, 24, 26, 30)
(1, 14, 17, 20, 23, 36)
(5, 13, 15, 22, 24, 32)
(3, 8, 16, 21, 29, 34)
(6, 9, 12, 25, 28, 31)
(2, 13, 18, 19, 24, 35)
(5, 7, 15, 22, 30, 32)
(2, 11, 16, 21, 26, 35)
(11, 16, 18, 19, 21, 26)
(1, 5, 14, 23, 32, 36)
(4, 11, 15, 22, 26, 33)
(1, 4, 10, 27, 33, 36)
(1, 3, 7, 30, 34, 36)
(2, 7, 12, 25, 30, 35)
(11, 16, 17, 20, 21, 26)
(7, 8, 16, 21, 29, 30)
(5, 9, 16, 21, 28, 32)
(3, 10, 12, 25, 27, 34)
(9, 11, 18, 19, 26, 28)
(4, 11, 14, 23, 26, 33)
(12, 14, 17, 20, 23, 25)
(5, 9, 12, 25, 28, 32)
(1, 11, 17, 20, 26, 36)
(1, 6, 12, 25, 31, 36)
(2, 17, 18, 19, 20, 35)
(3, 7, 15, 22, 30, 34)
(2, 4, 15, 22, 33, 35)
(2, 6, 11, 26, 31, 35)
(1, 2, 10, 27, 35, 36)
(1, 8, 10, 27, 29, 36)
(7, 8, 17, 20, 29, 30)
(4, 10, 17, 20, 27, 33)
(12, 16, 17, 20, 21, 25)
(5, 14, 16, 21, 23, 32)
(4, 11, 16, 21, 26, 33)
(9, 10, 11, 26, 27, 28)
(4, 6, 13, 24, 31, 33)
(6, 12, 14, 23, 25, 31)
(6, 7, 18, 19, 30, 31)
(1, 6, 17, 20, 31, 36)
(9, 13, 17, 20, 24, 28)
(1, 6, 15, 22, 31, 36)
(5, 10, 13, 24, 27, 32)
(5, 9, 17, 20, 28, 32)
(6, 8, 9, 28, 29, 31)
(7, 17, 18, 19, 20, 30)
(9, 12, 18, 19, 25, 28)
(6, 7, 11, 26, 30, 31)
(1, 8, 18, 19, 29, 36)
(12, 16, 18, 19, 21, 25)
(1, 10, 18, 19, 27, 36)
(10, 12, 18, 19, 25, 27)
(7, 13, 14, 23, 24, 30)
(2, 5, 13, 24, 32, 35)
(10, 11, 16, 21, 26, 27)
(6, 12, 13, 24, 25, 31)
(5, 6, 15, 22, 31, 32)
(4, 10, 12, 25, 27, 33)
(1, 4, 9, 28, 33, 36)
(4, 7, 11, 26, 30, 33)
(3, 7, 8, 29, 30, 34)
(1, 5, 13, 24, 32, 36)
(6, 7, 12, 25, 30, 31)
(12, 15, 18, 19, 22, 25)
(4, 5, 12, 25, 32, 33)
(4, 8, 9, 28, 29, 33)
(5, 11, 18, 19, 26, 32)
(9, 12, 13, 24, 25, 28)
(10, 16, 17, 20, 21, 27)
(3, 13, 15, 22, 24, 34)
(4, 8, 11, 26, 29, 33)
(2, 9, 11, 26, 28, 35)
(1, 9, 14, 23, 28, 36)
(2, 7, 14, 23, 30, 35)
(2, 4, 13, 24, 33, 35)
(11, 13, 18, 19, 24, 26)
(6, 10, 14, 23, 27, 31)
(3, 9, 16, 21, 28, 34)
(3, 8, 14, 23, 29, 34)
(2, 11, 14, 23, 26, 35)
(6, 9, 16, 21, 28, 31)
(1, 11, 16, 21, 26, 36)
(1, 9, 13, 24, 28, 36)
(2, 14, 18, 19, 23, 35)
(5, 12, 18, 19, 25, 32)
(3, 7, 11, 26, 30, 34)
(4, 6, 16, 21, 31, 33)
(4, 7, 17, 20, 30, 33)
(9, 15, 18, 19, 22, 28)
(1, 14, 18, 19, 23, 36)
(1, 3, 11, 26, 34, 36)
(9, 14, 15, 22, 23, 28)
}

Print some_are_pairs (contains 0 tuples): {
}

Print none_are_pairs (contains 0 tuples): {
}

Print indecomposable (contains 0 tuples): {
}

Print decomposable but no pairs (contains 0 tuples): {
}

Print exceptional cycles (contains 0 tuples): {
}

method validate_set_V(37, 3) ran to completion.
