For m = 12769 and d = 57
The program took 0.011361122131347656 seconds to complete. 
The number of indecomposable tuple(s) is: 112

The indecomposable tuples are:
(1, 114, 227, 340, 453, 566, 679, 792, 905, 1018, 1131, 1244, 1357, 1470, 1583, 1696, 1809, 1922, 2035, 2148, 2261, 2374, 2487, 2600, 2713, 2826, 2939, 3052, 3165, 3278, 3391, 3504, 3617, 3730, 3843, 3956, 4069, 4182, 4295, 4408, 4521, 4634, 4747, 4860, 4973, 5086, 5199, 5312, 5425, 5538, 5651, 5764, 5877, 5990, 6103, 6216, 6329, -6327, -6214, -6101, -5988, -5875, -5762, -5649, -5536, -5423, -5310, -5197, -5084, -4971, -4858, -4745, -4632, -4519, -4406, -4293, -4180, -4067, -3954, -3841, -3728, -3615, -3502, -3389, -3276, -3163, -3050, -2937, -2824, -2711, -2598, -2485, -2372, -2259, -2146, -2033, -1920, -1807, -1694, -1581, -1468, -1355, -1242, -1129, -1016, -903, -790, -677, -564, -451, -338, -225, -113, -112) -> max value: 6329
(2, 115, 228, 341, 454, 567, 680, 793, 906, 1019, 1132, 1245, 1358, 1471, 1584, 1697, 1810, 1923, 2036, 2149, 2262, 2375, 2488, 2601, 2714, 2827, 2940, 3053, 3166, 3279, 3392, 3505, 3618, 3731, 3844, 3957, 4070, 4183, 4296, 4409, 4522, 4635, 4748, 4861, 4974, 5087, 5200, 5313, 5426, 5539, 5652, 5765, 5878, 5991, 6104, 6217, 6330, -6326, -6213, -6100, -5987, -5874, -5761, -5648, -5535, -5422, -5309, -5196, -5083, -4970, -4857, -4744, -4631, -4518, -4405, -4292, -4179, -4066, -3953, -3840, -3727, -3614, -3501, -3388, -3275, -3162, -3049, -2936, -2823, -2710, -2597, -2484, -2371, -2258, -2145, -2032, -1919, -1806, -1693, -1580, -1467, -1354, -1241, -1128, -1015, -902, -789, -676, -563, -450, -337, -226, -224, -111) -> max value: 6330
(3, 116, 229, 342, 455, 568, 681, 794, 907, 1020, 1133, 1246, 1359, 1472, 1585, 1698, 1811, 1924, 2037, 2150, 2263, 2376, 2489, 2602, 2715, 2828, 2941, 3054, 3167, 3280, 3393, 3506, 3619, 3732, 3845, 3958, 4071, 4184, 4297, 4410, 4523, 4636, 4749, 4862, 4975, 5088, 5201, 5314, 5427, 5540, 5653, 5766, 5879, 5992, 6105, 6218, 6331, -6325, -6212, -6099, -5986, -5873, -5760, -5647, -5534, -5421, -5308, -5195, -5082, -4969, -4856, -4743, -4630, -4517, -4404, -4291, -4178, -4065, -3952, -3839, -3726, -3613, -3500, -3387, -3274, -3161, -3048, -2935, -2822, -2709, -2596, -2483, -2370, -2257, -2144, -2031, -1918, -1805, -1692, -1579, -1466, -1353, -1240, -1127, -1014, -901, -788, -675, -562, -449, -339, -336, -223, -110) -> max value: 6331
(4, 117, 230, 343, 456, 569, 682, 795, 908, 1021, 1134, 1247, 1360, 1473, 1586, 1699, 1812, 1925, 2038, 2151, 2264, 2377, 2490, 2603, 2716, 2829, 2942, 3055, 3168, 3281, 3394, 3507, 3620, 3733, 3846, 3959, 4072, 4185, 4298, 4411, 4524, 4637, 4750, 4863, 4976, 5089, 5202, 5315, 5428, 5541, 5654, 5767, 5880, 5993, 6106, 6219, 6332, -6324, -6211, -6098, -5985, -5872, -5759, -5646, -5533, -5420, -5307, -5194, -5081, -4968, -4855, -4742, -4629, -4516, -4403, -4290, -4177, -4064, -3951, -3838, -3725, -3612, -3499, -3386, -3273, -3160, -3047, -2934, -2821, -2708, -2595, -2482, -2369, -2256, -2143, -2030, -1917, -1804, -1691, -1578, -1465, -1352, -1239, -1126, -1013, -900, -787, -674, -561, -452, -448, -335, -222, -109) -> max value: 6332
(5, 118, 231, 344, 457, 570, 683, 796, 909, 1022, 1135, 1248, 1361, 1474, 1587, 1700, 1813, 1926, 2039, 2152, 2265, 2378, 2491, 2604, 2717, 2830, 2943, 3056, 3169, 3282, 3395, 3508, 3621, 3734, 3847, 3960, 4073, 4186, 4299, 4412, 4525, 4638, 4751, 4864, 4977, 5090, 5203, 5316, 5429, 5542, 5655, 5768, 5881, 5994, 6107, 6220, 6333, -6323, -6210, -6097, -5984, -5871, -5758, -5645, -5532, -5419, -5306, -5193, -5080, -4967, -4854, -4741, -4628, -4515, -4402, -4289, -4176, -4063, -3950, -3837, -3724, -3611, -3498, -3385, -3272, -3159, -3046, -2933, -2820, -2707, -2594, -2481, -2368, -2255, -2142, -2029, -1916, -1803, -1690, -1577, -1464, -1351, -1238, -1125, -1012, -899, -786, -673, -565, -560, -447, -334, -221, -108) -> max value: 6333
(6, 119, 232, 345, 458, 571, 684, 797, 910, 1023, 1136, 1249, 1362, 1475, 1588, 1701, 1814, 1927, 2040, 2153, 2266, 2379, 2492, 2605, 2718, 2831, 2944, 3057, 3170, 3283, 3396, 3509, 3622, 3735, 3848, 3961, 4074, 4187, 4300, 4413, 4526, 4639, 4752, 4865, 4978, 5091, 5204, 5317, 5430, 5543, 5656, 5769, 5882, 5995, 6108, 6221, 6334, -6322, -6209, -6096, -5983, -5870, -5757, -5644, -5531, -5418, -5305, -5192, -5079, -4966, -4853, -4740, -4627, -4514, -4401, -4288, -4175, -4062, -3949, -3836, -3723, -3610, -3497, -3384, -3271, -3158, -3045, -2932, -2819, -2706, -2593, -2480, -2367, -2254, -2141, -2028, -1915, -1802, -1689, -1576, -1463, -1350, -1237, -1124, -1011, -898, -785, -678, -672, -559, -446, -333, -220, -107) -> max value: 6334
(7, 120, 233, 346, 459, 572, 685, 798, 911, 1024, 1137, 1250, 1363, 1476, 1589, 1702, 1815, 1928, 2041, 2154, 2267, 2380, 2493, 2606, 2719, 2832, 2945, 3058, 3171, 3284, 3397, 3510, 3623, 3736, 3849, 3962, 4075, 4188, 4301, 4414, 4527, 4640, 4753, 4866, 4979, 5092, 5205, 5318, 5431, 5544, 5657, 5770, 5883, 5996, 6109, 6222, 6335, -6321, -6208, -6095, -5982, -5869, -5756, -5643, -5530, -5417, -5304, -5191, -5078, -4965, -4852, -4739, -4626, -4513, -4400, -4287, -4174, -4061, -3948, -3835, -3722, -3609, -3496, -3383, -3270, -3157, -3044, -2931, -2818, -2705, -2592, -2479, -2366, -2253, -2140, -2027, -1914, -1801, -1688, -1575, -1462, -1349, -1236, -1123, -1010, -897, -791, -784, -671, -558, -445, -332, -219, -106) -> max value: 6335
(8, 121, 234, 347, 460, 573, 686, 799, 912, 1025, 1138, 1251, 1364, 1477, 1590, 1703, 1816, 1929, 2042, 2155, 2268, 2381, 2494, 2607, 2720, 2833, 2946, 3059, 3172, 3285, 3398, 3511, 3624, 3737, 3850, 3963, 4076, 4189, 4302, 4415, 4528, 4641, 4754, 4867, 4980, 5093, 5206, 5319, 5432, 5545, 5658, 5771, 5884, 5997, 6110, 6223, 6336, -6320, -6207, -6094, -5981, -5868, -5755, -5642, -5529, -5416, -5303, -5190, -5077, -4964, -4851, -4738, -4625, -4512, -4399, -4286, -4173, -4060, -3947, -3834, -3721, -3608, -3495, -3382, -3269, -3156, -3043, -2930, -2817, -2704, -2591, -2478, -2365, -2252, -2139, -2026, -1913, -1800, -1687, -1574, -1461, -1348, -1235, -1122, -1009, -904, -896, -783, -670, -557, -444, -331, -218, -105) -> max value: 6336
(9, 122, 235, 348, 461, 574, 687, 800, 913, 1026, 1139, 1252, 1365, 1478, 1591, 1704, 1817, 1930, 2043, 2156, 2269, 2382, 2495, 2608, 2721, 2834, 2947, 3060, 3173, 3286, 3399, 3512, 3625, 3738, 3851, 3964, 4077, 4190, 4303, 4416, 4529, 4642, 4755, 4868, 4981, 5094, 5207, 5320, 5433, 5546, 5659, 5772, 5885, 5998, 6111, 6224, 6337, -6319, -6206, -6093, -5980, -5867, -5754, -5641, -5528, -5415, -5302, -5189, -5076, -4963, -4850, -4737, -4624, -4511, -4398, -4285, -4172, -4059, -3946, -3833, -3720, -3607, -3494, -3381, -3268, -3155, -3042, -2929, -2816, -2703, -2590, -2477, -2364, -2251, -2138, -2025, -1912, -1799, -1686, -1573, -1460, -1347, -1234, -1121, -1017, -1008, -895, -782, -669, -556, -443, -330, -217, -104) -> max value: 6337
(10, 123, 236, 349, 462, 575, 688, 801, 914, 1027, 1140, 1253, 1366, 1479, 1592, 1705, 1818, 1931, 2044, 2157, 2270, 2383, 2496, 2609, 2722, 2835, 2948, 3061, 3174, 3287, 3400, 3513, 3626, 3739, 3852, 3965, 4078, 4191, 4304, 4417, 4530, 4643, 4756, 4869, 4982, 5095, 5208, 5321, 5434, 5547, 5660, 5773, 5886, 5999, 6112, 6225, 6338, -6318, -6205, -6092, -5979, -5866, -5753, -5640, -5527, -5414, -5301, -5188, -5075, -4962, -4849, -4736, -4623, -4510, -4397, -4284, -4171, -4058, -3945, -3832, -3719, -3606, -3493, -3380, -3267, -3154, -3041, -2928, -2815, -2702, -2589, -2476, -2363, -2250, -2137, -2024, -1911, -1798, -1685, -1572, -1459, -1346, -1233, -1130, -1120, -1007, -894, -781, -668, -555, -442, -329, -216, -103) -> max value: 6338
(11, 124, 237, 350, 463, 576, 689, 802, 915, 1028, 1141, 1254, 1367, 1480, 1593, 1706, 1819, 1932, 2045, 2158, 2271, 2384, 2497, 2610, 2723, 2836, 2949, 3062, 3175, 3288, 3401, 3514, 3627, 3740, 3853, 3966, 4079, 4192, 4305, 4418, 4531, 4644, 4757, 4870, 4983, 5096, 5209, 5322, 5435, 5548, 5661, 5774, 5887, 6000, 6113, 6226, 6339, -6317, -6204, -6091, -5978, -5865, -5752, -5639, -5526, -5413, -5300, -5187, -5074, -4961, -4848, -4735, -4622, -4509, -4396, -4283, -4170, -4057, -3944, -3831, -3718, -3605, -3492, -3379, -3266, -3153, -3040, -2927, -2814, -2701, -2588, -2475, -2362, -2249, -2136, -2023, -1910, -1797, -1684, -1571, -1458, -1345, -1243, -1232, -1119, -1006, -893, -780, -667, -554, -441, -328, -215, -102) -> max value: 6339
(12, 125, 238, 351, 464, 577, 690, 803, 916, 1029, 1142, 1255, 1368, 1481, 1594, 1707, 1820, 1933, 2046, 2159, 2272, 2385, 2498, 2611, 2724, 2837, 2950, 3063, 3176, 3289, 3402, 3515, 3628, 3741, 3854, 3967, 4080, 4193, 4306, 4419, 4532, 4645, 4758, 4871, 4984, 5097, 5210, 5323, 5436, 5549, 5662, 5775, 5888, 6001, 6114, 6227, 6340, -6316, -6203, -6090, -5977, -5864, -5751, -5638, -5525, -5412, -5299, -5186, -5073, -4960, -4847, -4734, -4621, -4508, -4395, -4282, -4169, -4056, -3943, -3830, -3717, -3604, -3491, -3378, -3265, -3152, -3039, -2926, -2813, -2700, -2587, -2474, -2361, -2248, -2135, -2022, -1909, -1796, -1683, -1570, -1457, -1356, -1344, -1231, -1118, -1005, -892, -779, -666, -553, -440, -327, -214, -101) -> max value: 6340
(13, 126, 239, 352, 465, 578, 691, 804, 917, 1030, 1143, 1256, 1369, 1482, 1595, 1708, 1821, 1934, 2047, 2160, 2273, 2386, 2499, 2612, 2725, 2838, 2951, 3064, 3177, 3290, 3403, 3516, 3629, 3742, 3855, 3968, 4081, 4194, 4307, 4420, 4533, 4646, 4759, 4872, 4985, 5098, 5211, 5324, 5437, 5550, 5663, 5776, 5889, 6002, 6115, 6228, 6341, -6315, -6202, -6089, -5976, -5863, -5750, -5637, -5524, -5411, -5298, -5185, -5072, -4959, -4846, -4733, -4620, -4507, -4394, -4281, -4168, -4055, -3942, -3829, -3716, -3603, -3490, -3377, -3264, -3151, -3038, -2925, -2812, -2699, -2586, -2473, -2360, -2247, -2134, -2021, -1908, -1795, -1682, -1569, -1469, -1456, -1343, -1230, -1117, -1004, -891, -778, -665, -552, -439, -326, -213, -100) -> max value: 6341
(14, 127, 240, 353, 466, 579, 692, 805, 918, 1031, 1144, 1257, 1370, 1483, 1596, 1709, 1822, 1935, 2048, 2161, 2274, 2387, 2500, 2613, 2726, 2839, 2952, 3065, 3178, 3291, 3404, 3517, 3630, 3743, 3856, 3969, 4082, 4195, 4308, 4421, 4534, 4647, 4760, 4873, 4986, 5099, 5212, 5325, 5438, 5551, 5664, 5777, 5890, 6003, 6116, 6229, 6342, -6314, -6201, -6088, -5975, -5862, -5749, -5636, -5523, -5410, -5297, -5184, -5071, -4958, -4845, -4732, -4619, -4506, -4393, -4280, -4167, -4054, -3941, -3828, -3715, -3602, -3489, -3376, -3263, -3150, -3037, -2924, -2811, -2698, -2585, -2472, -2359, -2246, -2133, -2020, -1907, -1794, -1681, -1582, -1568, -1455, -1342, -1229, -1116, -1003, -890, -777, -664, -551, -438, -325, -212, -99) -> max value: 6342
(15, 128, 241, 354, 467, 580, 693, 806, 919, 1032, 1145, 1258, 1371, 1484, 1597, 1710, 1823, 1936, 2049, 2162, 2275, 2388, 2501, 2614, 2727, 2840, 2953, 3066, 3179, 3292, 3405, 3518, 3631, 3744, 3857, 3970, 4083, 4196, 4309, 4422, 4535, 4648, 4761, 4874, 4987, 5100, 5213, 5326, 5439, 5552, 5665, 5778, 5891, 6004, 6117, 6230, 6343, -6313, -6200, -6087, -5974, -5861, -5748, -5635, -5522, -5409, -5296, -5183, -5070, -4957, -4844, -4731, -4618, -4505, -4392, -4279, -4166, -4053, -3940, -3827, -3714, -3601, -3488, -3375, -3262, -3149, -3036, -2923, -2810, -2697, -2584, -2471, -2358, -2245, -2132, -2019, -1906, -1793, -1695, -1680, -1567, -1454, -1341, -1228, -1115, -1002, -889, -776, -663, -550, -437, -324, -211, -98) -> max value: 6343
(16, 129, 242, 355, 468, 581, 694, 807, 920, 1033, 1146, 1259, 1372, 1485, 1598, 1711, 1824, 1937, 2050, 2163, 2276, 2389, 2502, 2615, 2728, 2841, 2954, 3067, 3180, 3293, 3406, 3519, 3632, 3745, 3858, 3971, 4084, 4197, 4310, 4423, 4536, 4649, 4762, 4875, 4988, 5101, 5214, 5327, 5440, 5553, 5666, 5779, 5892, 6005, 6118, 6231, 6344, -6312, -6199, -6086, -5973, -5860, -5747, -5634, -5521, -5408, -5295, -5182, -5069, -4956, -4843, -4730, -4617, -4504, -4391, -4278, -4165, -4052, -3939, -3826, -3713, -3600, -3487, -3374, -3261, -3148, -3035, -2922, -2809, -2696, -2583, -2470, -2357, -2244, -2131, -2018, -1905, -1808, -1792, -1679, -1566, -1453, -1340, -1227, -1114, -1001, -888, -775, -662, -549, -436, -323, -210, -97) -> max value: 6344
(17, 130, 243, 356, 469, 582, 695, 808, 921, 1034, 1147, 1260, 1373, 1486, 1599, 1712, 1825, 1938, 2051, 2164, 2277, 2390, 2503, 2616, 2729, 2842, 2955, 3068, 3181, 3294, 3407, 3520, 3633, 3746, 3859, 3972, 4085, 4198, 4311, 4424, 4537, 4650, 4763, 4876, 4989, 5102, 5215, 5328, 5441, 5554, 5667, 5780, 5893, 6006, 6119, 6232, 6345, -6311, -6198, -6085, -5972, -5859, -5746, -5633, -5520, -5407, -5294, -5181, -5068, -4955, -4842, -4729, -4616, -4503, -4390, -4277, -4164, -4051, -3938, -3825, -3712, -3599, -3486, -3373, -3260, -3147, -3034, -2921, -2808, -2695, -2582, -2469, -2356, -2243, -2130, -2017, -1921, -1904, -1791, -1678, -1565, -1452, -1339, -1226, -1113, -1000, -887, -774, -661, -548, -435, -322, -209, -96) -> max value: 6345
(18, 131, 244, 357, 470, 583, 696, 809, 922, 1035, 1148, 1261, 1374, 1487, 1600, 1713, 1826, 1939, 2052, 2165, 2278, 2391, 2504, 2617, 2730, 2843, 2956, 3069, 3182, 3295, 3408, 3521, 3634, 3747, 3860, 3973, 4086, 4199, 4312, 4425, 4538, 4651, 4764, 4877, 4990, 5103, 5216, 5329, 5442, 5555, 5668, 5781, 5894, 6007, 6120, 6233, 6346, -6310, -6197, -6084, -5971, -5858, -5745, -5632, -5519, -5406, -5293, -5180, -5067, -4954, -4841, -4728, -4615, -4502, -4389, -4276, -4163, -4050, -3937, -3824, -3711, -3598, -3485, -3372, -3259, -3146, -3033, -2920, -2807, -2694, -2581, -2468, -2355, -2242, -2129, -2034, -2016, -1903, -1790, -1677, -1564, -1451, -1338, -1225, -1112, -999, -886, -773, -660, -547, -434, -321, -208, -95) -> max value: 6346
(19, 132, 245, 358, 471, 584, 697, 810, 923, 1036, 1149, 1262, 1375, 1488, 1601, 1714, 1827, 1940, 2053, 2166, 2279, 2392, 2505, 2618, 2731, 2844, 2957, 3070, 3183, 3296, 3409, 3522, 3635, 3748, 3861, 3974, 4087, 4200, 4313, 4426, 4539, 4652, 4765, 4878, 4991, 5104, 5217, 5330, 5443, 5556, 5669, 5782, 5895, 6008, 6121, 6234, 6347, -6309, -6196, -6083, -5970, -5857, -5744, -5631, -5518, -5405, -5292, -5179, -5066, -4953, -4840, -4727, -4614, -4501, -4388, -4275, -4162, -4049, -3936, -3823, -3710, -3597, -3484, -3371, -3258, -3145, -3032, -2919, -2806, -2693, -2580, -2467, -2354, -2241, -2147, -2128, -2015, -1902, -1789, -1676, -1563, -1450, -1337, -1224, -1111, -998, -885, -772, -659, -546, -433, -320, -207, -94) -> max value: 6347
(20, 133, 246, 359, 472, 585, 698, 811, 924, 1037, 1150, 1263, 1376, 1489, 1602, 1715, 1828, 1941, 2054, 2167, 2280, 2393, 2506, 2619, 2732, 2845, 2958, 3071, 3184, 3297, 3410, 3523, 3636, 3749, 3862, 3975, 4088, 4201, 4314, 4427, 4540, 4653, 4766, 4879, 4992, 5105, 5218, 5331, 5444, 5557, 5670, 5783, 5896, 6009, 6122, 6235, 6348, -6308, -6195, -6082, -5969, -5856, -5743, -5630, -5517, -5404, -5291, -5178, -5065, -4952, -4839, -4726, -4613, -4500, -4387, -4274, -4161, -4048, -3935, -3822, -3709, -3596, -3483, -3370, -3257, -3144, -3031, -2918, -2805, -2692, -2579, -2466, -2353, -2260, -2240, -2127, -2014, -1901, -1788, -1675, -1562, -1449, -1336, -1223, -1110, -997, -884, -771, -658, -545, -432, -319, -206, -93) -> max value: 6348
(21, 134, 247, 360, 473, 586, 699, 812, 925, 1038, 1151, 1264, 1377, 1490, 1603, 1716, 1829, 1942, 2055, 2168, 2281, 2394, 2507, 2620, 2733, 2846, 2959, 3072, 3185, 3298, 3411, 3524, 3637, 3750, 3863, 3976, 4089, 4202, 4315, 4428, 4541, 4654, 4767, 4880, 4993, 5106, 5219, 5332, 5445, 5558, 5671, 5784, 5897, 6010, 6123, 6236, 6349, -6307, -6194, -6081, -5968, -5855, -5742, -5629, -5516, -5403, -5290, -5177, -5064, -4951, -4838, -4725, -4612, -4499, -4386, -4273, -4160, -4047, -3934, -3821, -3708, -3595, -3482, -3369, -3256, -3143, -3030, -2917, -2804, -2691, -2578, -2465, -2373, -2352, -2239, -2126, -2013, -1900, -1787, -1674, -1561, -1448, -1335, -1222, -1109, -996, -883, -770, -657, -544, -431, -318, -205, -92) -> max value: 6349
(22, 135, 248, 361, 474, 587, 700, 813, 926, 1039, 1152, 1265, 1378, 1491, 1604, 1717, 1830, 1943, 2056, 2169, 2282, 2395, 2508, 2621, 2734, 2847, 2960, 3073, 3186, 3299, 3412, 3525, 3638, 3751, 3864, 3977, 4090, 4203, 4316, 4429, 4542, 4655, 4768, 4881, 4994, 5107, 5220, 5333, 5446, 5559, 5672, 5785, 5898, 6011, 6124, 6237, 6350, -6306, -6193, -6080, -5967, -5854, -5741, -5628, -5515, -5402, -5289, -5176, -5063, -4950, -4837, -4724, -4611, -4498, -4385, -4272, -4159, -4046, -3933, -3820, -3707, -3594, -3481, -3368, -3255, -3142, -3029, -2916, -2803, -2690, -2577, -2486, -2464, -2351, -2238, -2125, -2012, -1899, -1786, -1673, -1560, -1447, -1334, -1221, -1108, -995, -882, -769, -656, -543, -430, -317, -204, -91) -> max value: 6350
(23, 136, 249, 362, 475, 588, 701, 814, 927, 1040, 1153, 1266, 1379, 1492, 1605, 1718, 1831, 1944, 2057, 2170, 2283, 2396, 2509, 2622, 2735, 2848, 2961, 3074, 3187, 3300, 3413, 3526, 3639, 3752, 3865, 3978, 4091, 4204, 4317, 4430, 4543, 4656, 4769, 4882, 4995, 5108, 5221, 5334, 5447, 5560, 5673, 5786, 5899, 6012, 6125, 6238, 6351, -6305, -6192, -6079, -5966, -5853, -5740, -5627, -5514, -5401, -5288, -5175, -5062, -4949, -4836, -4723, -4610, -4497, -4384, -4271, -4158, -4045, -3932, -3819, -3706, -3593, -3480, -3367, -3254, -3141, -3028, -2915, -2802, -2689, -2599, -2576, -2463, -2350, -2237, -2124, -2011, -1898, -1785, -1672, -1559, -1446, -1333, -1220, -1107, -994, -881, -768, -655, -542, -429, -316, -203, -90) -> max value: 6351
(24, 137, 250, 363, 476, 589, 702, 815, 928, 1041, 1154, 1267, 1380, 1493, 1606, 1719, 1832, 1945, 2058, 2171, 2284, 2397, 2510, 2623, 2736, 2849, 2962, 3075, 3188, 3301, 3414, 3527, 3640, 3753, 3866, 3979, 4092, 4205, 4318, 4431, 4544, 4657, 4770, 4883, 4996, 5109, 5222, 5335, 5448, 5561, 5674, 5787, 5900, 6013, 6126, 6239, 6352, -6304, -6191, -6078, -5965, -5852, -5739, -5626, -5513, -5400, -5287, -5174, -5061, -4948, -4835, -4722, -4609, -4496, -4383, -4270, -4157, -4044, -3931, -3818, -3705, -3592, -3479, -3366, -3253, -3140, -3027, -2914, -2801, -2712, -2688, -2575, -2462, -2349, -2236, -2123, -2010, -1897, -1784, -1671, -1558, -1445, -1332, -1219, -1106, -993, -880, -767, -654, -541, -428, -315, -202, -89) -> max value: 6352
(25, 138, 251, 364, 477, 590, 703, 816, 929, 1042, 1155, 1268, 1381, 1494, 1607, 1720, 1833, 1946, 2059, 2172, 2285, 2398, 2511, 2624, 2737, 2850, 2963, 3076, 3189, 3302, 3415, 3528, 3641, 3754, 3867, 3980, 4093, 4206, 4319, 4432, 4545, 4658, 4771, 4884, 4997, 5110, 5223, 5336, 5449, 5562, 5675, 5788, 5901, 6014, 6127, 6240, 6353, -6303, -6190, -6077, -5964, -5851, -5738, -5625, -5512, -5399, -5286, -5173, -5060, -4947, -4834, -4721, -4608, -4495, -4382, -4269, -4156, -4043, -3930, -3817, -3704, -3591, -3478, -3365, -3252, -3139, -3026, -2913, -2825, -2800, -2687, -2574, -2461, -2348, -2235, -2122, -2009, -1896, -1783, -1670, -1557, -1444, -1331, -1218, -1105, -992, -879, -766, -653, -540, -427, -314, -201, -88) -> max value: 6353
(26, 139, 252, 365, 478, 591, 704, 817, 930, 1043, 1156, 1269, 1382, 1495, 1608, 1721, 1834, 1947, 2060, 2173, 2286, 2399, 2512, 2625, 2738, 2851, 2964, 3077, 3190, 3303, 3416, 3529, 3642, 3755, 3868, 3981, 4094, 4207, 4320, 4433, 4546, 4659, 4772, 4885, 4998, 5111, 5224, 5337, 5450, 5563, 5676, 5789, 5902, 6015, 6128, 6241, 6354, -6302, -6189, -6076, -5963, -5850, -5737, -5624, -5511, -5398, -5285, -5172, -5059, -4946, -4833, -4720, -4607, -4494, -4381, -4268, -4155, -4042, -3929, -3816, -3703, -3590, -3477, -3364, -3251, -3138, -3025, -2938, -2912, -2799, -2686, -2573, -2460, -2347, -2234, -2121, -2008, -1895, -1782, -1669, -1556, -1443, -1330, -1217, -1104, -991, -878, -765, -652, -539, -426, -313, -200, -87) -> max value: 6354
(27, 140, 253, 366, 479, 592, 705, 818, 931, 1044, 1157, 1270, 1383, 1496, 1609, 1722, 1835, 1948, 2061, 2174, 2287, 2400, 2513, 2626, 2739, 2852, 2965, 3078, 3191, 3304, 3417, 3530, 3643, 3756, 3869, 3982, 4095, 4208, 4321, 4434, 4547, 4660, 4773, 4886, 4999, 5112, 5225, 5338, 5451, 5564, 5677, 5790, 5903, 6016, 6129, 6242, 6355, -6301, -6188, -6075, -5962, -5849, -5736, -5623, -5510, -5397, -5284, -5171, -5058, -4945, -4832, -4719, -4606, -4493, -4380, -4267, -4154, -4041, -3928, -3815, -3702, -3589, -3476, -3363, -3250, -3137, -3051, -3024, -2911, -2798, -2685, -2572, -2459, -2346, -2233, -2120, -2007, -1894, -1781, -1668, -1555, -1442, -1329, -1216, -1103, -990, -877, -764, -651, -538, -425, -312, -199, -86) -> max value: 6355
(28, 141, 254, 367, 480, 593, 706, 819, 932, 1045, 1158, 1271, 1384, 1497, 1610, 1723, 1836, 1949, 2062, 2175, 2288, 2401, 2514, 2627, 2740, 2853, 2966, 3079, 3192, 3305, 3418, 3531, 3644, 3757, 3870, 3983, 4096, 4209, 4322, 4435, 4548, 4661, 4774, 4887, 5000, 5113, 5226, 5339, 5452, 5565, 5678, 5791, 5904, 6017, 6130, 6243, 6356, -6300, -6187, -6074, -5961, -5848, -5735, -5622, -5509, -5396, -5283, -5170, -5057, -4944, -4831, -4718, -4605, -4492, -4379, -4266, -4153, -4040, -3927, -3814, -3701, -3588, -3475, -3362, -3249, -3164, -3136, -3023, -2910, -2797, -2684, -2571, -2458, -2345, -2232, -2119, -2006, -1893, -1780, -1667, -1554, -1441, -1328, -1215, -1102, -989, -876, -763, -650, -537, -424, -311, -198, -85) -> max value: 6356
(29, 142, 255, 368, 481, 594, 707, 820, 933, 1046, 1159, 1272, 1385, 1498, 1611, 1724, 1837, 1950, 2063, 2176, 2289, 2402, 2515, 2628, 2741, 2854, 2967, 3080, 3193, 3306, 3419, 3532, 3645, 3758, 3871, 3984, 4097, 4210, 4323, 4436, 4549, 4662, 4775, 4888, 5001, 5114, 5227, 5340, 5453, 5566, 5679, 5792, 5905, 6018, 6131, 6244, 6357, -6299, -6186, -6073, -5960, -5847, -5734, -5621, -5508, -5395, -5282, -5169, -5056, -4943, -4830, -4717, -4604, -4491, -4378, -4265, -4152, -4039, -3926, -3813, -3700, -3587, -3474, -3361, -3277, -3248, -3135, -3022, -2909, -2796, -2683, -2570, -2457, -2344, -2231, -2118, -2005, -1892, -1779, -1666, -1553, -1440, -1327, -1214, -1101, -988, -875, -762, -649, -536, -423, -310, -197, -84) -> max value: 6357
(30, 143, 256, 369, 482, 595, 708, 821, 934, 1047, 1160, 1273, 1386, 1499, 1612, 1725, 1838, 1951, 2064, 2177, 2290, 2403, 2516, 2629, 2742, 2855, 2968, 3081, 3194, 3307, 3420, 3533, 3646, 3759, 3872, 3985, 4098, 4211, 4324, 4437, 4550, 4663, 4776, 4889, 5002, 5115, 5228, 5341, 5454, 5567, 5680, 5793, 5906, 6019, 6132, 6245, 6358, -6298, -6185, -6072, -5959, -5846, -5733, -5620, -5507, -5394, -5281, -5168, -5055, -4942, -4829, -4716, -4603, -4490, -4377, -4264, -4151, -4038, -3925, -3812, -3699, -3586, -3473, -3390, -3360, -3247, -3134, -3021, -2908, -2795, -2682, -2569, -2456, -2343, -2230, -2117, -2004, -1891, -1778, -1665, -1552, -1439, -1326, -1213, -1100, -987, -874, -761, -648, -535, -422, -309, -196, -83) -> max value: 6358
(31, 144, 257, 370, 483, 596, 709, 822, 935, 1048, 1161, 1274, 1387, 1500, 1613, 1726, 1839, 1952, 2065, 2178, 2291, 2404, 2517, 2630, 2743, 2856, 2969, 3082, 3195, 3308, 3421, 3534, 3647, 3760, 3873, 3986, 4099, 4212, 4325, 4438, 4551, 4664, 4777, 4890, 5003, 5116, 5229, 5342, 5455, 5568, 5681, 5794, 5907, 6020, 6133, 6246, 6359, -6297, -6184, -6071, -5958, -5845, -5732, -5619, -5506, -5393, -5280, -5167, -5054, -4941, -4828, -4715, -4602, -4489, -4376, -4263, -4150, -4037, -3924, -3811, -3698, -3585, -3503, -3472, -3359, -3246, -3133, -3020, -2907, -2794, -2681, -2568, -2455, -2342, -2229, -2116, -2003, -1890, -1777, -1664, -1551, -1438, -1325, -1212, -1099, -986, -873, -760, -647, -534, -421, -308, -195, -82) -> max value: 6359
(32, 145, 258, 371, 484, 597, 710, 823, 936, 1049, 1162, 1275, 1388, 1501, 1614, 1727, 1840, 1953, 2066, 2179, 2292, 2405, 2518, 2631, 2744, 2857, 2970, 3083, 3196, 3309, 3422, 3535, 3648, 3761, 3874, 3987, 4100, 4213, 4326, 4439, 4552, 4665, 4778, 4891, 5004, 5117, 5230, 5343, 5456, 5569, 5682, 5795, 5908, 6021, 6134, 6247, 6360, -6296, -6183, -6070, -5957, -5844, -5731, -5618, -5505, -5392, -5279, -5166, -5053, -4940, -4827, -4714, -4601, -4488, -4375, -4262, -4149, -4036, -3923, -3810, -3697, -3616, -3584, -3471, -3358, -3245, -3132, -3019, -2906, -2793, -2680, -2567, -2454, -2341, -2228, -2115, -2002, -1889, -1776, -1663, -1550, -1437, -1324, -1211, -1098, -985, -872, -759, -646, -533, -420, -307, -194, -81) -> max value: 6360
(33, 146, 259, 372, 485, 598, 711, 824, 937, 1050, 1163, 1276, 1389, 1502, 1615, 1728, 1841, 1954, 2067, 2180, 2293, 2406, 2519, 2632, 2745, 2858, 2971, 3084, 3197, 3310, 3423, 3536, 3649, 3762, 3875, 3988, 4101, 4214, 4327, 4440, 4553, 4666, 4779, 4892, 5005, 5118, 5231, 5344, 5457, 5570, 5683, 5796, 5909, 6022, 6135, 6248, 6361, -6295, -6182, -6069, -5956, -5843, -5730, -5617, -5504, -5391, -5278, -5165, -5052, -4939, -4826, -4713, -4600, -4487, -4374, -4261, -4148, -4035, -3922, -3809, -3729, -3696, -3583, -3470, -3357, -3244, -3131, -3018, -2905, -2792, -2679, -2566, -2453, -2340, -2227, -2114, -2001, -1888, -1775, -1662, -1549, -1436, -1323, -1210, -1097, -984, -871, -758, -645, -532, -419, -306, -193, -80) -> max value: 6361
(34, 147, 260, 373, 486, 599, 712, 825, 938, 1051, 1164, 1277, 1390, 1503, 1616, 1729, 1842, 1955, 2068, 2181, 2294, 2407, 2520, 2633, 2746, 2859, 2972, 3085, 3198, 3311, 3424, 3537, 3650, 3763, 3876, 3989, 4102, 4215, 4328, 4441, 4554, 4667, 4780, 4893, 5006, 5119, 5232, 5345, 5458, 5571, 5684, 5797, 5910, 6023, 6136, 6249, 6362, -6294, -6181, -6068, -5955, -5842, -5729, -5616, -5503, -5390, -5277, -5164, -5051, -4938, -4825, -4712, -4599, -4486, -4373, -4260, -4147, -4034, -3921, -3842, -3808, -3695, -3582, -3469, -3356, -3243, -3130, -3017, -2904, -2791, -2678, -2565, -2452, -2339, -2226, -2113, -2000, -1887, -1774, -1661, -1548, -1435, -1322, -1209, -1096, -983, -870, -757, -644, -531, -418, -305, -192, -79) -> max value: 6362
(35, 148, 261, 374, 487, 600, 713, 826, 939, 1052, 1165, 1278, 1391, 1504, 1617, 1730, 1843, 1956, 2069, 2182, 2295, 2408, 2521, 2634, 2747, 2860, 2973, 3086, 3199, 3312, 3425, 3538, 3651, 3764, 3877, 3990, 4103, 4216, 4329, 4442, 4555, 4668, 4781, 4894, 5007, 5120, 5233, 5346, 5459, 5572, 5685, 5798, 5911, 6024, 6137, 6250, 6363, -6293, -6180, -6067, -5954, -5841, -5728, -5615, -5502, -5389, -5276, -5163, -5050, -4937, -4824, -4711, -4598, -4485, -4372, -4259, -4146, -4033, -3955, -3920, -3807, -3694, -3581, -3468, -3355, -3242, -3129, -3016, -2903, -2790, -2677, -2564, -2451, -2338, -2225, -2112, -1999, -1886, -1773, -1660, -1547, -1434, -1321, -1208, -1095, -982, -869, -756, -643, -530, -417, -304, -191, -78) -> max value: 6363
(36, 149, 262, 375, 488, 601, 714, 827, 940, 1053, 1166, 1279, 1392, 1505, 1618, 1731, 1844, 1957, 2070, 2183, 2296, 2409, 2522, 2635, 2748, 2861, 2974, 3087, 3200, 3313, 3426, 3539, 3652, 3765, 3878, 3991, 4104, 4217, 4330, 4443, 4556, 4669, 4782, 4895, 5008, 5121, 5234, 5347, 5460, 5573, 5686, 5799, 5912, 6025, 6138, 6251, 6364, -6292, -6179, -6066, -5953, -5840, -5727, -5614, -5501, -5388, -5275, -5162, -5049, -4936, -4823, -4710, -4597, -4484, -4371, -4258, -4145, -4068, -4032, -3919, -3806, -3693, -3580, -3467, -3354, -3241, -3128, -3015, -2902, -2789, -2676, -2563, -2450, -2337, -2224, -2111, -1998, -1885, -1772, -1659, -1546, -1433, -1320, -1207, -1094, -981, -868, -755, -642, -529, -416, -303, -190, -77) -> max value: 6364
(37, 150, 263, 376, 489, 602, 715, 828, 941, 1054, 1167, 1280, 1393, 1506, 1619, 1732, 1845, 1958, 2071, 2184, 2297, 2410, 2523, 2636, 2749, 2862, 2975, 3088, 3201, 3314, 3427, 3540, 3653, 3766, 3879, 3992, 4105, 4218, 4331, 4444, 4557, 4670, 4783, 4896, 5009, 5122, 5235, 5348, 5461, 5574, 5687, 5800, 5913, 6026, 6139, 6252, 6365, -6291, -6178, -6065, -5952, -5839, -5726, -5613, -5500, -5387, -5274, -5161, -5048, -4935, -4822, -4709, -4596, -4483, -4370, -4257, -4181, -4144, -4031, -3918, -3805, -3692, -3579, -3466, -3353, -3240, -3127, -3014, -2901, -2788, -2675, -2562, -2449, -2336, -2223, -2110, -1997, -1884, -1771, -1658, -1545, -1432, -1319, -1206, -1093, -980, -867, -754, -641, -528, -415, -302, -189, -76) -> max value: 6365
(38, 151, 264, 377, 490, 603, 716, 829, 942, 1055, 1168, 1281, 1394, 1507, 1620, 1733, 1846, 1959, 2072, 2185, 2298, 2411, 2524, 2637, 2750, 2863, 2976, 3089, 3202, 3315, 3428, 3541, 3654, 3767, 3880, 3993, 4106, 4219, 4332, 4445, 4558, 4671, 4784, 4897, 5010, 5123, 5236, 5349, 5462, 5575, 5688, 5801, 5914, 6027, 6140, 6253, 6366, -6290, -6177, -6064, -5951, -5838, -5725, -5612, -5499, -5386, -5273, -5160, -5047, -4934, -4821, -4708, -4595, -4482, -4369, -4294, -4256, -4143, -4030, -3917, -3804, -3691, -3578, -3465, -3352, -3239, -3126, -3013, -2900, -2787, -2674, -2561, -2448, -2335, -2222, -2109, -1996, -1883, -1770, -1657, -1544, -1431, -1318, -1205, -1092, -979, -866, -753, -640, -527, -414, -301, -188, -75) -> max value: 6366
(39, 152, 265, 378, 491, 604, 717, 830, 943, 1056, 1169, 1282, 1395, 1508, 1621, 1734, 1847, 1960, 2073, 2186, 2299, 2412, 2525, 2638, 2751, 2864, 2977, 3090, 3203, 3316, 3429, 3542, 3655, 3768, 3881, 3994, 4107, 4220, 4333, 4446, 4559, 4672, 4785, 4898, 5011, 5124, 5237, 5350, 5463, 5576, 5689, 5802, 5915, 6028, 6141, 6254, 6367, -6289, -6176, -6063, -5950, -5837, -5724, -5611, -5498, -5385, -5272, -5159, -5046, -4933, -4820, -4707, -4594, -4481, -4407, -4368, -4255, -4142, -4029, -3916, -3803, -3690, -3577, -3464, -3351, -3238, -3125, -3012, -2899, -2786, -2673, -2560, -2447, -2334, -2221, -2108, -1995, -1882, -1769, -1656, -1543, -1430, -1317, -1204, -1091, -978, -865, -752, -639, -526, -413, -300, -187, -74) -> max value: 6367
(40, 153, 266, 379, 492, 605, 718, 831, 944, 1057, 1170, 1283, 1396, 1509, 1622, 1735, 1848, 1961, 2074, 2187, 2300, 2413, 2526, 2639, 2752, 2865, 2978, 3091, 3204, 3317, 3430, 3543, 3656, 3769, 3882, 3995, 4108, 4221, 4334, 4447, 4560, 4673, 4786, 4899, 5012, 5125, 5238, 5351, 5464, 5577, 5690, 5803, 5916, 6029, 6142, 6255, 6368, -6288, -6175, -6062, -5949, -5836, -5723, -5610, -5497, -5384, -5271, -5158, -5045, -4932, -4819, -4706, -4593, -4520, -4480, -4367, -4254, -4141, -4028, -3915, -3802, -3689, -3576, -3463, -3350, -3237, -3124, -3011, -2898, -2785, -2672, -2559, -2446, -2333, -2220, -2107, -1994, -1881, -1768, -1655, -1542, -1429, -1316, -1203, -1090, -977, -864, -751, -638, -525, -412, -299, -186, -73) -> max value: 6368
(41, 154, 267, 380, 493, 606, 719, 832, 945, 1058, 1171, 1284, 1397, 1510, 1623, 1736, 1849, 1962, 2075, 2188, 2301, 2414, 2527, 2640, 2753, 2866, 2979, 3092, 3205, 3318, 3431, 3544, 3657, 3770, 3883, 3996, 4109, 4222, 4335, 4448, 4561, 4674, 4787, 4900, 5013, 5126, 5239, 5352, 5465, 5578, 5691, 5804, 5917, 6030, 6143, 6256, 6369, -6287, -6174, -6061, -5948, -5835, -5722, -5609, -5496, -5383, -5270, -5157, -5044, -4931, -4818, -4705, -4633, -4592, -4479, -4366, -4253, -4140, -4027, -3914, -3801, -3688, -3575, -3462, -3349, -3236, -3123, -3010, -2897, -2784, -2671, -2558, -2445, -2332, -2219, -2106, -1993, -1880, -1767, -1654, -1541, -1428, -1315, -1202, -1089, -976, -863, -750, -637, -524, -411, -298, -185, -72) -> max value: 6369
(42, 155, 268, 381, 494, 607, 720, 833, 946, 1059, 1172, 1285, 1398, 1511, 1624, 1737, 1850, 1963, 2076, 2189, 2302, 2415, 2528, 2641, 2754, 2867, 2980, 3093, 3206, 3319, 3432, 3545, 3658, 3771, 3884, 3997, 4110, 4223, 4336, 4449, 4562, 4675, 4788, 4901, 5014, 5127, 5240, 5353, 5466, 5579, 5692, 5805, 5918, 6031, 6144, 6257, 6370, -6286, -6173, -6060, -5947, -5834, -5721, -5608, -5495, -5382, -5269, -5156, -5043, -4930, -4817, -4746, -4704, -4591, -4478, -4365, -4252, -4139, -4026, -3913, -3800, -3687, -3574, -3461, -3348, -3235, -3122, -3009, -2896, -2783, -2670, -2557, -2444, -2331, -2218, -2105, -1992, -1879, -1766, -1653, -1540, -1427, -1314, -1201, -1088, -975, -862, -749, -636, -523, -410, -297, -184, -71) -> max value: 6370
(43, 156, 269, 382, 495, 608, 721, 834, 947, 1060, 1173, 1286, 1399, 1512, 1625, 1738, 1851, 1964, 2077, 2190, 2303, 2416, 2529, 2642, 2755, 2868, 2981, 3094, 3207, 3320, 3433, 3546, 3659, 3772, 3885, 3998, 4111, 4224, 4337, 4450, 4563, 4676, 4789, 4902, 5015, 5128, 5241, 5354, 5467, 5580, 5693, 5806, 5919, 6032, 6145, 6258, 6371, -6285, -6172, -6059, -5946, -5833, -5720, -5607, -5494, -5381, -5268, -5155, -5042, -4929, -4859, -4816, -4703, -4590, -4477, -4364, -4251, -4138, -4025, -3912, -3799, -3686, -3573, -3460, -3347, -3234, -3121, -3008, -2895, -2782, -2669, -2556, -2443, -2330, -2217, -2104, -1991, -1878, -1765, -1652, -1539, -1426, -1313, -1200, -1087, -974, -861, -748, -635, -522, -409, -296, -183, -70) -> max value: 6371
(44, 157, 270, 383, 496, 609, 722, 835, 948, 1061, 1174, 1287, 1400, 1513, 1626, 1739, 1852, 1965, 2078, 2191, 2304, 2417, 2530, 2643, 2756, 2869, 2982, 3095, 3208, 3321, 3434, 3547, 3660, 3773, 3886, 3999, 4112, 4225, 4338, 4451, 4564, 4677, 4790, 4903, 5016, 5129, 5242, 5355, 5468, 5581, 5694, 5807, 5920, 6033, 6146, 6259, 6372, -6284, -6171, -6058, -5945, -5832, -5719, -5606, -5493, -5380, -5267, -5154, -5041, -4972, -4928, -4815, -4702, -4589, -4476, -4363, -4250, -4137, -4024, -3911, -3798, -3685, -3572, -3459, -3346, -3233, -3120, -3007, -2894, -2781, -2668, -2555, -2442, -2329, -2216, -2103, -1990, -1877, -1764, -1651, -1538, -1425, -1312, -1199, -1086, -973, -860, -747, -634, -521, -408, -295, -182, -69) -> max value: 6372
(45, 158, 271, 384, 497, 610, 723, 836, 949, 1062, 1175, 1288, 1401, 1514, 1627, 1740, 1853, 1966, 2079, 2192, 2305, 2418, 2531, 2644, 2757, 2870, 2983, 3096, 3209, 3322, 3435, 3548, 3661, 3774, 3887, 4000, 4113, 4226, 4339, 4452, 4565, 4678, 4791, 4904, 5017, 5130, 5243, 5356, 5469, 5582, 5695, 5808, 5921, 6034, 6147, 6260, 6373, -6283, -6170, -6057, -5944, -5831, -5718, -5605, -5492, -5379, -5266, -5153, -5085, -5040, -4927, -4814, -4701, -4588, -4475, -4362, -4249, -4136, -4023, -3910, -3797, -3684, -3571, -3458, -3345, -3232, -3119, -3006, -2893, -2780, -2667, -2554, -2441, -2328, -2215, -2102, -1989, -1876, -1763, -1650, -1537, -1424, -1311, -1198, -1085, -972, -859, -746, -633, -520, -407, -294, -181, -68) -> max value: 6373
(46, 159, 272, 385, 498, 611, 724, 837, 950, 1063, 1176, 1289, 1402, 1515, 1628, 1741, 1854, 1967, 2080, 2193, 2306, 2419, 2532, 2645, 2758, 2871, 2984, 3097, 3210, 3323, 3436, 3549, 3662, 3775, 3888, 4001, 4114, 4227, 4340, 4453, 4566, 4679, 4792, 4905, 5018, 5131, 5244, 5357, 5470, 5583, 5696, 5809, 5922, 6035, 6148, 6261, 6374, -6282, -6169, -6056, -5943, -5830, -5717, -5604, -5491, -5378, -5265, -5198, -5152, -5039, -4926, -4813, -4700, -4587, -4474, -4361, -4248, -4135, -4022, -3909, -3796, -3683, -3570, -3457, -3344, -3231, -3118, -3005, -2892, -2779, -2666, -2553, -2440, -2327, -2214, -2101, -1988, -1875, -1762, -1649, -1536, -1423, -1310, -1197, -1084, -971, -858, -745, -632, -519, -406, -293, -180, -67) -> max value: 6374
(47, 160, 273, 386, 499, 612, 725, 838, 951, 1064, 1177, 1290, 1403, 1516, 1629, 1742, 1855, 1968, 2081, 2194, 2307, 2420, 2533, 2646, 2759, 2872, 2985, 3098, 3211, 3324, 3437, 3550, 3663, 3776, 3889, 4002, 4115, 4228, 4341, 4454, 4567, 4680, 4793, 4906, 5019, 5132, 5245, 5358, 5471, 5584, 5697, 5810, 5923, 6036, 6149, 6262, 6375, -6281, -6168, -6055, -5942, -5829, -5716, -5603, -5490, -5377, -5311, -5264, -5151, -5038, -4925, -4812, -4699, -4586, -4473, -4360, -4247, -4134, -4021, -3908, -3795, -3682, -3569, -3456, -3343, -3230, -3117, -3004, -2891, -2778, -2665, -2552, -2439, -2326, -2213, -2100, -1987, -1874, -1761, -1648, -1535, -1422, -1309, -1196, -1083, -970, -857, -744, -631, -518, -405, -292, -179, -66) -> max value: 6375
(48, 161, 274, 387, 500, 613, 726, 839, 952, 1065, 1178, 1291, 1404, 1517, 1630, 1743, 1856, 1969, 2082, 2195, 2308, 2421, 2534, 2647, 2760, 2873, 2986, 3099, 3212, 3325, 3438, 3551, 3664, 3777, 3890, 4003, 4116, 4229, 4342, 4455, 4568, 4681, 4794, 4907, 5020, 5133, 5246, 5359, 5472, 5585, 5698, 5811, 5924, 6037, 6150, 6263, 6376, -6280, -6167, -6054, -5941, -5828, -5715, -5602, -5489, -5424, -5376, -5263, -5150, -5037, -4924, -4811, -4698, -4585, -4472, -4359, -4246, -4133, -4020, -3907, -3794, -3681, -3568, -3455, -3342, -3229, -3116, -3003, -2890, -2777, -2664, -2551, -2438, -2325, -2212, -2099, -1986, -1873, -1760, -1647, -1534, -1421, -1308, -1195, -1082, -969, -856, -743, -630, -517, -404, -291, -178, -65) -> max value: 6376
(49, 162, 275, 388, 501, 614, 727, 840, 953, 1066, 1179, 1292, 1405, 1518, 1631, 1744, 1857, 1970, 2083, 2196, 2309, 2422, 2535, 2648, 2761, 2874, 2987, 3100, 3213, 3326, 3439, 3552, 3665, 3778, 3891, 4004, 4117, 4230, 4343, 4456, 4569, 4682, 4795, 4908, 5021, 5134, 5247, 5360, 5473, 5586, 5699, 5812, 5925, 6038, 6151, 6264, 6377, -6279, -6166, -6053, -5940, -5827, -5714, -5601, -5537, -5488, -5375, -5262, -5149, -5036, -4923, -4810, -4697, -4584, -4471, -4358, -4245, -4132, -4019, -3906, -3793, -3680, -3567, -3454, -3341, -3228, -3115, -3002, -2889, -2776, -2663, -2550, -2437, -2324, -2211, -2098, -1985, -1872, -1759, -1646, -1533, -1420, -1307, -1194, -1081, -968, -855, -742, -629, -516, -403, -290, -177, -64) -> max value: 6377
(50, 163, 276, 389, 502, 615, 728, 841, 954, 1067, 1180, 1293, 1406, 1519, 1632, 1745, 1858, 1971, 2084, 2197, 2310, 2423, 2536, 2649, 2762, 2875, 2988, 3101, 3214, 3327, 3440, 3553, 3666, 3779, 3892, 4005, 4118, 4231, 4344, 4457, 4570, 4683, 4796, 4909, 5022, 5135, 5248, 5361, 5474, 5587, 5700, 5813, 5926, 6039, 6152, 6265, 6378, -6278, -6165, -6052, -5939, -5826, -5713, -5650, -5600, -5487, -5374, -5261, -5148, -5035, -4922, -4809, -4696, -4583, -4470, -4357, -4244, -4131, -4018, -3905, -3792, -3679, -3566, -3453, -3340, -3227, -3114, -3001, -2888, -2775, -2662, -2549, -2436, -2323, -2210, -2097, -1984, -1871, -1758, -1645, -1532, -1419, -1306, -1193, -1080, -967, -854, -741, -628, -515, -402, -289, -176, -63) -> max value: 6378
(51, 164, 277, 390, 503, 616, 729, 842, 955, 1068, 1181, 1294, 1407, 1520, 1633, 1746, 1859, 1972, 2085, 2198, 2311, 2424, 2537, 2650, 2763, 2876, 2989, 3102, 3215, 3328, 3441, 3554, 3667, 3780, 3893, 4006, 4119, 4232, 4345, 4458, 4571, 4684, 4797, 4910, 5023, 5136, 5249, 5362, 5475, 5588, 5701, 5814, 5927, 6040, 6153, 6266, 6379, -6277, -6164, -6051, -5938, -5825, -5763, -5712, -5599, -5486, -5373, -5260, -5147, -5034, -4921, -4808, -4695, -4582, -4469, -4356, -4243, -4130, -4017, -3904, -3791, -3678, -3565, -3452, -3339, -3226, -3113, -3000, -2887, -2774, -2661, -2548, -2435, -2322, -2209, -2096, -1983, -1870, -1757, -1644, -1531, -1418, -1305, -1192, -1079, -966, -853, -740, -627, -514, -401, -288, -175, -62) -> max value: 6379
(52, 165, 278, 391, 504, 617, 730, 843, 956, 1069, 1182, 1295, 1408, 1521, 1634, 1747, 1860, 1973, 2086, 2199, 2312, 2425, 2538, 2651, 2764, 2877, 2990, 3103, 3216, 3329, 3442, 3555, 3668, 3781, 3894, 4007, 4120, 4233, 4346, 4459, 4572, 4685, 4798, 4911, 5024, 5137, 5250, 5363, 5476, 5589, 5702, 5815, 5928, 6041, 6154, 6267, 6380, -6276, -6163, -6050, -5937, -5876, -5824, -5711, -5598, -5485, -5372, -5259, -5146, -5033, -4920, -4807, -4694, -4581, -4468, -4355, -4242, -4129, -4016, -3903, -3790, -3677, -3564, -3451, -3338, -3225, -3112, -2999, -2886, -2773, -2660, -2547, -2434, -2321, -2208, -2095, -1982, -1869, -1756, -1643, -1530, -1417, -1304, -1191, -1078, -965, -852, -739, -626, -513, -400, -287, -174, -61) -> max value: 6380
(53, 166, 279, 392, 505, 618, 731, 844, 957, 1070, 1183, 1296, 1409, 1522, 1635, 1748, 1861, 1974, 2087, 2200, 2313, 2426, 2539, 2652, 2765, 2878, 2991, 3104, 3217, 3330, 3443, 3556, 3669, 3782, 3895, 4008, 4121, 4234, 4347, 4460, 4573, 4686, 4799, 4912, 5025, 5138, 5251, 5364, 5477, 5590, 5703, 5816, 5929, 6042, 6155, 6268, 6381, -6275, -6162, -6049, -5989, -5936, -5823, -5710, -5597, -5484, -5371, -5258, -5145, -5032, -4919, -4806, -4693, -4580, -4467, -4354, -4241, -4128, -4015, -3902, -3789, -3676, -3563, -3450, -3337, -3224, -3111, -2998, -2885, -2772, -2659, -2546, -2433, -2320, -2207, -2094, -1981, -1868, -1755, -1642, -1529, -1416, -1303, -1190, -1077, -964, -851, -738, -625, -512, -399, -286, -173, -60) -> max value: 6381
(54, 167, 280, 393, 506, 619, 732, 845, 958, 1071, 1184, 1297, 1410, 1523, 1636, 1749, 1862, 1975, 2088, 2201, 2314, 2427, 2540, 2653, 2766, 2879, 2992, 3105, 3218, 3331, 3444, 3557, 3670, 3783, 3896, 4009, 4122, 4235, 4348, 4461, 4574, 4687, 4800, 4913, 5026, 5139, 5252, 5365, 5478, 5591, 5704, 5817, 5930, 6043, 6156, 6269, 6382, -6274, -6161, -6102, -6048, -5935, -5822, -5709, -5596, -5483, -5370, -5257, -5144, -5031, -4918, -4805, -4692, -4579, -4466, -4353, -4240, -4127, -4014, -3901, -3788, -3675, -3562, -3449, -3336, -3223, -3110, -2997, -2884, -2771, -2658, -2545, -2432, -2319, -2206, -2093, -1980, -1867, -1754, -1641, -1528, -1415, -1302, -1189, -1076, -963, -850, -737, -624, -511, -398, -285, -172, -59) -> max value: 6382
(55, 168, 281, 394, 507, 620, 733, 846, 959, 1072, 1185, 1298, 1411, 1524, 1637, 1750, 1863, 1976, 2089, 2202, 2315, 2428, 2541, 2654, 2767, 2880, 2993, 3106, 3219, 3332, 3445, 3558, 3671, 3784, 3897, 4010, 4123, 4236, 4349, 4462, 4575, 4688, 4801, 4914, 5027, 5140, 5253, 5366, 5479, 5592, 5705, 5818, 5931, 6044, 6157, 6270, 6383, -6273, -6215, -6160, -6047, -5934, -5821, -5708, -5595, -5482, -5369, -5256, -5143, -5030, -4917, -4804, -4691, -4578, -4465, -4352, -4239, -4126, -4013, -3900, -3787, -3674, -3561, -3448, -3335, -3222, -3109, -2996, -2883, -2770, -2657, -2544, -2431, -2318, -2205, -2092, -1979, -1866, -1753, -1640, -1527, -1414, -1301, -1188, -1075, -962, -849, -736, -623, -510, -397, -284, -171, -58) -> max value: 6383
(56, 169, 282, 395, 508, 621, 734, 847, 960, 1073, 1186, 1299, 1412, 1525, 1638, 1751, 1864, 1977, 2090, 2203, 2316, 2429, 2542, 2655, 2768, 2881, 2994, 3107, 3220, 3333, 3446, 3559, 3672, 3785, 3898, 4011, 4124, 4237, 4350, 4463, 4576, 4689, 4802, 4915, 5028, 5141, 5254, 5367, 5480, 5593, 5706, 5819, 5932, 6045, 6158, 6271, 6384, -6328, -6272, -6159, -6046, -5933, -5820, -5707, -5594, -5481, -5368, -5255, -5142, -5029, -4916, -4803, -4690, -4577, -4464, -4351, -4238, -4125, -4012, -3899, -3786, -3673, -3560, -3447, -3334, -3221, -3108, -2995, -2882, -2769, -2656, -2543, -2430, -2317, -2204, -2091, -1978, -1865, -1752, -1639, -1526, -1413, -1300, -1187, -1074, -961, -848, -735, -622, -509, -396, -283, -170, -57) -> max value: 6384
(57, 170, 283, 396, 509, 622, 735, 848, 961, 1074, 1187, 1300, 1413, 1526, 1639, 1752, 1865, 1978, 2091, 2204, 2317, 2430, 2543, 2656, 2769, 2882, 2995, 3108, 3221, 3334, 3447, 3560, 3673, 3786, 3899, 4012, 4125, 4238, 4351, 4464, 4577, 4690, 4803, 4916, 5029, 5142, 5255, 5368, 5481, 5594, 5707, 5820, 5933, 6046, 6159, 6272, 6328, -6384, -6271, -6158, -6045, -5932, -5819, -5706, -5593, -5480, -5367, -5254, -5141, -5028, -4915, -4802, -4689, -4576, -4463, -4350, -4237, -4124, -4011, -3898, -3785, -3672, -3559, -3446, -3333, -3220, -3107, -2994, -2881, -2768, -2655, -2542, -2429, -2316, -2203, -2090, -1977, -1864, -1751, -1638, -1525, -1412, -1299, -1186, -1073, -960, -847, -734, -621, -508, -395, -282, -169, -56) -> max value: -6384
(58, 171, 284, 397, 510, 623, 736, 849, 962, 1075, 1188, 1301, 1414, 1527, 1640, 1753, 1866, 1979, 2092, 2205, 2318, 2431, 2544, 2657, 2770, 2883, 2996, 3109, 3222, 3335, 3448, 3561, 3674, 3787, 3900, 4013, 4126, 4239, 4352, 4465, 4578, 4691, 4804, 4917, 5030, 5143, 5256, 5369, 5482, 5595, 5708, 5821, 5934, 6047, 6160, 6215, 6273, -6383, -6270, -6157, -6044, -5931, -5818, -5705, -5592, -5479, -5366, -5253, -5140, -5027, -4914, -4801, -4688, -4575, -4462, -4349, -4236, -4123, -4010, -3897, -3784, -3671, -3558, -3445, -3332, -3219, -3106, -2993, -2880, -2767, -2654, -2541, -2428, -2315, -2202, -2089, -1976, -1863, -1750, -1637, -1524, -1411, -1298, -1185, -1072, -959, -846, -733, -620, -507, -394, -281, -168, -55) -> max value: -6383
(59, 172, 285, 398, 511, 624, 737, 850, 963, 1076, 1189, 1302, 1415, 1528, 1641, 1754, 1867, 1980, 2093, 2206, 2319, 2432, 2545, 2658, 2771, 2884, 2997, 3110, 3223, 3336, 3449, 3562, 3675, 3788, 3901, 4014, 4127, 4240, 4353, 4466, 4579, 4692, 4805, 4918, 5031, 5144, 5257, 5370, 5483, 5596, 5709, 5822, 5935, 6048, 6102, 6161, 6274, -6382, -6269, -6156, -6043, -5930, -5817, -5704, -5591, -5478, -5365, -5252, -5139, -5026, -4913, -4800, -4687, -4574, -4461, -4348, -4235, -4122, -4009, -3896, -3783, -3670, -3557, -3444, -3331, -3218, -3105, -2992, -2879, -2766, -2653, -2540, -2427, -2314, -2201, -2088, -1975, -1862, -1749, -1636, -1523, -1410, -1297, -1184, -1071, -958, -845, -732, -619, -506, -393, -280, -167, -54) -> max value: -6382
(60, 173, 286, 399, 512, 625, 738, 851, 964, 1077, 1190, 1303, 1416, 1529, 1642, 1755, 1868, 1981, 2094, 2207, 2320, 2433, 2546, 2659, 2772, 2885, 2998, 3111, 3224, 3337, 3450, 3563, 3676, 3789, 3902, 4015, 4128, 4241, 4354, 4467, 4580, 4693, 4806, 4919, 5032, 5145, 5258, 5371, 5484, 5597, 5710, 5823, 5936, 5989, 6049, 6162, 6275, -6381, -6268, -6155, -6042, -5929, -5816, -5703, -5590, -5477, -5364, -5251, -5138, -5025, -4912, -4799, -4686, -4573, -4460, -4347, -4234, -4121, -4008, -3895, -3782, -3669, -3556, -3443, -3330, -3217, -3104, -2991, -2878, -2765, -2652, -2539, -2426, -2313, -2200, -2087, -1974, -1861, -1748, -1635, -1522, -1409, -1296, -1183, -1070, -957, -844, -731, -618, -505, -392, -279, -166, -53) -> max value: -6381
(61, 174, 287, 400, 513, 626, 739, 852, 965, 1078, 1191, 1304, 1417, 1530, 1643, 1756, 1869, 1982, 2095, 2208, 2321, 2434, 2547, 2660, 2773, 2886, 2999, 3112, 3225, 3338, 3451, 3564, 3677, 3790, 3903, 4016, 4129, 4242, 4355, 4468, 4581, 4694, 4807, 4920, 5033, 5146, 5259, 5372, 5485, 5598, 5711, 5824, 5876, 5937, 6050, 6163, 6276, -6380, -6267, -6154, -6041, -5928, -5815, -5702, -5589, -5476, -5363, -5250, -5137, -5024, -4911, -4798, -4685, -4572, -4459, -4346, -4233, -4120, -4007, -3894, -3781, -3668, -3555, -3442, -3329, -3216, -3103, -2990, -2877, -2764, -2651, -2538, -2425, -2312, -2199, -2086, -1973, -1860, -1747, -1634, -1521, -1408, -1295, -1182, -1069, -956, -843, -730, -617, -504, -391, -278, -165, -52) -> max value: -6380
(62, 175, 288, 401, 514, 627, 740, 853, 966, 1079, 1192, 1305, 1418, 1531, 1644, 1757, 1870, 1983, 2096, 2209, 2322, 2435, 2548, 2661, 2774, 2887, 3000, 3113, 3226, 3339, 3452, 3565, 3678, 3791, 3904, 4017, 4130, 4243, 4356, 4469, 4582, 4695, 4808, 4921, 5034, 5147, 5260, 5373, 5486, 5599, 5712, 5763, 5825, 5938, 6051, 6164, 6277, -6379, -6266, -6153, -6040, -5927, -5814, -5701, -5588, -5475, -5362, -5249, -5136, -5023, -4910, -4797, -4684, -4571, -4458, -4345, -4232, -4119, -4006, -3893, -3780, -3667, -3554, -3441, -3328, -3215, -3102, -2989, -2876, -2763, -2650, -2537, -2424, -2311, -2198, -2085, -1972, -1859, -1746, -1633, -1520, -1407, -1294, -1181, -1068, -955, -842, -729, -616, -503, -390, -277, -164, -51) -> max value: -6379
(63, 176, 289, 402, 515, 628, 741, 854, 967, 1080, 1193, 1306, 1419, 1532, 1645, 1758, 1871, 1984, 2097, 2210, 2323, 2436, 2549, 2662, 2775, 2888, 3001, 3114, 3227, 3340, 3453, 3566, 3679, 3792, 3905, 4018, 4131, 4244, 4357, 4470, 4583, 4696, 4809, 4922, 5035, 5148, 5261, 5374, 5487, 5600, 5650, 5713, 5826, 5939, 6052, 6165, 6278, -6378, -6265, -6152, -6039, -5926, -5813, -5700, -5587, -5474, -5361, -5248, -5135, -5022, -4909, -4796, -4683, -4570, -4457, -4344, -4231, -4118, -4005, -3892, -3779, -3666, -3553, -3440, -3327, -3214, -3101, -2988, -2875, -2762, -2649, -2536, -2423, -2310, -2197, -2084, -1971, -1858, -1745, -1632, -1519, -1406, -1293, -1180, -1067, -954, -841, -728, -615, -502, -389, -276, -163, -50) -> max value: -6378
(64, 177, 290, 403, 516, 629, 742, 855, 968, 1081, 1194, 1307, 1420, 1533, 1646, 1759, 1872, 1985, 2098, 2211, 2324, 2437, 2550, 2663, 2776, 2889, 3002, 3115, 3228, 3341, 3454, 3567, 3680, 3793, 3906, 4019, 4132, 4245, 4358, 4471, 4584, 4697, 4810, 4923, 5036, 5149, 5262, 5375, 5488, 5537, 5601, 5714, 5827, 5940, 6053, 6166, 6279, -6377, -6264, -6151, -6038, -5925, -5812, -5699, -5586, -5473, -5360, -5247, -5134, -5021, -4908, -4795, -4682, -4569, -4456, -4343, -4230, -4117, -4004, -3891, -3778, -3665, -3552, -3439, -3326, -3213, -3100, -2987, -2874, -2761, -2648, -2535, -2422, -2309, -2196, -2083, -1970, -1857, -1744, -1631, -1518, -1405, -1292, -1179, -1066, -953, -840, -727, -614, -501, -388, -275, -162, -49) -> max value: -6377
(65, 178, 291, 404, 517, 630, 743, 856, 969, 1082, 1195, 1308, 1421, 1534, 1647, 1760, 1873, 1986, 2099, 2212, 2325, 2438, 2551, 2664, 2777, 2890, 3003, 3116, 3229, 3342, 3455, 3568, 3681, 3794, 3907, 4020, 4133, 4246, 4359, 4472, 4585, 4698, 4811, 4924, 5037, 5150, 5263, 5376, 5424, 5489, 5602, 5715, 5828, 5941, 6054, 6167, 6280, -6376, -6263, -6150, -6037, -5924, -5811, -5698, -5585, -5472, -5359, -5246, -5133, -5020, -4907, -4794, -4681, -4568, -4455, -4342, -4229, -4116, -4003, -3890, -3777, -3664, -3551, -3438, -3325, -3212, -3099, -2986, -2873, -2760, -2647, -2534, -2421, -2308, -2195, -2082, -1969, -1856, -1743, -1630, -1517, -1404, -1291, -1178, -1065, -952, -839, -726, -613, -500, -387, -274, -161, -48) -> max value: -6376
(66, 179, 292, 405, 518, 631, 744, 857, 970, 1083, 1196, 1309, 1422, 1535, 1648, 1761, 1874, 1987, 2100, 2213, 2326, 2439, 2552, 2665, 2778, 2891, 3004, 3117, 3230, 3343, 3456, 3569, 3682, 3795, 3908, 4021, 4134, 4247, 4360, 4473, 4586, 4699, 4812, 4925, 5038, 5151, 5264, 5311, 5377, 5490, 5603, 5716, 5829, 5942, 6055, 6168, 6281, -6375, -6262, -6149, -6036, -5923, -5810, -5697, -5584, -5471, -5358, -5245, -5132, -5019, -4906, -4793, -4680, -4567, -4454, -4341, -4228, -4115, -4002, -3889, -3776, -3663, -3550, -3437, -3324, -3211, -3098, -2985, -2872, -2759, -2646, -2533, -2420, -2307, -2194, -2081, -1968, -1855, -1742, -1629, -1516, -1403, -1290, -1177, -1064, -951, -838, -725, -612, -499, -386, -273, -160, -47) -> max value: -6375
(67, 180, 293, 406, 519, 632, 745, 858, 971, 1084, 1197, 1310, 1423, 1536, 1649, 1762, 1875, 1988, 2101, 2214, 2327, 2440, 2553, 2666, 2779, 2892, 3005, 3118, 3231, 3344, 3457, 3570, 3683, 3796, 3909, 4022, 4135, 4248, 4361, 4474, 4587, 4700, 4813, 4926, 5039, 5152, 5198, 5265, 5378, 5491, 5604, 5717, 5830, 5943, 6056, 6169, 6282, -6374, -6261, -6148, -6035, -5922, -5809, -5696, -5583, -5470, -5357, -5244, -5131, -5018, -4905, -4792, -4679, -4566, -4453, -4340, -4227, -4114, -4001, -3888, -3775, -3662, -3549, -3436, -3323, -3210, -3097, -2984, -2871, -2758, -2645, -2532, -2419, -2306, -2193, -2080, -1967, -1854, -1741, -1628, -1515, -1402, -1289, -1176, -1063, -950, -837, -724, -611, -498, -385, -272, -159, -46) -> max value: -6374
(68, 181, 294, 407, 520, 633, 746, 859, 972, 1085, 1198, 1311, 1424, 1537, 1650, 1763, 1876, 1989, 2102, 2215, 2328, 2441, 2554, 2667, 2780, 2893, 3006, 3119, 3232, 3345, 3458, 3571, 3684, 3797, 3910, 4023, 4136, 4249, 4362, 4475, 4588, 4701, 4814, 4927, 5040, 5085, 5153, 5266, 5379, 5492, 5605, 5718, 5831, 5944, 6057, 6170, 6283, -6373, -6260, -6147, -6034, -5921, -5808, -5695, -5582, -5469, -5356, -5243, -5130, -5017, -4904, -4791, -4678, -4565, -4452, -4339, -4226, -4113, -4000, -3887, -3774, -3661, -3548, -3435, -3322, -3209, -3096, -2983, -2870, -2757, -2644, -2531, -2418, -2305, -2192, -2079, -1966, -1853, -1740, -1627, -1514, -1401, -1288, -1175, -1062, -949, -836, -723, -610, -497, -384, -271, -158, -45) -> max value: -6373
(69, 182, 295, 408, 521, 634, 747, 860, 973, 1086, 1199, 1312, 1425, 1538, 1651, 1764, 1877, 1990, 2103, 2216, 2329, 2442, 2555, 2668, 2781, 2894, 3007, 3120, 3233, 3346, 3459, 3572, 3685, 3798, 3911, 4024, 4137, 4250, 4363, 4476, 4589, 4702, 4815, 4928, 4972, 5041, 5154, 5267, 5380, 5493, 5606, 5719, 5832, 5945, 6058, 6171, 6284, -6372, -6259, -6146, -6033, -5920, -5807, -5694, -5581, -5468, -5355, -5242, -5129, -5016, -4903, -4790, -4677, -4564, -4451, -4338, -4225, -4112, -3999, -3886, -3773, -3660, -3547, -3434, -3321, -3208, -3095, -2982, -2869, -2756, -2643, -2530, -2417, -2304, -2191, -2078, -1965, -1852, -1739, -1626, -1513, -1400, -1287, -1174, -1061, -948, -835, -722, -609, -496, -383, -270, -157, -44) -> max value: -6372
(70, 183, 296, 409, 522, 635, 748, 861, 974, 1087, 1200, 1313, 1426, 1539, 1652, 1765, 1878, 1991, 2104, 2217, 2330, 2443, 2556, 2669, 2782, 2895, 3008, 3121, 3234, 3347, 3460, 3573, 3686, 3799, 3912, 4025, 4138, 4251, 4364, 4477, 4590, 4703, 4816, 4859, 4929, 5042, 5155, 5268, 5381, 5494, 5607, 5720, 5833, 5946, 6059, 6172, 6285, -6371, -6258, -6145, -6032, -5919, -5806, -5693, -5580, -5467, -5354, -5241, -5128, -5015, -4902, -4789, -4676, -4563, -4450, -4337, -4224, -4111, -3998, -3885, -3772, -3659, -3546, -3433, -3320, -3207, -3094, -2981, -2868, -2755, -2642, -2529, -2416, -2303, -2190, -2077, -1964, -1851, -1738, -1625, -1512, -1399, -1286, -1173, -1060, -947, -834, -721, -608, -495, -382, -269, -156, -43) -> max value: -6371
(71, 184, 297, 410, 523, 636, 749, 862, 975, 1088, 1201, 1314, 1427, 1540, 1653, 1766, 1879, 1992, 2105, 2218, 2331, 2444, 2557, 2670, 2783, 2896, 3009, 3122, 3235, 3348, 3461, 3574, 3687, 3800, 3913, 4026, 4139, 4252, 4365, 4478, 4591, 4704, 4746, 4817, 4930, 5043, 5156, 5269, 5382, 5495, 5608, 5721, 5834, 5947, 6060, 6173, 6286, -6370, -6257, -6144, -6031, -5918, -5805, -5692, -5579, -5466, -5353, -5240, -5127, -5014, -4901, -4788, -4675, -4562, -4449, -4336, -4223, -4110, -3997, -3884, -3771, -3658, -3545, -3432, -3319, -3206, -3093, -2980, -2867, -2754, -2641, -2528, -2415, -2302, -2189, -2076, -1963, -1850, -1737, -1624, -1511, -1398, -1285, -1172, -1059, -946, -833, -720, -607, -494, -381, -268, -155, -42) -> max value: -6370
(72, 185, 298, 411, 524, 637, 750, 863, 976, 1089, 1202, 1315, 1428, 1541, 1654, 1767, 1880, 1993, 2106, 2219, 2332, 2445, 2558, 2671, 2784, 2897, 3010, 3123, 3236, 3349, 3462, 3575, 3688, 3801, 3914, 4027, 4140, 4253, 4366, 4479, 4592, 4633, 4705, 4818, 4931, 5044, 5157, 5270, 5383, 5496, 5609, 5722, 5835, 5948, 6061, 6174, 6287, -6369, -6256, -6143, -6030, -5917, -5804, -5691, -5578, -5465, -5352, -5239, -5126, -5013, -4900, -4787, -4674, -4561, -4448, -4335, -4222, -4109, -3996, -3883, -3770, -3657, -3544, -3431, -3318, -3205, -3092, -2979, -2866, -2753, -2640, -2527, -2414, -2301, -2188, -2075, -1962, -1849, -1736, -1623, -1510, -1397, -1284, -1171, -1058, -945, -832, -719, -606, -493, -380, -267, -154, -41) -> max value: -6369
(73, 186, 299, 412, 525, 638, 751, 864, 977, 1090, 1203, 1316, 1429, 1542, 1655, 1768, 1881, 1994, 2107, 2220, 2333, 2446, 2559, 2672, 2785, 2898, 3011, 3124, 3237, 3350, 3463, 3576, 3689, 3802, 3915, 4028, 4141, 4254, 4367, 4480, 4520, 4593, 4706, 4819, 4932, 5045, 5158, 5271, 5384, 5497, 5610, 5723, 5836, 5949, 6062, 6175, 6288, -6368, -6255, -6142, -6029, -5916, -5803, -5690, -5577, -5464, -5351, -5238, -5125, -5012, -4899, -4786, -4673, -4560, -4447, -4334, -4221, -4108, -3995, -3882, -3769, -3656, -3543, -3430, -3317, -3204, -3091, -2978, -2865, -2752, -2639, -2526, -2413, -2300, -2187, -2074, -1961, -1848, -1735, -1622, -1509, -1396, -1283, -1170, -1057, -944, -831, -718, -605, -492, -379, -266, -153, -40) -> max value: -6368
(74, 187, 300, 413, 526, 639, 752, 865, 978, 1091, 1204, 1317, 1430, 1543, 1656, 1769, 1882, 1995, 2108, 2221, 2334, 2447, 2560, 2673, 2786, 2899, 3012, 3125, 3238, 3351, 3464, 3577, 3690, 3803, 3916, 4029, 4142, 4255, 4368, 4407, 4481, 4594, 4707, 4820, 4933, 5046, 5159, 5272, 5385, 5498, 5611, 5724, 5837, 5950, 6063, 6176, 6289, -6367, -6254, -6141, -6028, -5915, -5802, -5689, -5576, -5463, -5350, -5237, -5124, -5011, -4898, -4785, -4672, -4559, -4446, -4333, -4220, -4107, -3994, -3881, -3768, -3655, -3542, -3429, -3316, -3203, -3090, -2977, -2864, -2751, -2638, -2525, -2412, -2299, -2186, -2073, -1960, -1847, -1734, -1621, -1508, -1395, -1282, -1169, -1056, -943, -830, -717, -604, -491, -378, -265, -152, -39) -> max value: -6367
(75, 188, 301, 414, 527, 640, 753, 866, 979, 1092, 1205, 1318, 1431, 1544, 1657, 1770, 1883, 1996, 2109, 2222, 2335, 2448, 2561, 2674, 2787, 2900, 3013, 3126, 3239, 3352, 3465, 3578, 3691, 3804, 3917, 4030, 4143, 4256, 4294, 4369, 4482, 4595, 4708, 4821, 4934, 5047, 5160, 5273, 5386, 5499, 5612, 5725, 5838, 5951, 6064, 6177, 6290, -6366, -6253, -6140, -6027, -5914, -5801, -5688, -5575, -5462, -5349, -5236, -5123, -5010, -4897, -4784, -4671, -4558, -4445, -4332, -4219, -4106, -3993, -3880, -3767, -3654, -3541, -3428, -3315, -3202, -3089, -2976, -2863, -2750, -2637, -2524, -2411, -2298, -2185, -2072, -1959, -1846, -1733, -1620, -1507, -1394, -1281, -1168, -1055, -942, -829, -716, -603, -490, -377, -264, -151, -38) -> max value: -6366
(76, 189, 302, 415, 528, 641, 754, 867, 980, 1093, 1206, 1319, 1432, 1545, 1658, 1771, 1884, 1997, 2110, 2223, 2336, 2449, 2562, 2675, 2788, 2901, 3014, 3127, 3240, 3353, 3466, 3579, 3692, 3805, 3918, 4031, 4144, 4181, 4257, 4370, 4483, 4596, 4709, 4822, 4935, 5048, 5161, 5274, 5387, 5500, 5613, 5726, 5839, 5952, 6065, 6178, 6291, -6365, -6252, -6139, -6026, -5913, -5800, -5687, -5574, -5461, -5348, -5235, -5122, -5009, -4896, -4783, -4670, -4557, -4444, -4331, -4218, -4105, -3992, -3879, -3766, -3653, -3540, -3427, -3314, -3201, -3088, -2975, -2862, -2749, -2636, -2523, -2410, -2297, -2184, -2071, -1958, -1845, -1732, -1619, -1506, -1393, -1280, -1167, -1054, -941, -828, -715, -602, -489, -376, -263, -150, -37) -> max value: -6365
(77, 190, 303, 416, 529, 642, 755, 868, 981, 1094, 1207, 1320, 1433, 1546, 1659, 1772, 1885, 1998, 2111, 2224, 2337, 2450, 2563, 2676, 2789, 2902, 3015, 3128, 3241, 3354, 3467, 3580, 3693, 3806, 3919, 4032, 4068, 4145, 4258, 4371, 4484, 4597, 4710, 4823, 4936, 5049, 5162, 5275, 5388, 5501, 5614, 5727, 5840, 5953, 6066, 6179, 6292, -6364, -6251, -6138, -6025, -5912, -5799, -5686, -5573, -5460, -5347, -5234, -5121, -5008, -4895, -4782, -4669, -4556, -4443, -4330, -4217, -4104, -3991, -3878, -3765, -3652, -3539, -3426, -3313, -3200, -3087, -2974, -2861, -2748, -2635, -2522, -2409, -2296, -2183, -2070, -1957, -1844, -1731, -1618, -1505, -1392, -1279, -1166, -1053, -940, -827, -714, -601, -488, -375, -262, -149, -36) -> max value: -6364
(78, 191, 304, 417, 530, 643, 756, 869, 982, 1095, 1208, 1321, 1434, 1547, 1660, 1773, 1886, 1999, 2112, 2225, 2338, 2451, 2564, 2677, 2790, 2903, 3016, 3129, 3242, 3355, 3468, 3581, 3694, 3807, 3920, 3955, 4033, 4146, 4259, 4372, 4485, 4598, 4711, 4824, 4937, 5050, 5163, 5276, 5389, 5502, 5615, 5728, 5841, 5954, 6067, 6180, 6293, -6363, -6250, -6137, -6024, -5911, -5798, -5685, -5572, -5459, -5346, -5233, -5120, -5007, -4894, -4781, -4668, -4555, -4442, -4329, -4216, -4103, -3990, -3877, -3764, -3651, -3538, -3425, -3312, -3199, -3086, -2973, -2860, -2747, -2634, -2521, -2408, -2295, -2182, -2069, -1956, -1843, -1730, -1617, -1504, -1391, -1278, -1165, -1052, -939, -826, -713, -600, -487, -374, -261, -148, -35) -> max value: -6363
(79, 192, 305, 418, 531, 644, 757, 870, 983, 1096, 1209, 1322, 1435, 1548, 1661, 1774, 1887, 2000, 2113, 2226, 2339, 2452, 2565, 2678, 2791, 2904, 3017, 3130, 3243, 3356, 3469, 3582, 3695, 3808, 3842, 3921, 4034, 4147, 4260, 4373, 4486, 4599, 4712, 4825, 4938, 5051, 5164, 5277, 5390, 5503, 5616, 5729, 5842, 5955, 6068, 6181, 6294, -6362, -6249, -6136, -6023, -5910, -5797, -5684, -5571, -5458, -5345, -5232, -5119, -5006, -4893, -4780, -4667, -4554, -4441, -4328, -4215, -4102, -3989, -3876, -3763, -3650, -3537, -3424, -3311, -3198, -3085, -2972, -2859, -2746, -2633, -2520, -2407, -2294, -2181, -2068, -1955, -1842, -1729, -1616, -1503, -1390, -1277, -1164, -1051, -938, -825, -712, -599, -486, -373, -260, -147, -34) -> max value: -6362
(80, 193, 306, 419, 532, 645, 758, 871, 984, 1097, 1210, 1323, 1436, 1549, 1662, 1775, 1888, 2001, 2114, 2227, 2340, 2453, 2566, 2679, 2792, 2905, 3018, 3131, 3244, 3357, 3470, 3583, 3696, 3729, 3809, 3922, 4035, 4148, 4261, 4374, 4487, 4600, 4713, 4826, 4939, 5052, 5165, 5278, 5391, 5504, 5617, 5730, 5843, 5956, 6069, 6182, 6295, -6361, -6248, -6135, -6022, -5909, -5796, -5683, -5570, -5457, -5344, -5231, -5118, -5005, -4892, -4779, -4666, -4553, -4440, -4327, -4214, -4101, -3988, -3875, -3762, -3649, -3536, -3423, -3310, -3197, -3084, -2971, -2858, -2745, -2632, -2519, -2406, -2293, -2180, -2067, -1954, -1841, -1728, -1615, -1502, -1389, -1276, -1163, -1050, -937, -824, -711, -598, -485, -372, -259, -146, -33) -> max value: -6361
(81, 194, 307, 420, 533, 646, 759, 872, 985, 1098, 1211, 1324, 1437, 1550, 1663, 1776, 1889, 2002, 2115, 2228, 2341, 2454, 2567, 2680, 2793, 2906, 3019, 3132, 3245, 3358, 3471, 3584, 3616, 3697, 3810, 3923, 4036, 4149, 4262, 4375, 4488, 4601, 4714, 4827, 4940, 5053, 5166, 5279, 5392, 5505, 5618, 5731, 5844, 5957, 6070, 6183, 6296, -6360, -6247, -6134, -6021, -5908, -5795, -5682, -5569, -5456, -5343, -5230, -5117, -5004, -4891, -4778, -4665, -4552, -4439, -4326, -4213, -4100, -3987, -3874, -3761, -3648, -3535, -3422, -3309, -3196, -3083, -2970, -2857, -2744, -2631, -2518, -2405, -2292, -2179, -2066, -1953, -1840, -1727, -1614, -1501, -1388, -1275, -1162, -1049, -936, -823, -710, -597, -484, -371, -258, -145, -32) -> max value: -6360
(82, 195, 308, 421, 534, 647, 760, 873, 986, 1099, 1212, 1325, 1438, 1551, 1664, 1777, 1890, 2003, 2116, 2229, 2342, 2455, 2568, 2681, 2794, 2907, 3020, 3133, 3246, 3359, 3472, 3503, 3585, 3698, 3811, 3924, 4037, 4150, 4263, 4376, 4489, 4602, 4715, 4828, 4941, 5054, 5167, 5280, 5393, 5506, 5619, 5732, 5845, 5958, 6071, 6184, 6297, -6359, -6246, -6133, -6020, -5907, -5794, -5681, -5568, -5455, -5342, -5229, -5116, -5003, -4890, -4777, -4664, -4551, -4438, -4325, -4212, -4099, -3986, -3873, -3760, -3647, -3534, -3421, -3308, -3195, -3082, -2969, -2856, -2743, -2630, -2517, -2404, -2291, -2178, -2065, -1952, -1839, -1726, -1613, -1500, -1387, -1274, -1161, -1048, -935, -822, -709, -596, -483, -370, -257, -144, -31) -> max value: -6359
(83, 196, 309, 422, 535, 648, 761, 874, 987, 1100, 1213, 1326, 1439, 1552, 1665, 1778, 1891, 2004, 2117, 2230, 2343, 2456, 2569, 2682, 2795, 2908, 3021, 3134, 3247, 3360, 3390, 3473, 3586, 3699, 3812, 3925, 4038, 4151, 4264, 4377, 4490, 4603, 4716, 4829, 4942, 5055, 5168, 5281, 5394, 5507, 5620, 5733, 5846, 5959, 6072, 6185, 6298, -6358, -6245, -6132, -6019, -5906, -5793, -5680, -5567, -5454, -5341, -5228, -5115, -5002, -4889, -4776, -4663, -4550, -4437, -4324, -4211, -4098, -3985, -3872, -3759, -3646, -3533, -3420, -3307, -3194, -3081, -2968, -2855, -2742, -2629, -2516, -2403, -2290, -2177, -2064, -1951, -1838, -1725, -1612, -1499, -1386, -1273, -1160, -1047, -934, -821, -708, -595, -482, -369, -256, -143, -30) -> max value: -6358
(84, 197, 310, 423, 536, 649, 762, 875, 988, 1101, 1214, 1327, 1440, 1553, 1666, 1779, 1892, 2005, 2118, 2231, 2344, 2457, 2570, 2683, 2796, 2909, 3022, 3135, 3248, 3277, 3361, 3474, 3587, 3700, 3813, 3926, 4039, 4152, 4265, 4378, 4491, 4604, 4717, 4830, 4943, 5056, 5169, 5282, 5395, 5508, 5621, 5734, 5847, 5960, 6073, 6186, 6299, -6357, -6244, -6131, -6018, -5905, -5792, -5679, -5566, -5453, -5340, -5227, -5114, -5001, -4888, -4775, -4662, -4549, -4436, -4323, -4210, -4097, -3984, -3871, -3758, -3645, -3532, -3419, -3306, -3193, -3080, -2967, -2854, -2741, -2628, -2515, -2402, -2289, -2176, -2063, -1950, -1837, -1724, -1611, -1498, -1385, -1272, -1159, -1046, -933, -820, -707, -594, -481, -368, -255, -142, -29) -> max value: -6357
(85, 198, 311, 424, 537, 650, 763, 876, 989, 1102, 1215, 1328, 1441, 1554, 1667, 1780, 1893, 2006, 2119, 2232, 2345, 2458, 2571, 2684, 2797, 2910, 3023, 3136, 3164, 3249, 3362, 3475, 3588, 3701, 3814, 3927, 4040, 4153, 4266, 4379, 4492, 4605, 4718, 4831, 4944, 5057, 5170, 5283, 5396, 5509, 5622, 5735, 5848, 5961, 6074, 6187, 6300, -6356, -6243, -6130, -6017, -5904, -5791, -5678, -5565, -5452, -5339, -5226, -5113, -5000, -4887, -4774, -4661, -4548, -4435, -4322, -4209, -4096, -3983, -3870, -3757, -3644, -3531, -3418, -3305, -3192, -3079, -2966, -2853, -2740, -2627, -2514, -2401, -2288, -2175, -2062, -1949, -1836, -1723, -1610, -1497, -1384, -1271, -1158, -1045, -932, -819, -706, -593, -480, -367, -254, -141, -28) -> max value: -6356
(86, 199, 312, 425, 538, 651, 764, 877, 990, 1103, 1216, 1329, 1442, 1555, 1668, 1781, 1894, 2007, 2120, 2233, 2346, 2459, 2572, 2685, 2798, 2911, 3024, 3051, 3137, 3250, 3363, 3476, 3589, 3702, 3815, 3928, 4041, 4154, 4267, 4380, 4493, 4606, 4719, 4832, 4945, 5058, 5171, 5284, 5397, 5510, 5623, 5736, 5849, 5962, 6075, 6188, 6301, -6355, -6242, -6129, -6016, -5903, -5790, -5677, -5564, -5451, -5338, -5225, -5112, -4999, -4886, -4773, -4660, -4547, -4434, -4321, -4208, -4095, -3982, -3869, -3756, -3643, -3530, -3417, -3304, -3191, -3078, -2965, -2852, -2739, -2626, -2513, -2400, -2287, -2174, -2061, -1948, -1835, -1722, -1609, -1496, -1383, -1270, -1157, -1044, -931, -818, -705, -592, -479, -366, -253, -140, -27) -> max value: -6355
(87, 200, 313, 426, 539, 652, 765, 878, 991, 1104, 1217, 1330, 1443, 1556, 1669, 1782, 1895, 2008, 2121, 2234, 2347, 2460, 2573, 2686, 2799, 2912, 2938, 3025, 3138, 3251, 3364, 3477, 3590, 3703, 3816, 3929, 4042, 4155, 4268, 4381, 4494, 4607, 4720, 4833, 4946, 5059, 5172, 5285, 5398, 5511, 5624, 5737, 5850, 5963, 6076, 6189, 6302, -6354, -6241, -6128, -6015, -5902, -5789, -5676, -5563, -5450, -5337, -5224, -5111, -4998, -4885, -4772, -4659, -4546, -4433, -4320, -4207, -4094, -3981, -3868, -3755, -3642, -3529, -3416, -3303, -3190, -3077, -2964, -2851, -2738, -2625, -2512, -2399, -2286, -2173, -2060, -1947, -1834, -1721, -1608, -1495, -1382, -1269, -1156, -1043, -930, -817, -704, -591, -478, -365, -252, -139, -26) -> max value: -6354
(88, 201, 314, 427, 540, 653, 766, 879, 992, 1105, 1218, 1331, 1444, 1557, 1670, 1783, 1896, 2009, 2122, 2235, 2348, 2461, 2574, 2687, 2800, 2825, 2913, 3026, 3139, 3252, 3365, 3478, 3591, 3704, 3817, 3930, 4043, 4156, 4269, 4382, 4495, 4608, 4721, 4834, 4947, 5060, 5173, 5286, 5399, 5512, 5625, 5738, 5851, 5964, 6077, 6190, 6303, -6353, -6240, -6127, -6014, -5901, -5788, -5675, -5562, -5449, -5336, -5223, -5110, -4997, -4884, -4771, -4658, -4545, -4432, -4319, -4206, -4093, -3980, -3867, -3754, -3641, -3528, -3415, -3302, -3189, -3076, -2963, -2850, -2737, -2624, -2511, -2398, -2285, -2172, -2059, -1946, -1833, -1720, -1607, -1494, -1381, -1268, -1155, -1042, -929, -816, -703, -590, -477, -364, -251, -138, -25) -> max value: -6353
(89, 202, 315, 428, 541, 654, 767, 880, 993, 1106, 1219, 1332, 1445, 1558, 1671, 1784, 1897, 2010, 2123, 2236, 2349, 2462, 2575, 2688, 2712, 2801, 2914, 3027, 3140, 3253, 3366, 3479, 3592, 3705, 3818, 3931, 4044, 4157, 4270, 4383, 4496, 4609, 4722, 4835, 4948, 5061, 5174, 5287, 5400, 5513, 5626, 5739, 5852, 5965, 6078, 6191, 6304, -6352, -6239, -6126, -6013, -5900, -5787, -5674, -5561, -5448, -5335, -5222, -5109, -4996, -4883, -4770, -4657, -4544, -4431, -4318, -4205, -4092, -3979, -3866, -3753, -3640, -3527, -3414, -3301, -3188, -3075, -2962, -2849, -2736, -2623, -2510, -2397, -2284, -2171, -2058, -1945, -1832, -1719, -1606, -1493, -1380, -1267, -1154, -1041, -928, -815, -702, -589, -476, -363, -250, -137, -24) -> max value: -6352
(90, 203, 316, 429, 542, 655, 768, 881, 994, 1107, 1220, 1333, 1446, 1559, 1672, 1785, 1898, 2011, 2124, 2237, 2350, 2463, 2576, 2599, 2689, 2802, 2915, 3028, 3141, 3254, 3367, 3480, 3593, 3706, 3819, 3932, 4045, 4158, 4271, 4384, 4497, 4610, 4723, 4836, 4949, 5062, 5175, 5288, 5401, 5514, 5627, 5740, 5853, 5966, 6079, 6192, 6305, -6351, -6238, -6125, -6012, -5899, -5786, -5673, -5560, -5447, -5334, -5221, -5108, -4995, -4882, -4769, -4656, -4543, -4430, -4317, -4204, -4091, -3978, -3865, -3752, -3639, -3526, -3413, -3300, -3187, -3074, -2961, -2848, -2735, -2622, -2509, -2396, -2283, -2170, -2057, -1944, -1831, -1718, -1605, -1492, -1379, -1266, -1153, -1040, -927, -814, -701, -588, -475, -362, -249, -136, -23) -> max value: -6351
(91, 204, 317, 430, 543, 656, 769, 882, 995, 1108, 1221, 1334, 1447, 1560, 1673, 1786, 1899, 2012, 2125, 2238, 2351, 2464, 2486, 2577, 2690, 2803, 2916, 3029, 3142, 3255, 3368, 3481, 3594, 3707, 3820, 3933, 4046, 4159, 4272, 4385, 4498, 4611, 4724, 4837, 4950, 5063, 5176, 5289, 5402, 5515, 5628, 5741, 5854, 5967, 6080, 6193, 6306, -6350, -6237, -6124, -6011, -5898, -5785, -5672, -5559, -5446, -5333, -5220, -5107, -4994, -4881, -4768, -4655, -4542, -4429, -4316, -4203, -4090, -3977, -3864, -3751, -3638, -3525, -3412, -3299, -3186, -3073, -2960, -2847, -2734, -2621, -2508, -2395, -2282, -2169, -2056, -1943, -1830, -1717, -1604, -1491, -1378, -1265, -1152, -1039, -926, -813, -700, -587, -474, -361, -248, -135, -22) -> max value: -6350
(92, 205, 318, 431, 544, 657, 770, 883, 996, 1109, 1222, 1335, 1448, 1561, 1674, 1787, 1900, 2013, 2126, 2239, 2352, 2373, 2465, 2578, 2691, 2804, 2917, 3030, 3143, 3256, 3369, 3482, 3595, 3708, 3821, 3934, 4047, 4160, 4273, 4386, 4499, 4612, 4725, 4838, 4951, 5064, 5177, 5290, 5403, 5516, 5629, 5742, 5855, 5968, 6081, 6194, 6307, -6349, -6236, -6123, -6010, -5897, -5784, -5671, -5558, -5445, -5332, -5219, -5106, -4993, -4880, -4767, -4654, -4541, -4428, -4315, -4202, -4089, -3976, -3863, -3750, -3637, -3524, -3411, -3298, -3185, -3072, -2959, -2846, -2733, -2620, -2507, -2394, -2281, -2168, -2055, -1942, -1829, -1716, -1603, -1490, -1377, -1264, -1151, -1038, -925, -812, -699, -586, -473, -360, -247, -134, -21) -> max value: -6349
(93, 206, 319, 432, 545, 658, 771, 884, 997, 1110, 1223, 1336, 1449, 1562, 1675, 1788, 1901, 2014, 2127, 2240, 2260, 2353, 2466, 2579, 2692, 2805, 2918, 3031, 3144, 3257, 3370, 3483, 3596, 3709, 3822, 3935, 4048, 4161, 4274, 4387, 4500, 4613, 4726, 4839, 4952, 5065, 5178, 5291, 5404, 5517, 5630, 5743, 5856, 5969, 6082, 6195, 6308, -6348, -6235, -6122, -6009, -5896, -5783, -5670, -5557, -5444, -5331, -5218, -5105, -4992, -4879, -4766, -4653, -4540, -4427, -4314, -4201, -4088, -3975, -3862, -3749, -3636, -3523, -3410, -3297, -3184, -3071, -2958, -2845, -2732, -2619, -2506, -2393, -2280, -2167, -2054, -1941, -1828, -1715, -1602, -1489, -1376, -1263, -1150, -1037, -924, -811, -698, -585, -472, -359, -246, -133, -20) -> max value: -6348
(94, 207, 320, 433, 546, 659, 772, 885, 998, 1111, 1224, 1337, 1450, 1563, 1676, 1789, 1902, 2015, 2128, 2147, 2241, 2354, 2467, 2580, 2693, 2806, 2919, 3032, 3145, 3258, 3371, 3484, 3597, 3710, 3823, 3936, 4049, 4162, 4275, 4388, 4501, 4614, 4727, 4840, 4953, 5066, 5179, 5292, 5405, 5518, 5631, 5744, 5857, 5970, 6083, 6196, 6309, -6347, -6234, -6121, -6008, -5895, -5782, -5669, -5556, -5443, -5330, -5217, -5104, -4991, -4878, -4765, -4652, -4539, -4426, -4313, -4200, -4087, -3974, -3861, -3748, -3635, -3522, -3409, -3296, -3183, -3070, -2957, -2844, -2731, -2618, -2505, -2392, -2279, -2166, -2053, -1940, -1827, -1714, -1601, -1488, -1375, -1262, -1149, -1036, -923, -810, -697, -584, -471, -358, -245, -132, -19) -> max value: -6347
(95, 208, 321, 434, 547, 660, 773, 886, 999, 1112, 1225, 1338, 1451, 1564, 1677, 1790, 1903, 2016, 2034, 2129, 2242, 2355, 2468, 2581, 2694, 2807, 2920, 3033, 3146, 3259, 3372, 3485, 3598, 3711, 3824, 3937, 4050, 4163, 4276, 4389, 4502, 4615, 4728, 4841, 4954, 5067, 5180, 5293, 5406, 5519, 5632, 5745, 5858, 5971, 6084, 6197, 6310, -6346, -6233, -6120, -6007, -5894, -5781, -5668, -5555, -5442, -5329, -5216, -5103, -4990, -4877, -4764, -4651, -4538, -4425, -4312, -4199, -4086, -3973, -3860, -3747, -3634, -3521, -3408, -3295, -3182, -3069, -2956, -2843, -2730, -2617, -2504, -2391, -2278, -2165, -2052, -1939, -1826, -1713, -1600, -1487, -1374, -1261, -1148, -1035, -922, -809, -696, -583, -470, -357, -244, -131, -18) -> max value: -6346
(96, 209, 322, 435, 548, 661, 774, 887, 1000, 1113, 1226, 1339, 1452, 1565, 1678, 1791, 1904, 1921, 2017, 2130, 2243, 2356, 2469, 2582, 2695, 2808, 2921, 3034, 3147, 3260, 3373, 3486, 3599, 3712, 3825, 3938, 4051, 4164, 4277, 4390, 4503, 4616, 4729, 4842, 4955, 5068, 5181, 5294, 5407, 5520, 5633, 5746, 5859, 5972, 6085, 6198, 6311, -6345, -6232, -6119, -6006, -5893, -5780, -5667, -5554, -5441, -5328, -5215, -5102, -4989, -4876, -4763, -4650, -4537, -4424, -4311, -4198, -4085, -3972, -3859, -3746, -3633, -3520, -3407, -3294, -3181, -3068, -2955, -2842, -2729, -2616, -2503, -2390, -2277, -2164, -2051, -1938, -1825, -1712, -1599, -1486, -1373, -1260, -1147, -1034, -921, -808, -695, -582, -469, -356, -243, -130, -17) -> max value: -6345
(97, 210, 323, 436, 549, 662, 775, 888, 1001, 1114, 1227, 1340, 1453, 1566, 1679, 1792, 1808, 1905, 2018, 2131, 2244, 2357, 2470, 2583, 2696, 2809, 2922, 3035, 3148, 3261, 3374, 3487, 3600, 3713, 3826, 3939, 4052, 4165, 4278, 4391, 4504, 4617, 4730, 4843, 4956, 5069, 5182, 5295, 5408, 5521, 5634, 5747, 5860, 5973, 6086, 6199, 6312, -6344, -6231, -6118, -6005, -5892, -5779, -5666, -5553, -5440, -5327, -5214, -5101, -4988, -4875, -4762, -4649, -4536, -4423, -4310, -4197, -4084, -3971, -3858, -3745, -3632, -3519, -3406, -3293, -3180, -3067, -2954, -2841, -2728, -2615, -2502, -2389, -2276, -2163, -2050, -1937, -1824, -1711, -1598, -1485, -1372, -1259, -1146, -1033, -920, -807, -694, -581, -468, -355, -242, -129, -16) -> max value: -6344
(98, 211, 324, 437, 550, 663, 776, 889, 1002, 1115, 1228, 1341, 1454, 1567, 1680, 1695, 1793, 1906, 2019, 2132, 2245, 2358, 2471, 2584, 2697, 2810, 2923, 3036, 3149, 3262, 3375, 3488, 3601, 3714, 3827, 3940, 4053, 4166, 4279, 4392, 4505, 4618, 4731, 4844, 4957, 5070, 5183, 5296, 5409, 5522, 5635, 5748, 5861, 5974, 6087, 6200, 6313, -6343, -6230, -6117, -6004, -5891, -5778, -5665, -5552, -5439, -5326, -5213, -5100, -4987, -4874, -4761, -4648, -4535, -4422, -4309, -4196, -4083, -3970, -3857, -3744, -3631, -3518, -3405, -3292, -3179, -3066, -2953, -2840, -2727, -2614, -2501, -2388, -2275, -2162, -2049, -1936, -1823, -1710, -1597, -1484, -1371, -1258, -1145, -1032, -919, -806, -693, -580, -467, -354, -241, -128, -15) -> max value: -6343
(99, 212, 325, 438, 551, 664, 777, 890, 1003, 1116, 1229, 1342, 1455, 1568, 1582, 1681, 1794, 1907, 2020, 2133, 2246, 2359, 2472, 2585, 2698, 2811, 2924, 3037, 3150, 3263, 3376, 3489, 3602, 3715, 3828, 3941, 4054, 4167, 4280, 4393, 4506, 4619, 4732, 4845, 4958, 5071, 5184, 5297, 5410, 5523, 5636, 5749, 5862, 5975, 6088, 6201, 6314, -6342, -6229, -6116, -6003, -5890, -5777, -5664, -5551, -5438, -5325, -5212, -5099, -4986, -4873, -4760, -4647, -4534, -4421, -4308, -4195, -4082, -3969, -3856, -3743, -3630, -3517, -3404, -3291, -3178, -3065, -2952, -2839, -2726, -2613, -2500, -2387, -2274, -2161, -2048, -1935, -1822, -1709, -1596, -1483, -1370, -1257, -1144, -1031, -918, -805, -692, -579, -466, -353, -240, -127, -14) -> max value: -6342
(100, 213, 326, 439, 552, 665, 778, 891, 1004, 1117, 1230, 1343, 1456, 1469, 1569, 1682, 1795, 1908, 2021, 2134, 2247, 2360, 2473, 2586, 2699, 2812, 2925, 3038, 3151, 3264, 3377, 3490, 3603, 3716, 3829, 3942, 4055, 4168, 4281, 4394, 4507, 4620, 4733, 4846, 4959, 5072, 5185, 5298, 5411, 5524, 5637, 5750, 5863, 5976, 6089, 6202, 6315, -6341, -6228, -6115, -6002, -5889, -5776, -5663, -5550, -5437, -5324, -5211, -5098, -4985, -4872, -4759, -4646, -4533, -4420, -4307, -4194, -4081, -3968, -3855, -3742, -3629, -3516, -3403, -3290, -3177, -3064, -2951, -2838, -2725, -2612, -2499, -2386, -2273, -2160, -2047, -1934, -1821, -1708, -1595, -1482, -1369, -1256, -1143, -1030, -917, -804, -691, -578, -465, -352, -239, -126, -13) -> max value: -6341
(101, 214, 327, 440, 553, 666, 779, 892, 1005, 1118, 1231, 1344, 1356, 1457, 1570, 1683, 1796, 1909, 2022, 2135, 2248, 2361, 2474, 2587, 2700, 2813, 2926, 3039, 3152, 3265, 3378, 3491, 3604, 3717, 3830, 3943, 4056, 4169, 4282, 4395, 4508, 4621, 4734, 4847, 4960, 5073, 5186, 5299, 5412, 5525, 5638, 5751, 5864, 5977, 6090, 6203, 6316, -6340, -6227, -6114, -6001, -5888, -5775, -5662, -5549, -5436, -5323, -5210, -5097, -4984, -4871, -4758, -4645, -4532, -4419, -4306, -4193, -4080, -3967, -3854, -3741, -3628, -3515, -3402, -3289, -3176, -3063, -2950, -2837, -2724, -2611, -2498, -2385, -2272, -2159, -2046, -1933, -1820, -1707, -1594, -1481, -1368, -1255, -1142, -1029, -916, -803, -690, -577, -464, -351, -238, -125, -12) -> max value: -6340
(102, 215, 328, 441, 554, 667, 780, 893, 1006, 1119, 1232, 1243, 1345, 1458, 1571, 1684, 1797, 1910, 2023, 2136, 2249, 2362, 2475, 2588, 2701, 2814, 2927, 3040, 3153, 3266, 3379, 3492, 3605, 3718, 3831, 3944, 4057, 4170, 4283, 4396, 4509, 4622, 4735, 4848, 4961, 5074, 5187, 5300, 5413, 5526, 5639, 5752, 5865, 5978, 6091, 6204, 6317, -6339, -6226, -6113, -6000, -5887, -5774, -5661, -5548, -5435, -5322, -5209, -5096, -4983, -4870, -4757, -4644, -4531, -4418, -4305, -4192, -4079, -3966, -3853, -3740, -3627, -3514, -3401, -3288, -3175, -3062, -2949, -2836, -2723, -2610, -2497, -2384, -2271, -2158, -2045, -1932, -1819, -1706, -1593, -1480, -1367, -1254, -1141, -1028, -915, -802, -689, -576, -463, -350, -237, -124, -11) -> max value: -6339
(103, 216, 329, 442, 555, 668, 781, 894, 1007, 1120, 1130, 1233, 1346, 1459, 1572, 1685, 1798, 1911, 2024, 2137, 2250, 2363, 2476, 2589, 2702, 2815, 2928, 3041, 3154, 3267, 3380, 3493, 3606, 3719, 3832, 3945, 4058, 4171, 4284, 4397, 4510, 4623, 4736, 4849, 4962, 5075, 5188, 5301, 5414, 5527, 5640, 5753, 5866, 5979, 6092, 6205, 6318, -6338, -6225, -6112, -5999, -5886, -5773, -5660, -5547, -5434, -5321, -5208, -5095, -4982, -4869, -4756, -4643, -4530, -4417, -4304, -4191, -4078, -3965, -3852, -3739, -3626, -3513, -3400, -3287, -3174, -3061, -2948, -2835, -2722, -2609, -2496, -2383, -2270, -2157, -2044, -1931, -1818, -1705, -1592, -1479, -1366, -1253, -1140, -1027, -914, -801, -688, -575, -462, -349, -236, -123, -10) -> max value: -6338
(104, 217, 330, 443, 556, 669, 782, 895, 1008, 1017, 1121, 1234, 1347, 1460, 1573, 1686, 1799, 1912, 2025, 2138, 2251, 2364, 2477, 2590, 2703, 2816, 2929, 3042, 3155, 3268, 3381, 3494, 3607, 3720, 3833, 3946, 4059, 4172, 4285, 4398, 4511, 4624, 4737, 4850, 4963, 5076, 5189, 5302, 5415, 5528, 5641, 5754, 5867, 5980, 6093, 6206, 6319, -6337, -6224, -6111, -5998, -5885, -5772, -5659, -5546, -5433, -5320, -5207, -5094, -4981, -4868, -4755, -4642, -4529, -4416, -4303, -4190, -4077, -3964, -3851, -3738, -3625, -3512, -3399, -3286, -3173, -3060, -2947, -2834, -2721, -2608, -2495, -2382, -2269, -2156, -2043, -1930, -1817, -1704, -1591, -1478, -1365, -1252, -1139, -1026, -913, -800, -687, -574, -461, -348, -235, -122, -9) -> max value: -6337
(105, 218, 331, 444, 557, 670, 783, 896, 904, 1009, 1122, 1235, 1348, 1461, 1574, 1687, 1800, 1913, 2026, 2139, 2252, 2365, 2478, 2591, 2704, 2817, 2930, 3043, 3156, 3269, 3382, 3495, 3608, 3721, 3834, 3947, 4060, 4173, 4286, 4399, 4512, 4625, 4738, 4851, 4964, 5077, 5190, 5303, 5416, 5529, 5642, 5755, 5868, 5981, 6094, 6207, 6320, -6336, -6223, -6110, -5997, -5884, -5771, -5658, -5545, -5432, -5319, -5206, -5093, -4980, -4867, -4754, -4641, -4528, -4415, -4302, -4189, -4076, -3963, -3850, -3737, -3624, -3511, -3398, -3285, -3172, -3059, -2946, -2833, -2720, -2607, -2494, -2381, -2268, -2155, -2042, -1929, -1816, -1703, -1590, -1477, -1364, -1251, -1138, -1025, -912, -799, -686, -573, -460, -347, -234, -121, -8) -> max value: -6336
(106, 219, 332, 445, 558, 671, 784, 791, 897, 1010, 1123, 1236, 1349, 1462, 1575, 1688, 1801, 1914, 2027, 2140, 2253, 2366, 2479, 2592, 2705, 2818, 2931, 3044, 3157, 3270, 3383, 3496, 3609, 3722, 3835, 3948, 4061, 4174, 4287, 4400, 4513, 4626, 4739, 4852, 4965, 5078, 5191, 5304, 5417, 5530, 5643, 5756, 5869, 5982, 6095, 6208, 6321, -6335, -6222, -6109, -5996, -5883, -5770, -5657, -5544, -5431, -5318, -5205, -5092, -4979, -4866, -4753, -4640, -4527, -4414, -4301, -4188, -4075, -3962, -3849, -3736, -3623, -3510, -3397, -3284, -3171, -3058, -2945, -2832, -2719, -2606, -2493, -2380, -2267, -2154, -2041, -1928, -1815, -1702, -1589, -1476, -1363, -1250, -1137, -1024, -911, -798, -685, -572, -459, -346, -233, -120, -7) -> max value: -6335
(107, 220, 333, 446, 559, 672, 678, 785, 898, 1011, 1124, 1237, 1350, 1463, 1576, 1689, 1802, 1915, 2028, 2141, 2254, 2367, 2480, 2593, 2706, 2819, 2932, 3045, 3158, 3271, 3384, 3497, 3610, 3723, 3836, 3949, 4062, 4175, 4288, 4401, 4514, 4627, 4740, 4853, 4966, 5079, 5192, 5305, 5418, 5531, 5644, 5757, 5870, 5983, 6096, 6209, 6322, -6334, -6221, -6108, -5995, -5882, -5769, -5656, -5543, -5430, -5317, -5204, -5091, -4978, -4865, -4752, -4639, -4526, -4413, -4300, -4187, -4074, -3961, -3848, -3735, -3622, -3509, -3396, -3283, -3170, -3057, -2944, -2831, -2718, -2605, -2492, -2379, -2266, -2153, -2040, -1927, -1814, -1701, -1588, -1475, -1362, -1249, -1136, -1023, -910, -797, -684, -571, -458, -345, -232, -119, -6) -> max value: -6334
(108, 221, 334, 447, 560, 565, 673, 786, 899, 1012, 1125, 1238, 1351, 1464, 1577, 1690, 1803, 1916, 2029, 2142, 2255, 2368, 2481, 2594, 2707, 2820, 2933, 3046, 3159, 3272, 3385, 3498, 3611, 3724, 3837, 3950, 4063, 4176, 4289, 4402, 4515, 4628, 4741, 4854, 4967, 5080, 5193, 5306, 5419, 5532, 5645, 5758, 5871, 5984, 6097, 6210, 6323, -6333, -6220, -6107, -5994, -5881, -5768, -5655, -5542, -5429, -5316, -5203, -5090, -4977, -4864, -4751, -4638, -4525, -4412, -4299, -4186, -4073, -3960, -3847, -3734, -3621, -3508, -3395, -3282, -3169, -3056, -2943, -2830, -2717, -2604, -2491, -2378, -2265, -2152, -2039, -1926, -1813, -1700, -1587, -1474, -1361, -1248, -1135, -1022, -909, -796, -683, -570, -457, -344, -231, -118, -5) -> max value: -6333
(109, 222, 335, 448, 452, 561, 674, 787, 900, 1013, 1126, 1239, 1352, 1465, 1578, 1691, 1804, 1917, 2030, 2143, 2256, 2369, 2482, 2595, 2708, 2821, 2934, 3047, 3160, 3273, 3386, 3499, 3612, 3725, 3838, 3951, 4064, 4177, 4290, 4403, 4516, 4629, 4742, 4855, 4968, 5081, 5194, 5307, 5420, 5533, 5646, 5759, 5872, 5985, 6098, 6211, 6324, -6332, -6219, -6106, -5993, -5880, -5767, -5654, -5541, -5428, -5315, -5202, -5089, -4976, -4863, -4750, -4637, -4524, -4411, -4298, -4185, -4072, -3959, -3846, -3733, -3620, -3507, -3394, -3281, -3168, -3055, -2942, -2829, -2716, -2603, -2490, -2377, -2264, -2151, -2038, -1925, -1812, -1699, -1586, -1473, -1360, -1247, -1134, -1021, -908, -795, -682, -569, -456, -343, -230, -117, -4) -> max value: -6332
(110, 223, 336, 339, 449, 562, 675, 788, 901, 1014, 1127, 1240, 1353, 1466, 1579, 1692, 1805, 1918, 2031, 2144, 2257, 2370, 2483, 2596, 2709, 2822, 2935, 3048, 3161, 3274, 3387, 3500, 3613, 3726, 3839, 3952, 4065, 4178, 4291, 4404, 4517, 4630, 4743, 4856, 4969, 5082, 5195, 5308, 5421, 5534, 5647, 5760, 5873, 5986, 6099, 6212, 6325, -6331, -6218, -6105, -5992, -5879, -5766, -5653, -5540, -5427, -5314, -5201, -5088, -4975, -4862, -4749, -4636, -4523, -4410, -4297, -4184, -4071, -3958, -3845, -3732, -3619, -3506, -3393, -3280, -3167, -3054, -2941, -2828, -2715, -2602, -2489, -2376, -2263, -2150, -2037, -1924, -1811, -1698, -1585, -1472, -1359, -1246, -1133, -1020, -907, -794, -681, -568, -455, -342, -229, -116, -3) -> max value: -6331
(111, 224, 226, 337, 450, 563, 676, 789, 902, 1015, 1128, 1241, 1354, 1467, 1580, 1693, 1806, 1919, 2032, 2145, 2258, 2371, 2484, 2597, 2710, 2823, 2936, 3049, 3162, 3275, 3388, 3501, 3614, 3727, 3840, 3953, 4066, 4179, 4292, 4405, 4518, 4631, 4744, 4857, 4970, 5083, 5196, 5309, 5422, 5535, 5648, 5761, 5874, 5987, 6100, 6213, 6326, -6330, -6217, -6104, -5991, -5878, -5765, -5652, -5539, -5426, -5313, -5200, -5087, -4974, -4861, -4748, -4635, -4522, -4409, -4296, -4183, -4070, -3957, -3844, -3731, -3618, -3505, -3392, -3279, -3166, -3053, -2940, -2827, -2714, -2601, -2488, -2375, -2262, -2149, -2036, -1923, -1810, -1697, -1584, -1471, -1358, -1245, -1132, -1019, -906, -793, -680, -567, -454, -341, -228, -115, -2) -> max value: -6330
(112, 113, 225, 338, 451, 564, 677, 790, 903, 1016, 1129, 1242, 1355, 1468, 1581, 1694, 1807, 1920, 2033, 2146, 2259, 2372, 2485, 2598, 2711, 2824, 2937, 3050, 3163, 3276, 3389, 3502, 3615, 3728, 3841, 3954, 4067, 4180, 4293, 4406, 4519, 4632, 4745, 4858, 4971, 5084, 5197, 5310, 5423, 5536, 5649, 5762, 5875, 5988, 6101, 6214, 6327, -6329, -6216, -6103, -5990, -5877, -5764, -5651, -5538, -5425, -5312, -5199, -5086, -4973, -4860, -4747, -4634, -4521, -4408, -4295, -4182, -4069, -3956, -3843, -3730, -3617, -3504, -3391, -3278, -3165, -3052, -2939, -2826, -2713, -2600, -2487, -2374, -2261, -2148, -2035, -1922, -1809, -1696, -1583, -1470, -1357, -1244, -1131, -1018, -905, -792, -679, -566, -453, -340, -227, -114, -1) -> max value: -6329
