Running method validate_set_V(m = 111, d = 2):

Summary:
given m = 111, d = 2
Calculations took 0 days, 0 hours, 0 minutes, 0 seconds, 38 miliseconds, 47 microseconds, 200 nanoseconds.
Z/mZ:  [0, 1, 2, 3, 4, 5, 6, 7, 8, 9, 10, 11, 12, 13, 14, 15, 16, 17, 18, 19, 20, 21, 22, 23, 24, 25, 26, 27, 28, 29, 30, 31, 32, 33, 34, 35, 36, 37, 38, 39, 40, 41, 42, 43, 44, 45, 46, 47, 48, 49, 50, 51, 52, 53, 54, 55, 56, 57, 58, 59, 60, 61, 62, 63, 64, 65, 66, 67, 68, 69, 70, 71, 72, 73, 74, 75, 76, 77, 78, 79, 80, 81, 82, 83, 84, 85, 86, 87, 88, 89, 90, 91, 92, 93, 94, 95, 96, 97, 98, 99, 100, 101, 102, 103, 104, 105, 106, 107, 108, 109, 110]
Z/mZ*: [1, 2, 4, 5, 7, 8, 10, 11, 13, 14, 16, 17, 19, 20, 22, 23, 25, 26, 28, 29, 31, 32, 34, 35, 38, 40, 41, 43, 44, 46, 47, 49, 50, 52, 53, 55, 56, 58, 59, 61, 62, 64, 65, 67, 68, 70, 71, 73, 76, 77, 79, 80, 82, 83, 85, 86, 88, 89, 91, 92, 94, 95, 97, 98, 100, 101, 103, 104, 106, 107, 109, 110]
All ascending & non-repeating tuple (size 4) combinations possible for the U set: 5773185
                      V set: contains 1521 tuples
          all_are_pairs set: contains 1485 tuples
         some_are_pairs set: contains 0 tuples
         none_are_pairs set: contains 36 tuples
         indecomposable set: contains 36 tuples
decomposable & no pairs set: contains 0 tuples
     exceptional_cycles set: contains 36 tuples

Print V set (contains 1521 tuples): {
(26, 41, 70, 85)
(12, 18, 93, 99)
(8, 12, 99, 103)
(9, 39, 72, 102)
(2, 28, 83, 109)
(9, 50, 61, 102)
(1, 5, 106, 110)
(39, 47, 64, 72)
(41, 54, 57, 70)
(11, 36, 75, 100)
(8, 53, 58, 103)
(3, 40, 71, 108)
(13, 16, 95, 98)
(20, 36, 75, 91)
(2, 32, 79, 109)
(13, 21, 90, 98)
(15, 28, 83, 96)
(1, 41, 70, 110)
(7, 53, 58, 104)
(4, 6, 105, 107)
(28, 32, 79, 83)
(4, 42, 69, 107)
(36, 37, 74, 75)
(13, 39, 72, 98)
(19, 54, 57, 92)
(6, 32, 79, 105)
(7, 9, 102, 104)
(24, 52, 59, 87)
(15, 32, 79, 96)
(21, 46, 65, 90)
(33, 52, 59, 78)
(2, 11, 100, 109)
(32, 41, 70, 79)
(2, 42, 69, 109)
(7, 18, 93, 104)
(15, 52, 59, 96)
(31, 55, 56, 80)
(5, 38, 73, 106)
(36, 45, 66, 75)
(14, 48, 63, 97)
(47, 52, 59, 64)
(6, 27, 84, 105)
(19, 23, 88, 92)
(45, 52, 59, 66)
(26, 45, 66, 85)
(43, 48, 63, 68)
(16, 34, 77, 95)
(28, 46, 65, 83)
(20, 25, 86, 91)
(36, 51, 60, 75)
(11, 52, 59, 100)
(13, 45, 66, 98)
(23, 52, 59, 88)
(3, 46, 65, 108)
(11, 32, 79, 100)
(17, 40, 71, 94)
(13, 50, 72, 87)
(6, 52, 59, 105)
(4, 29, 82, 107)
(42, 51, 60, 69)
(3, 8, 103, 108)
(11, 23, 88, 100)
(36, 40, 71, 75)
(38, 41, 70, 73)
(4, 28, 83, 107)
(3, 40, 77, 102)
(8, 18, 93, 103)
(19, 41, 70, 92)
(22, 38, 73, 89)
(2, 9, 102, 109)
(48, 54, 57, 63)
(19, 31, 80, 92)
(22, 46, 65, 89)
(8, 15, 96, 103)
(14, 36, 75, 97)
(5, 36, 75, 106)
(32, 46, 65, 79)
(15, 32, 69, 106)
(26, 48, 63, 85)
(28, 41, 70, 83)
(1, 36, 75, 110)
(7, 42, 69, 104)
(31, 47, 64, 80)
(8, 36, 75, 103)
(4, 22, 89, 107)
(24, 26, 85, 87)
(4, 13, 98, 107)
(16, 24, 87, 95)
(20, 23, 88, 91)
(22, 25, 86, 89)
(43, 49, 62, 68)
(25, 44, 67, 86)
(4, 23, 88, 107)
(5, 16, 95, 106)
(11, 20, 91, 100)
(15, 43, 68, 96)
(9, 15, 96, 102)
(27, 31, 80, 84)
(18, 55, 56, 93)
(5, 20, 91, 106)
(34, 55, 56, 77)
(26, 47, 64, 85)
(10, 17, 94, 101)
(17, 50, 61, 94)
(20, 46, 65, 91)
(7, 8, 103, 104)
(6, 50, 61, 105)
(25, 26, 85, 86)
(35, 37, 74, 76)
(20, 41, 70, 91)
(23, 32, 79, 88)
(40, 54, 57, 71)
(18, 25, 86, 93)
(28, 50, 61, 83)
(11, 19, 92, 100)
(24, 53, 58, 87)
(36, 49, 62, 75)
(18, 32, 79, 93)
(1, 11, 100, 110)
(17, 21, 90, 94)
(32, 35, 76, 79)
(38, 48, 63, 73)
(46, 52, 59, 65)
(22, 29, 82, 89)
(9, 17, 94, 102)
(1, 3, 108, 110)
(14, 39, 72, 97)
(21, 28, 83, 90)
(15, 30, 81, 96)
(21, 43, 68, 90)
(36, 42, 69, 75)
(7, 25, 86, 104)
(19, 34, 77, 92)
(13, 52, 59, 98)
(13, 36, 75, 98)
(19, 45, 66, 92)
(4, 37, 74, 107)
(10, 32, 79, 101)
(1, 26, 85, 110)
(19, 24, 87, 92)
(9, 37, 74, 102)
(12, 27, 84, 99)
(12, 53, 58, 99)
(15, 20, 91, 96)
(12, 28, 83, 99)
(39, 55, 56, 72)
(27, 43, 68, 84)
(18, 19, 92, 93)
(2, 12, 99, 109)
(9, 21, 90, 102)
(23, 55, 56, 88)
(16, 33, 78, 95)
(4, 34, 77, 107)
(22, 24, 87, 89)
(36, 50, 61, 75)
(26, 55, 56, 85)
(19, 26, 85, 92)
(43, 52, 59, 68)
(20, 27, 84, 91)
(2, 17, 94, 109)
(8, 40, 71, 103)
(14, 28, 83, 97)
(35, 47, 64, 76)
(30, 41, 70, 81)
(14, 17, 94, 97)
(4, 52, 59, 107)
(25, 51, 60, 86)
(13, 50, 61, 98)
(38, 53, 58, 73)
(42, 43, 68, 69)
(11, 46, 65, 100)
(1, 13, 98, 110)
(25, 48, 63, 86)
(1, 14, 97, 110)
(11, 14, 97, 100)
(2, 14, 97, 109)
(10, 34, 77, 101)
(8, 51, 60, 103)
(12, 47, 64, 99)
(25, 34, 77, 86)
(15, 24, 87, 96)
(20, 21, 90, 91)
(13, 18, 93, 98)
(2, 40, 71, 109)
(41, 55, 56, 70)
(12, 52, 59, 99)
(37, 44, 67, 74)
(3, 4, 107, 108)
(9, 36, 75, 102)
(36, 54, 57, 75)
(29, 53, 58, 82)
(34, 44, 67, 77)
(13, 28, 83, 98)
(22, 28, 83, 89)
(1, 55, 56, 110)
(5, 23, 88, 106)
(5, 7, 104, 106)
(7, 34, 77, 104)
(15, 23, 88, 96)
(1, 18, 93, 110)
(1, 40, 71, 110)
(42, 46, 65, 69)
(5, 39, 72, 106)
(37, 50, 61, 74)
(10, 11, 100, 101)
(19, 20, 91, 92)
(17, 18, 93, 94)
(30, 37, 74, 81)
(1, 45, 66, 110)
(2, 5, 106, 109)
(15, 55, 56, 96)
(22, 36, 75, 89)
(2, 54, 57, 109)
(16, 40, 71, 95)
(14, 47, 64, 97)
(21, 34, 77, 90)
(14, 20, 91, 97)
(10, 51, 60, 101)
(34, 49, 62, 77)
(19, 44, 67, 92)
(3, 9, 102, 108)
(8, 23, 88, 103)
(21, 31, 80, 90)
(19, 29, 82, 92)
(23, 34, 77, 88)
(1, 39, 72, 110)
(10, 37, 74, 101)
(25, 47, 64, 86)
(7, 14, 97, 104)
(23, 42, 69, 88)
(8, 33, 78, 103)
(15, 42, 69, 96)
(27, 41, 70, 84)
(8, 13, 98, 103)
(10, 49, 62, 101)
(12, 44, 67, 99)
(12, 25, 86, 99)
(27, 30, 64, 101)
(13, 46, 65, 98)
(2, 18, 93, 109)
(1, 34, 77, 110)
(30, 48, 63, 81)
(42, 52, 59, 69)
(33, 38, 73, 78)
(4, 32, 79, 107)
(13, 19, 92, 98)
(3, 38, 73, 108)
(35, 43, 68, 76)
(14, 21, 90, 97)
(25, 40, 71, 86)
(10, 30, 81, 101)
(1, 22, 89, 110)
(35, 42, 69, 76)
(22, 52, 59, 89)
(21, 53, 58, 90)
(37, 43, 68, 74)
(2, 24, 87, 109)
(17, 24, 87, 94)
(18, 29, 82, 93)
(27, 28, 65, 102)
(48, 49, 62, 63)
(12, 24, 87, 99)
(12, 46, 65, 99)
(5, 45, 66, 106)
(33, 35, 76, 78)
(50, 54, 57, 61)
(10, 28, 83, 101)
(20, 49, 62, 91)
(21, 40, 71, 90)
(7, 54, 57, 104)
(13, 35, 76, 98)
(37, 54, 57, 74)
(11, 54, 57, 100)
(41, 42, 69, 70)
(2, 43, 68, 109)
(10, 43, 68, 101)
(33, 50, 61, 78)
(41, 43, 68, 70)
(41, 44, 67, 70)
(22, 45, 59, 96)
(2, 36, 75, 109)
(10, 39, 72, 101)
(24, 51, 60, 87)
(3, 26, 85, 108)
(35, 50, 61, 76)
(29, 31, 80, 82)
(6, 47, 64, 105)
(18, 22, 89, 93)
(20, 44, 67, 91)
(54, 55, 56, 57)
(22, 30, 81, 89)
(29, 47, 64, 82)
(14, 45, 66, 97)
(18, 20, 91, 93)
(22, 48, 63, 89)
(41, 49, 62, 70)
(10, 35, 76, 101)
(14, 46, 65, 97)
(26, 43, 68, 85)
(21, 38, 73, 90)
(4, 19, 92, 107)
(8, 28, 83, 103)
(18, 55, 57, 92)
(44, 54, 57, 67)
(5, 43, 68, 106)
(38, 40, 71, 73)
(6, 45, 66, 105)
(10, 33, 78, 101)
(7, 15, 96, 104)
(40, 43, 68, 71)
(7, 22, 89, 104)
(5, 34, 77, 106)
(29, 34, 77, 82)
(38, 39, 72, 73)
(53, 54, 57, 58)
(10, 29, 82, 101)
(34, 43, 68, 77)
(18, 48, 63, 93)
(29, 54, 57, 82)
(2, 51, 60, 109)
(38, 52, 59, 73)
(15, 18, 93, 96)
(2, 6, 105, 109)
(9, 11, 100, 102)
(14, 42, 69, 97)
(20, 26, 85, 91)
(4, 39, 72, 107)
(42, 48, 63, 69)
(3, 11, 100, 108)
(16, 18, 93, 95)
(2, 55, 56, 109)
(2, 8, 103, 109)
(21, 33, 78, 90)
(27, 38, 73, 84)
(6, 54, 57, 105)
(23, 28, 83, 88)
(4, 41, 70, 107)
(6, 8, 103, 105)
(11, 26, 85, 100)
(5, 17, 94, 106)
(9, 54, 57, 102)
(12, 13, 98, 99)
(25, 38, 73, 86)
(15, 33, 78, 96)
(8, 19, 92, 103)
(2, 33, 78, 109)
(37, 51, 60, 74)
(13, 54, 57, 98)
(16, 30, 81, 95)
(4, 45, 66, 107)
(19, 40, 71, 92)
(16, 38, 73, 95)
(32, 38, 73, 79)
(24, 48, 63, 87)
(4, 51, 60, 107)
(24, 27, 84, 87)
(35, 44, 67, 76)
(6, 11, 100, 105)
(32, 33, 78, 79)
(39, 53, 58, 72)
(2, 30, 81, 109)
(8, 48, 63, 103)
(23, 43, 68, 88)
(10, 54, 57, 101)
(15, 50, 61, 96)
(24, 45, 66, 87)
(4, 31, 80, 107)
(28, 34, 77, 83)
(14, 16, 95, 97)
(20, 22, 89, 91)
(39, 50, 61, 72)
(8, 14, 97, 103)
(18, 52, 59, 93)
(37, 41, 70, 74)
(9, 10, 101, 102)
(5, 18, 93, 106)
(12, 49, 75, 86)
(15, 25, 86, 96)
(32, 44, 67, 79)
(33, 37, 74, 78)
(11, 38, 73, 100)
(22, 49, 62, 89)
(4, 9, 102, 107)
(27, 36, 75, 84)
(4, 43, 68, 107)
(5, 13, 98, 106)
(18, 36, 75, 93)
(3, 43, 68, 108)
(13, 29, 82, 98)
(4, 41, 78, 99)
(48, 55, 56, 63)
(1, 54, 57, 110)
(5, 12, 99, 106)
(20, 42, 69, 91)
(10, 36, 75, 101)
(12, 17, 94, 99)
(3, 10, 101, 108)
(2, 52, 59, 109)
(45, 46, 65, 66)
(10, 27, 84, 101)
(9, 43, 68, 102)
(26, 51, 60, 85)
(22, 45, 66, 89)
(26, 54, 57, 85)
(28, 36, 75, 83)
(13, 17, 94, 98)
(20, 48, 63, 91)
(1, 25, 86, 110)
(22, 51, 60, 89)
(18, 54, 57, 93)
(29, 32, 79, 82)
(29, 35, 76, 82)
(6, 16, 95, 105)
(21, 37, 74, 90)
(15, 53, 58, 96)
(15, 17, 94, 96)
(5, 37, 74, 106)
(9, 28, 83, 102)
(22, 47, 64, 89)
(28, 49, 62, 83)
(3, 29, 82, 108)
(16, 31, 80, 95)
(36, 47, 64, 75)
(51, 52, 59, 60)
(24, 42, 69, 87)
(14, 32, 79, 97)
(34, 39, 72, 77)
(8, 45, 66, 103)
(15, 40, 71, 96)
(8, 17, 94, 103)
(8, 38, 73, 103)
(21, 35, 76, 90)
(37, 39, 72, 74)
(41, 45, 66, 70)
(4, 33, 78, 107)
(29, 36, 75, 82)
(24, 44, 67, 87)
(17, 28, 83, 94)
(1, 33, 78, 110)
(25, 33, 78, 86)
(13, 38, 73, 98)
(32, 37, 74, 79)
(25, 43, 68, 86)
(6, 35, 72, 109)
(25, 36, 62, 99)
(20, 45, 66, 91)
(11, 18, 93, 100)
(7, 38, 73, 104)
(9, 46, 65, 102)
(10, 12, 99, 101)
(44, 50, 61, 67)
(9, 48, 63, 102)
(6, 43, 80, 93)
(33, 34, 77, 78)
(25, 32, 79, 86)
(11, 43, 68, 100)
(49, 55, 56, 62)
(6, 21, 90, 105)
(28, 42, 69, 83)
(13, 15, 96, 98)
(29, 39, 72, 82)
(13, 33, 78, 98)
(5, 35, 76, 106)
(8, 42, 69, 103)
(15, 19, 92, 96)
(1, 37, 74, 110)
(12, 34, 77, 99)
(5, 8, 103, 106)
(12, 32, 79, 99)
(42, 47, 64, 69)
(18, 26, 85, 93)
(36, 48, 63, 75)
(20, 29, 82, 91)
(48, 51, 60, 63)
(8, 22, 89, 103)
(5, 41, 70, 106)
(37, 46, 65, 74)
(38, 49, 62, 73)
(35, 39, 72, 76)
(44, 46, 65, 67)
(3, 19, 92, 108)
(35, 52, 59, 76)
(8, 9, 102, 103)
(30, 55, 56, 81)
(10, 31, 80, 101)
(25, 36, 75, 86)
(19, 36, 75, 92)
(16, 25, 86, 95)
(21, 54, 57, 90)
(33, 46, 65, 78)
(31, 33, 78, 80)
(30, 53, 58, 81)
(10, 42, 69, 101)
(17, 53, 58, 94)
(24, 35, 76, 87)
(30, 42, 69, 81)
(2, 27, 84, 109)
(11, 31, 80, 100)
(23, 24, 87, 88)
(7, 10, 101, 104)
(7, 44, 67, 104)
(4, 46, 65, 107)
(7, 49, 62, 104)
(38, 44, 67, 73)
(18, 45, 66, 93)
(24, 29, 82, 87)
(12, 33, 78, 99)
(31, 32, 79, 80)
(3, 42, 69, 108)
(15, 21, 90, 96)
(19, 25, 86, 92)
(32, 43, 68, 79)
(28, 39, 72, 83)
(33, 44, 67, 78)
(23, 40, 71, 88)
(21, 36, 75, 90)
(13, 42, 69, 98)
(1, 42, 69, 110)
(1, 29, 82, 110)
(45, 51, 60, 66)
(10, 21, 90, 101)
(10, 13, 98, 101)
(14, 23, 88, 97)
(16, 43, 68, 95)
(16, 41, 70, 95)
(33, 43, 68, 78)
(22, 27, 84, 89)
(23, 44, 67, 88)
(36, 39, 72, 75)
(22, 54, 57, 89)
(14, 54, 57, 97)
(27, 30, 81, 84)
(40, 44, 67, 71)
(40, 55, 56, 71)
(40, 41, 70, 71)
(38, 51, 60, 73)
(21, 24, 87, 90)
(22, 42, 69, 89)
(1, 27, 84, 110)
(10, 44, 67, 101)
(21, 22, 89, 90)
(21, 42, 69, 90)
(23, 42, 60, 97)
(2, 20, 91, 109)
(19, 39, 72, 92)
(1, 48, 63, 110)
(5, 54, 57, 106)
(28, 37, 74, 83)
(3, 35, 76, 108)
(4, 14, 97, 107)
(20, 33, 78, 91)
(20, 50, 61, 91)
(21, 39, 72, 90)
(26, 36, 75, 85)
(52, 55, 56, 59)
(13, 27, 84, 98)
(21, 27, 84, 90)
(42, 44, 67, 69)
(30, 39, 72, 81)
(22, 43, 68, 89)
(25, 41, 70, 86)
(28, 31, 80, 83)
(1, 51, 60, 110)
(12, 22, 89, 99)
(12, 33, 70, 107)
(3, 34, 77, 108)
(1, 44, 67, 110)
(8, 45, 82, 87)
(39, 46, 65, 72)
(27, 53, 58, 84)
(13, 41, 70, 98)
(26, 52, 59, 85)
(20, 37, 74, 91)
(22, 44, 67, 89)
(14, 40, 71, 97)
(35, 40, 71, 76)
(27, 54, 57, 84)
(34, 54, 57, 77)
(4, 18, 93, 107)
(44, 49, 62, 67)
(48, 50, 61, 63)
(8, 49, 62, 103)
(24, 38, 73, 87)
(24, 54, 57, 87)
(27, 46, 65, 84)
(21, 41, 70, 90)
(30, 50, 61, 81)
(10, 18, 93, 101)
(33, 47, 64, 78)
(35, 46, 65, 76)
(2, 39, 76, 105)
(27, 32, 79, 84)
(44, 53, 58, 67)
(16, 17, 94, 95)
(8, 21, 90, 103)
(18, 39, 72, 93)
(37, 53, 58, 74)
(5, 27, 84, 106)
(30, 51, 60, 81)
(1, 46, 65, 110)
(4, 48, 63, 107)
(18, 24, 87, 93)
(43, 50, 61, 68)
(24, 43, 68, 87)
(32, 49, 62, 79)
(36, 38, 73, 75)
(7, 40, 71, 104)
(15, 54, 57, 96)
(2, 35, 76, 109)
(6, 36, 75, 105)
(18, 21, 90, 93)
(29, 51, 60, 82)
(48, 52, 59, 63)
(14, 29, 82, 97)
(17, 25, 86, 94)
(1, 2, 109, 110)
(6, 49, 62, 105)
(1, 9, 102, 110)
(30, 45, 66, 81)
(18, 28, 83, 93)
(4, 49, 62, 107)
(5, 53, 58, 106)
(12, 38, 73, 99)
(17, 46, 65, 94)
(3, 17, 94, 108)
(1, 7, 104, 110)
(7, 30, 81, 104)
(25, 53, 58, 86)
(35, 48, 63, 76)
(23, 53, 58, 88)
(6, 13, 98, 105)
(45, 53, 58, 66)
(8, 37, 74, 103)
(18, 50, 61, 93)
(5, 52, 59, 106)
(42, 50, 61, 69)
(4, 53, 58, 107)
(13, 40, 71, 98)
(14, 30, 81, 97)
(27, 44, 67, 84)
(49, 51, 60, 62)
(1, 6, 105, 110)
(23, 29, 82, 88)
(3, 21, 90, 108)
(6, 31, 80, 105)
(27, 48, 63, 84)
(6, 28, 83, 105)
(29, 46, 65, 82)
(14, 35, 76, 97)
(12, 43, 68, 99)
(44, 47, 64, 67)
(15, 35, 76, 96)
(24, 50, 61, 87)
(38, 55, 56, 73)
(4, 50, 61, 107)
(6, 14, 97, 105)
(14, 31, 80, 97)
(18, 37, 74, 93)
(22, 26, 85, 89)
(27, 49, 62, 84)
(9, 31, 80, 102)
(12, 36, 75, 99)
(7, 17, 94, 104)
(7, 50, 61, 104)
(18, 40, 71, 93)
(47, 51, 60, 64)
(2, 48, 63, 109)
(28, 45, 66, 83)
(7, 23, 88, 104)
(10, 45, 66, 101)
(23, 39, 72, 88)
(8, 44, 67, 103)
(32, 36, 75, 79)
(11, 33, 78, 100)
(23, 33, 78, 88)
(43, 55, 56, 68)
(43, 44, 67, 68)
(3, 39, 72, 108)
(28, 47, 64, 83)
(3, 28, 83, 108)
(13, 32, 79, 98)
(2, 50, 61, 109)
(2, 7, 104, 109)
(15, 52, 66, 89)
(39, 41, 70, 72)
(4, 47, 64, 107)
(21, 50, 61, 90)
(43, 53, 58, 68)
(50, 53, 58, 61)
(6, 48, 63, 105)
(7, 26, 85, 104)
(30, 33, 78, 81)
(11, 41, 70, 100)
(12, 26, 85, 99)
(16, 28, 83, 95)
(3, 23, 88, 108)
(10, 25, 86, 101)
(2, 21, 90, 109)
(14, 26, 85, 97)
(3, 32, 79, 108)
(32, 53, 58, 79)
(6, 20, 91, 105)
(8, 31, 80, 103)
(9, 52, 59, 102)
(30, 38, 73, 81)
(21, 26, 85, 90)
(9, 12, 99, 102)
(9, 24, 87, 102)
(37, 45, 66, 74)
(11, 15, 96, 100)
(30, 54, 57, 81)
(34, 46, 65, 77)
(10, 52, 59, 101)
(43, 51, 60, 68)
(46, 48, 63, 65)
(35, 36, 75, 76)
(31, 53, 58, 80)
(45, 55, 56, 66)
(1, 50, 61, 110)
(47, 48, 63, 64)
(15, 47, 64, 96)
(6, 43, 68, 105)
(21, 52, 59, 90)
(20, 43, 68, 91)
(24, 30, 81, 87)
(17, 41, 70, 94)
(27, 29, 82, 84)
(15, 36, 75, 96)
(3, 24, 87, 108)
(5, 49, 62, 106)
(2, 10, 101, 109)
(19, 51, 60, 92)
(31, 51, 60, 80)
(29, 48, 63, 82)
(40, 48, 63, 71)
(11, 22, 89, 100)
(26, 31, 80, 85)
(25, 46, 65, 86)
(33, 42, 69, 78)
(32, 34, 77, 79)
(28, 35, 76, 83)
(6, 29, 82, 105)
(11, 55, 56, 100)
(22, 39, 72, 89)
(35, 51, 60, 76)
(12, 39, 72, 99)
(24, 25, 86, 87)
(4, 21, 90, 107)
(40, 47, 64, 71)
(46, 51, 60, 65)
(18, 30, 81, 93)
(50, 51, 60, 61)
(14, 41, 70, 97)
(18, 53, 58, 93)
(3, 14, 97, 108)
(6, 55, 56, 105)
(40, 49, 62, 71)
(2, 53, 58, 109)
(2, 31, 80, 109)
(7, 45, 66, 104)
(28, 51, 60, 83)
(18, 49, 62, 93)
(34, 47, 64, 77)
(32, 51, 60, 79)
(11, 13, 98, 100)
(51, 55, 56, 60)
(31, 41, 70, 80)
(47, 50, 61, 64)
(16, 32, 79, 95)
(20, 35, 76, 91)
(26, 44, 67, 85)
(27, 39, 72, 84)
(5, 33, 78, 106)
(35, 55, 56, 76)
(5, 24, 87, 106)
(38, 45, 66, 73)
(3, 13, 98, 108)
(28, 55, 56, 83)
(4, 35, 76, 107)
(8, 16, 95, 103)
(11, 12, 99, 100)
(8, 43, 68, 103)
(14, 22, 89, 97)
(7, 20, 91, 104)
(2, 4, 107, 109)
(30, 46, 65, 81)
(14, 53, 58, 97)
(17, 47, 64, 94)
(6, 18, 93, 105)
(20, 51, 60, 91)
(3, 36, 73, 110)
(17, 29, 82, 94)
(27, 40, 71, 84)
(22, 34, 77, 89)
(20, 51, 57, 94)
(21, 48, 58, 95)
(30, 47, 64, 81)
(40, 50, 61, 71)
(46, 50, 61, 65)
(38, 47, 64, 73)
(27, 28, 83, 84)
(33, 41, 70, 78)
(11, 44, 67, 100)
(28, 44, 67, 83)
(52, 53, 58, 59)
(11, 34, 77, 100)
(5, 25, 86, 106)
(4, 7, 104, 107)
(21, 55, 56, 90)
(5, 46, 65, 106)
(13, 30, 81, 98)
(15, 45, 66, 96)
(35, 53, 58, 76)
(25, 50, 61, 86)
(11, 49, 62, 100)
(3, 12, 99, 108)
(4, 55, 56, 107)
(12, 54, 57, 99)
(25, 55, 56, 86)
(5, 10, 101, 106)
(18, 34, 77, 93)
(6, 15, 96, 105)
(24, 39, 72, 87)
(4, 15, 96, 107)
(23, 48, 63, 88)
(24, 32, 79, 87)
(9, 19, 92, 102)
(39, 43, 68, 72)
(4, 5, 106, 107)
(40, 51, 60, 71)
(16, 53, 58, 95)
(17, 19, 92, 94)
(6, 23, 88, 105)
(29, 43, 68, 82)
(36, 53, 58, 75)
(16, 23, 88, 95)
(20, 31, 80, 91)
(12, 37, 74, 99)
(25, 28, 83, 86)
(11, 37, 74, 100)
(4, 25, 86, 107)
(21, 23, 88, 90)
(11, 39, 72, 100)
(31, 45, 66, 80)
(19, 32, 79, 92)
(34, 35, 76, 77)
(12, 51, 60, 99)
(17, 32, 79, 94)
(17, 44, 67, 94)
(22, 40, 71, 89)
(45, 49, 62, 66)
(7, 48, 63, 104)
(26, 30, 81, 85)
(46, 47, 64, 65)
(11, 17, 94, 100)
(17, 51, 60, 94)
(43, 46, 65, 68)
(24, 49, 62, 87)
(10, 14, 97, 101)
(47, 54, 57, 64)
(16, 48, 63, 95)
(19, 43, 68, 92)
(6, 19, 92, 105)
(7, 21, 90, 104)
(17, 26, 85, 94)
(38, 42, 69, 73)
(2, 25, 86, 109)
(3, 30, 81, 108)
(17, 30, 81, 94)
(13, 24, 87, 98)
(27, 33, 78, 84)
(31, 39, 72, 80)
(39, 54, 57, 72)
(29, 37, 74, 82)
(39, 52, 59, 72)
(1, 8, 103, 110)
(14, 43, 68, 97)
(2, 29, 82, 109)
(2, 22, 89, 109)
(14, 19, 92, 97)
(29, 30, 81, 82)
(18, 23, 88, 93)
(8, 20, 91, 103)
(26, 39, 72, 85)
(11, 29, 82, 100)
(8, 35, 76, 103)
(14, 51, 69, 88)
(34, 53, 58, 77)
(5, 9, 102, 106)
(30, 43, 68, 81)
(20, 52, 59, 91)
(22, 50, 61, 89)
(19, 33, 78, 92)
(26, 34, 77, 85)
(35, 38, 73, 76)
(45, 48, 63, 66)
(6, 7, 104, 105)
(12, 49, 62, 99)
(49, 52, 59, 62)
(13, 53, 58, 98)
(39, 44, 67, 72)
(20, 53, 58, 91)
(12, 31, 80, 99)
(28, 33, 78, 83)
(47, 55, 56, 64)
(16, 21, 90, 95)
(1, 53, 58, 110)
(18, 47, 64, 93)
(9, 30, 81, 102)
(11, 48, 78, 85)
(2, 34, 77, 109)
(19, 46, 65, 92)
(44, 45, 66, 67)
(39, 48, 63, 72)
(11, 16, 95, 100)
(18, 31, 80, 93)
(31, 37, 74, 80)
(14, 37, 74, 97)
(17, 34, 77, 94)
(2, 44, 67, 109)
(23, 50, 61, 88)
(1, 24, 87, 110)
(27, 52, 59, 84)
(4, 12, 99, 107)
(9, 14, 97, 102)
(15, 49, 62, 96)
(32, 52, 59, 79)
(33, 49, 62, 78)
(1, 30, 81, 110)
(9, 51, 60, 102)
(1, 35, 76, 110)
(5, 26, 85, 106)
(26, 33, 63, 100)
(20, 55, 56, 91)
(17, 35, 76, 94)
(24, 34, 77, 87)
(43, 54, 57, 68)
(7, 52, 59, 104)
(11, 47, 64, 100)
(6, 22, 89, 105)
(12, 19, 92, 99)
(15, 22, 89, 96)
(31, 40, 71, 80)
(40, 46, 65, 71)
(26, 38, 73, 85)
(6, 9, 102, 105)
(38, 43, 68, 73)
(3, 37, 74, 108)
(18, 41, 70, 93)
(25, 49, 62, 86)
(35, 45, 66, 76)
(5, 19, 92, 106)
(37, 42, 69, 74)
(19, 22, 89, 92)
(19, 37, 74, 92)
(27, 34, 77, 84)
(2, 3, 108, 109)
(27, 35, 76, 84)
(13, 44, 67, 98)
(14, 15, 96, 97)
(27, 51, 60, 84)
(29, 40, 71, 82)
(10, 48, 63, 101)
(31, 35, 76, 80)
(10, 53, 58, 101)
(12, 42, 69, 99)
(32, 55, 56, 79)
(5, 44, 67, 106)
(6, 38, 73, 105)
(7, 29, 82, 104)
(18, 33, 78, 93)
(36, 55, 56, 75)
(19, 21, 90, 92)
(9, 23, 88, 102)
(27, 47, 64, 84)
(10, 41, 70, 101)
(17, 43, 68, 94)
(3, 25, 86, 108)
(19, 30, 81, 92)
(5, 42, 79, 96)
(21, 51, 60, 90)
(16, 20, 91, 95)
(7, 43, 68, 104)
(6, 51, 60, 105)
(20, 30, 81, 91)
(10, 47, 81, 84)
(26, 50, 61, 85)
(12, 41, 70, 99)
(28, 54, 57, 83)
(8, 32, 79, 103)
(25, 27, 84, 86)
(41, 52, 59, 70)
(6, 10, 101, 105)
(6, 25, 86, 105)
(34, 52, 59, 77)
(1, 47, 64, 110)
(8, 52, 59, 103)
(16, 36, 75, 95)
(11, 28, 83, 100)
(5, 47, 64, 106)
(1, 17, 94, 110)
(2, 49, 62, 109)
(36, 52, 59, 75)
(46, 53, 58, 65)
(16, 50, 61, 95)
(13, 55, 56, 98)
(31, 54, 57, 80)
(5, 21, 90, 106)
(1, 32, 79, 110)
(28, 40, 71, 83)
(8, 24, 87, 103)
(17, 37, 74, 94)
(5, 48, 63, 106)
(7, 31, 80, 104)
(30, 49, 62, 81)
(9, 38, 73, 102)
(11, 48, 63, 100)
(14, 25, 86, 97)
(17, 49, 62, 94)
(9, 41, 70, 102)
(31, 38, 73, 80)
(3, 5, 106, 108)
(14, 51, 60, 97)
(6, 42, 69, 105)
(14, 49, 62, 97)
(12, 48, 63, 99)
(11, 53, 58, 100)
(16, 45, 66, 95)
(31, 36, 75, 80)
(2, 41, 70, 109)
(5, 30, 81, 106)
(11, 40, 71, 100)
(7, 47, 64, 104)
(35, 54, 57, 76)
(7, 39, 72, 104)
(4, 30, 81, 107)
(10, 50, 61, 101)
(3, 16, 95, 108)
(2, 45, 66, 109)
(49, 50, 61, 62)
(1, 15, 96, 110)
(46, 49, 62, 65)
(17, 39, 72, 94)
(8, 39, 72, 103)
(3, 47, 64, 108)
(14, 38, 73, 97)
(21, 29, 82, 90)
(28, 53, 58, 83)
(10, 46, 65, 101)
(6, 46, 65, 105)
(1, 38, 75, 108)
(3, 54, 57, 108)
(6, 30, 81, 105)
(2, 16, 95, 109)
(2, 47, 64, 109)
(12, 50, 61, 99)
(35, 49, 62, 76)
(33, 36, 75, 78)
(9, 49, 62, 102)
(15, 38, 73, 96)
(46, 55, 56, 65)
(22, 23, 88, 89)
(8, 47, 64, 103)
(19, 42, 69, 92)
(44, 51, 60, 67)
(4, 40, 71, 107)
(35, 41, 70, 76)
(42, 53, 58, 69)
(10, 19, 92, 101)
(10, 38, 73, 101)
(23, 51, 60, 88)
(22, 41, 70, 89)
(53, 55, 56, 58)
(14, 24, 87, 97)
(29, 52, 59, 82)
(29, 42, 69, 82)
(12, 15, 96, 99)
(30, 52, 59, 81)
(15, 34, 77, 96)
(19, 28, 83, 92)
(20, 28, 83, 91)
(3, 48, 63, 108)
(22, 55, 56, 89)
(26, 32, 79, 85)
(29, 45, 66, 82)
(31, 50, 61, 80)
(8, 26, 85, 103)
(8, 50, 61, 103)
(28, 30, 81, 83)
(4, 38, 73, 107)
(32, 45, 66, 79)
(5, 40, 71, 106)
(2, 15, 96, 109)
(2, 23, 88, 109)
(7, 32, 79, 104)
(9, 40, 71, 102)
(3, 41, 70, 108)
(25, 35, 76, 86)
(17, 42, 69, 94)
(29, 50, 61, 82)
(1, 38, 73, 110)
(13, 20, 91, 98)
(2, 39, 72, 109)
(11, 45, 66, 100)
(20, 47, 64, 91)
(33, 45, 66, 78)
(6, 39, 72, 105)
(7, 12, 99, 104)
(18, 51, 60, 93)
(16, 35, 76, 95)
(29, 38, 73, 82)
(47, 49, 62, 64)
(32, 54, 57, 79)
(3, 50, 61, 108)
(19, 35, 76, 92)
(24, 40, 71, 87)
(5, 29, 82, 106)
(24, 55, 56, 87)
(5, 14, 97, 106)
(21, 32, 79, 90)
(33, 53, 58, 78)
(41, 48, 63, 70)
(22, 33, 78, 89)
(28, 52, 59, 83)
(1, 21, 90, 110)
(28, 43, 68, 83)
(21, 49, 62, 90)
(5, 31, 80, 106)
(14, 18, 93, 97)
(23, 46, 65, 88)
(27, 42, 69, 84)
(10, 22, 89, 101)
(16, 46, 65, 95)
(25, 37, 74, 86)
(28, 48, 63, 83)
(3, 22, 89, 108)
(16, 49, 62, 95)
(23, 38, 73, 88)
(32, 47, 64, 79)
(13, 43, 68, 98)
(17, 45, 66, 94)
(29, 55, 56, 82)
(33, 51, 60, 78)
(36, 46, 65, 75)
(16, 52, 59, 95)
(32, 42, 69, 79)
(12, 16, 95, 99)
(9, 13, 98, 102)
(15, 46, 65, 96)
(25, 30, 81, 86)
(8, 11, 100, 103)
(28, 38, 73, 83)
(34, 40, 71, 77)
(11, 51, 60, 100)
(7, 51, 60, 104)
(51, 54, 57, 60)
(37, 47, 64, 74)
(4, 54, 57, 107)
(16, 47, 64, 95)
(1, 31, 80, 110)
(1, 23, 88, 110)
(9, 35, 76, 102)
(37, 38, 73, 74)
(1, 16, 95, 110)
(15, 41, 70, 96)
(31, 48, 63, 80)
(3, 18, 93, 108)
(22, 37, 74, 89)
(2, 26, 85, 109)
(8, 55, 56, 103)
(17, 52, 59, 94)
(7, 24, 87, 104)
(14, 55, 56, 97)
(39, 42, 69, 72)
(31, 52, 59, 80)
(4, 44, 67, 107)
(24, 47, 64, 87)
(14, 50, 61, 97)
(23, 36, 75, 88)
(51, 53, 58, 60)
(15, 16, 95, 96)
(24, 37, 74, 87)
(29, 49, 62, 82)
(40, 42, 69, 71)
(13, 34, 77, 98)
(27, 55, 56, 84)
(8, 27, 84, 103)
(9, 33, 78, 102)
(42, 45, 66, 69)
(25, 42, 69, 86)
(9, 27, 84, 102)
(10, 47, 64, 101)
(5, 51, 60, 106)
(15, 29, 82, 96)
(7, 27, 84, 104)
(10, 16, 95, 101)
(3, 49, 62, 108)
(6, 53, 58, 105)
(1, 20, 91, 110)
(11, 35, 76, 100)
(13, 22, 89, 98)
(3, 7, 104, 108)
(21, 30, 81, 90)
(8, 30, 81, 103)
(2, 19, 92, 109)
(9, 47, 64, 102)
(9, 45, 66, 102)
(6, 12, 99, 105)
(9, 53, 58, 102)
(6, 44, 67, 105)
(16, 27, 84, 95)
(2, 37, 74, 109)
(5, 22, 89, 106)
(36, 41, 70, 75)
(4, 20, 91, 107)
(9, 55, 56, 102)
(15, 39, 72, 96)
(13, 49, 62, 98)
(37, 48, 63, 74)
(13, 26, 85, 98)
(23, 49, 62, 88)
(26, 28, 83, 85)
(30, 35, 76, 81)
(2, 46, 65, 109)
(39, 40, 71, 72)
(7, 11, 100, 104)
(8, 46, 65, 103)
(23, 41, 70, 88)
(34, 51, 60, 77)
(23, 47, 64, 88)
(42, 54, 57, 69)
(50, 55, 56, 61)
(27, 50, 61, 84)
(23, 45, 66, 88)
(23, 54, 57, 88)
(16, 51, 60, 95)
(20, 24, 87, 91)
(1, 10, 101, 110)
(3, 53, 58, 108)
(13, 31, 80, 98)
(26, 35, 76, 85)
(9, 29, 82, 102)
(16, 53, 63, 90)
(20, 40, 71, 91)
(21, 48, 63, 90)
(19, 38, 73, 92)
(25, 31, 80, 86)
(16, 19, 92, 95)
(33, 55, 56, 78)
(6, 37, 74, 105)
(19, 54, 56, 93)
(15, 27, 84, 96)
(16, 55, 56, 95)
(34, 48, 63, 77)
(32, 50, 61, 79)
(33, 48, 63, 78)
(41, 46, 65, 70)
(6, 41, 70, 105)
(12, 55, 56, 99)
(26, 53, 58, 85)
(24, 28, 83, 87)
(26, 29, 82, 85)
(31, 42, 69, 80)
(29, 41, 70, 82)
(34, 41, 70, 77)
(29, 44, 67, 82)
(19, 47, 64, 92)
(1, 43, 68, 110)
(11, 30, 81, 100)
(17, 54, 60, 91)
(8, 25, 86, 103)
(23, 26, 85, 88)
(38, 54, 57, 73)
(5, 6, 105, 106)
(7, 55, 56, 104)
(8, 41, 70, 103)
(23, 35, 76, 88)
(43, 47, 64, 68)
(39, 49, 62, 72)
(33, 40, 71, 78)
(4, 11, 100, 107)
(17, 36, 75, 94)
(30, 32, 79, 81)
(10, 26, 85, 101)
(22, 32, 79, 89)
(7, 16, 95, 104)
(12, 30, 81, 99)
(15, 26, 85, 96)
(18, 42, 69, 93)
(12, 23, 88, 99)
(26, 46, 65, 85)
(14, 52, 59, 97)
(5, 28, 83, 106)
(13, 48, 63, 98)
(5, 15, 96, 106)
(9, 20, 91, 102)
(22, 53, 58, 89)
(45, 50, 61, 66)
(17, 23, 88, 94)
(18, 31, 68, 105)
(25, 54, 57, 86)
(1, 19, 92, 110)
(11, 42, 69, 100)
(23, 31, 80, 88)
(7, 33, 78, 104)
(34, 38, 73, 77)
(17, 20, 91, 94)
(8, 10, 101, 103)
(30, 31, 80, 81)
(41, 53, 58, 70)
(4, 24, 87, 107)
(16, 22, 89, 95)
(3, 6, 105, 108)
(30, 40, 71, 81)
(31, 43, 68, 80)
(31, 46, 65, 80)
(30, 34, 77, 81)
(9, 22, 89, 102)
(20, 34, 77, 91)
(6, 24, 87, 105)
(49, 54, 57, 62)
(9, 34, 77, 102)
(17, 33, 78, 94)
(42, 49, 62, 69)
(9, 26, 85, 102)
(14, 34, 77, 97)
(15, 48, 63, 96)
(37, 55, 56, 74)
(4, 17, 94, 107)
(31, 34, 77, 80)
(43, 45, 66, 68)
(45, 54, 57, 66)
(4, 16, 95, 107)
(24, 39, 61, 98)
(17, 22, 89, 94)
(34, 37, 74, 77)
(39, 51, 60, 72)
(36, 44, 67, 75)
(11, 25, 86, 100)
(18, 27, 84, 93)
(26, 33, 78, 85)
(34, 45, 66, 77)
(3, 55, 56, 108)
(27, 37, 74, 84)
(23, 27, 84, 88)
(1, 28, 83, 110)
(18, 38, 73, 93)
(40, 53, 58, 71)
(10, 20, 91, 101)
(13, 47, 64, 98)
(14, 33, 78, 97)
(20, 54, 57, 91)
(41, 50, 61, 70)
(24, 33, 78, 87)
(50, 52, 59, 61)
(4, 27, 84, 107)
(27, 45, 66, 84)
(31, 49, 62, 80)
(4, 26, 85, 107)
(14, 27, 84, 97)
(5, 55, 56, 106)
(12, 20, 91, 99)
(5, 42, 69, 106)
(17, 27, 84, 94)
(31, 44, 67, 80)
(11, 50, 61, 100)
(3, 44, 67, 108)
(6, 40, 71, 105)
(32, 40, 71, 79)
(2, 13, 98, 109)
(37, 49, 62, 74)
(6, 34, 77, 105)
(21, 45, 66, 90)
(26, 42, 69, 85)
(26, 49, 62, 85)
(9, 44, 67, 102)
(15, 44, 67, 96)
(3, 52, 59, 108)
(3, 31, 80, 108)
(38, 50, 61, 73)
(2, 38, 73, 109)
(6, 35, 76, 105)
(13, 14, 97, 98)
(4, 10, 101, 107)
(3, 27, 84, 108)
(7, 44, 81, 90)
(3, 33, 78, 108)
(17, 31, 80, 94)
(16, 37, 74, 95)
(12, 14, 97, 99)
(3, 45, 66, 108)
(12, 29, 82, 99)
(12, 40, 71, 99)
(25, 52, 59, 86)
(26, 27, 84, 85)
(11, 27, 84, 100)
(3, 36, 75, 108)
(5, 11, 100, 106)
(29, 33, 78, 82)
(7, 37, 74, 104)
(4, 8, 103, 107)
(44, 48, 63, 67)
(10, 40, 71, 101)
(52, 54, 57, 59)
(6, 33, 78, 105)
(9, 18, 93, 102)
(12, 35, 76, 99)
(19, 27, 84, 92)
(11, 21, 90, 100)
(12, 21, 90, 99)
(25, 39, 72, 86)
(21, 25, 86, 90)
(42, 55, 56, 69)
(19, 48, 63, 92)
(37, 40, 71, 74)
(3, 20, 91, 108)
(12, 45, 66, 99)
(45, 47, 64, 66)
(10, 55, 56, 101)
(10, 23, 88, 101)
(1, 52, 59, 110)
(32, 48, 63, 79)
(13, 25, 86, 98)
(7, 41, 70, 104)
(8, 54, 57, 103)
(33, 39, 72, 78)
(7, 13, 98, 104)
(18, 35, 76, 93)
(48, 53, 58, 63)
(38, 46, 65, 73)
(13, 51, 60, 98)
(16, 26, 85, 95)
(9, 25, 86, 102)
(6, 17, 94, 105)
(46, 54, 57, 65)
(1, 4, 107, 110)
(1, 49, 62, 110)
(41, 47, 64, 70)
(10, 15, 96, 101)
(15, 51, 60, 96)
(26, 37, 74, 85)
(17, 55, 56, 94)
(8, 34, 77, 103)
(40, 52, 59, 71)
(4, 36, 75, 107)
(11, 24, 87, 100)
(16, 54, 57, 95)
(23, 25, 86, 88)
(34, 50, 61, 77)
(7, 28, 83, 104)
(14, 44, 67, 97)
(44, 52, 59, 67)
(26, 40, 71, 85)
(24, 46, 65, 87)
(20, 39, 72, 91)
(13, 37, 74, 98)
(49, 53, 58, 62)
(5, 50, 61, 106)
(24, 29, 66, 103)
(17, 38, 73, 94)
(21, 30, 67, 104)
(22, 31, 80, 89)
(16, 39, 72, 95)
(24, 36, 75, 87)
(9, 16, 95, 102)
(16, 42, 69, 95)
(16, 44, 67, 95)
(5, 32, 79, 106)
(19, 55, 56, 92)
(20, 38, 73, 91)
(24, 31, 80, 87)
(8, 29, 82, 103)
(39, 45, 66, 72)
(47, 53, 58, 64)
(9, 34, 71, 108)
(21, 47, 64, 90)
(17, 54, 57, 94)
(25, 29, 82, 86)
(18, 43, 68, 93)
(18, 44, 67, 93)
(15, 37, 74, 96)
(19, 49, 62, 92)
(19, 50, 61, 92)
(19, 52, 59, 92)
(7, 46, 65, 104)
(28, 29, 82, 83)
(6, 26, 85, 105)
(37, 52, 59, 74)
(23, 30, 81, 88)
(41, 51, 60, 70)
(33, 54, 57, 78)
(40, 45, 66, 71)
(7, 35, 76, 104)
(24, 41, 70, 87)
(25, 45, 66, 86)
(23, 37, 74, 88)
(30, 44, 67, 81)
(20, 32, 79, 91)
(16, 29, 82, 95)
(19, 53, 58, 92)
(18, 46, 65, 93)
(10, 24, 87, 101)
(34, 36, 75, 77)
(7, 36, 75, 104)
(3, 15, 96, 108)
(9, 32, 79, 102)
(22, 35, 76, 89)
(3, 51, 60, 108)
(9, 46, 83, 84)
(36, 43, 68, 75)
(44, 55, 56, 67)
(15, 31, 80, 96)
(21, 44, 67, 90)
(1, 12, 99, 110)
(34, 42, 69, 77)
(7, 19, 92, 104)
(32, 39, 72, 79)
(13, 23, 88, 98)
(9, 42, 69, 102)
(17, 48, 63, 94)
(30, 36, 75, 81)}

Print all_are_pairs (contains 1485 tuples): {
(26, 41, 70, 85)
(12, 18, 93, 99)
(8, 12, 99, 103)
(9, 39, 72, 102)
(2, 28, 83, 109)
(9, 50, 61, 102)
(1, 5, 106, 110)
(39, 47, 64, 72)
(41, 54, 57, 70)
(11, 36, 75, 100)
(8, 53, 58, 103)
(3, 40, 71, 108)
(13, 16, 95, 98)
(20, 36, 75, 91)
(2, 32, 79, 109)
(13, 21, 90, 98)
(15, 28, 83, 96)
(1, 41, 70, 110)
(7, 53, 58, 104)
(4, 6, 105, 107)
(28, 32, 79, 83)
(4, 42, 69, 107)
(36, 37, 74, 75)
(13, 39, 72, 98)
(19, 54, 57, 92)
(6, 32, 79, 105)
(7, 9, 102, 104)
(24, 52, 59, 87)
(15, 32, 79, 96)
(21, 46, 65, 90)
(33, 52, 59, 78)
(2, 11, 100, 109)
(32, 41, 70, 79)
(2, 42, 69, 109)
(7, 18, 93, 104)
(15, 52, 59, 96)
(31, 55, 56, 80)
(5, 38, 73, 106)
(36, 45, 66, 75)
(14, 48, 63, 97)
(47, 52, 59, 64)
(6, 27, 84, 105)
(19, 23, 88, 92)
(45, 52, 59, 66)
(26, 45, 66, 85)
(43, 48, 63, 68)
(16, 34, 77, 95)
(28, 46, 65, 83)
(20, 25, 86, 91)
(36, 51, 60, 75)
(11, 52, 59, 100)
(13, 45, 66, 98)
(23, 52, 59, 88)
(3, 46, 65, 108)
(11, 32, 79, 100)
(17, 40, 71, 94)
(6, 52, 59, 105)
(4, 29, 82, 107)
(42, 51, 60, 69)
(3, 8, 103, 108)
(11, 23, 88, 100)
(36, 40, 71, 75)
(38, 41, 70, 73)
(4, 28, 83, 107)
(8, 18, 93, 103)
(19, 41, 70, 92)
(22, 38, 73, 89)
(2, 9, 102, 109)
(48, 54, 57, 63)
(19, 31, 80, 92)
(22, 46, 65, 89)
(8, 15, 96, 103)
(14, 36, 75, 97)
(5, 36, 75, 106)
(32, 46, 65, 79)
(26, 48, 63, 85)
(28, 41, 70, 83)
(1, 36, 75, 110)
(7, 42, 69, 104)
(31, 47, 64, 80)
(8, 36, 75, 103)
(4, 22, 89, 107)
(24, 26, 85, 87)
(4, 13, 98, 107)
(16, 24, 87, 95)
(20, 23, 88, 91)
(22, 25, 86, 89)
(43, 49, 62, 68)
(25, 44, 67, 86)
(4, 23, 88, 107)
(5, 16, 95, 106)
(11, 20, 91, 100)
(15, 43, 68, 96)
(9, 15, 96, 102)
(27, 31, 80, 84)
(18, 55, 56, 93)
(5, 20, 91, 106)
(34, 55, 56, 77)
(26, 47, 64, 85)
(10, 17, 94, 101)
(17, 50, 61, 94)
(20, 46, 65, 91)
(7, 8, 103, 104)
(6, 50, 61, 105)
(25, 26, 85, 86)
(35, 37, 74, 76)
(20, 41, 70, 91)
(23, 32, 79, 88)
(40, 54, 57, 71)
(18, 25, 86, 93)
(28, 50, 61, 83)
(11, 19, 92, 100)
(24, 53, 58, 87)
(36, 49, 62, 75)
(18, 32, 79, 93)
(1, 11, 100, 110)
(17, 21, 90, 94)
(32, 35, 76, 79)
(38, 48, 63, 73)
(46, 52, 59, 65)
(22, 29, 82, 89)
(9, 17, 94, 102)
(1, 3, 108, 110)
(14, 39, 72, 97)
(21, 28, 83, 90)
(15, 30, 81, 96)
(21, 43, 68, 90)
(36, 42, 69, 75)
(7, 25, 86, 104)
(19, 34, 77, 92)
(13, 52, 59, 98)
(13, 36, 75, 98)
(19, 45, 66, 92)
(4, 37, 74, 107)
(10, 32, 79, 101)
(1, 26, 85, 110)
(19, 24, 87, 92)
(9, 37, 74, 102)
(12, 27, 84, 99)
(12, 53, 58, 99)
(15, 20, 91, 96)
(12, 28, 83, 99)
(39, 55, 56, 72)
(27, 43, 68, 84)
(18, 19, 92, 93)
(2, 12, 99, 109)
(9, 21, 90, 102)
(23, 55, 56, 88)
(16, 33, 78, 95)
(4, 34, 77, 107)
(22, 24, 87, 89)
(36, 50, 61, 75)
(26, 55, 56, 85)
(19, 26, 85, 92)
(43, 52, 59, 68)
(20, 27, 84, 91)
(2, 17, 94, 109)
(8, 40, 71, 103)
(14, 28, 83, 97)
(35, 47, 64, 76)
(30, 41, 70, 81)
(14, 17, 94, 97)
(4, 52, 59, 107)
(25, 51, 60, 86)
(13, 50, 61, 98)
(38, 53, 58, 73)
(42, 43, 68, 69)
(11, 46, 65, 100)
(1, 13, 98, 110)
(25, 48, 63, 86)
(1, 14, 97, 110)
(11, 14, 97, 100)
(2, 14, 97, 109)
(10, 34, 77, 101)
(8, 51, 60, 103)
(12, 47, 64, 99)
(25, 34, 77, 86)
(15, 24, 87, 96)
(20, 21, 90, 91)
(13, 18, 93, 98)
(2, 40, 71, 109)
(41, 55, 56, 70)
(12, 52, 59, 99)
(37, 44, 67, 74)
(3, 4, 107, 108)
(9, 36, 75, 102)
(36, 54, 57, 75)
(29, 53, 58, 82)
(34, 44, 67, 77)
(13, 28, 83, 98)
(22, 28, 83, 89)
(1, 55, 56, 110)
(5, 23, 88, 106)
(5, 7, 104, 106)
(7, 34, 77, 104)
(15, 23, 88, 96)
(1, 18, 93, 110)
(1, 40, 71, 110)
(42, 46, 65, 69)
(5, 39, 72, 106)
(37, 50, 61, 74)
(10, 11, 100, 101)
(19, 20, 91, 92)
(17, 18, 93, 94)
(30, 37, 74, 81)
(1, 45, 66, 110)
(2, 5, 106, 109)
(15, 55, 56, 96)
(22, 36, 75, 89)
(2, 54, 57, 109)
(16, 40, 71, 95)
(14, 47, 64, 97)
(21, 34, 77, 90)
(14, 20, 91, 97)
(10, 51, 60, 101)
(34, 49, 62, 77)
(19, 44, 67, 92)
(3, 9, 102, 108)
(8, 23, 88, 103)
(21, 31, 80, 90)
(19, 29, 82, 92)
(23, 34, 77, 88)
(1, 39, 72, 110)
(10, 37, 74, 101)
(25, 47, 64, 86)
(7, 14, 97, 104)
(23, 42, 69, 88)
(8, 33, 78, 103)
(15, 42, 69, 96)
(27, 41, 70, 84)
(8, 13, 98, 103)
(10, 49, 62, 101)
(12, 44, 67, 99)
(12, 25, 86, 99)
(13, 46, 65, 98)
(2, 18, 93, 109)
(1, 34, 77, 110)
(30, 48, 63, 81)
(42, 52, 59, 69)
(33, 38, 73, 78)
(4, 32, 79, 107)
(13, 19, 92, 98)
(3, 38, 73, 108)
(35, 43, 68, 76)
(14, 21, 90, 97)
(25, 40, 71, 86)
(10, 30, 81, 101)
(1, 22, 89, 110)
(35, 42, 69, 76)
(22, 52, 59, 89)
(21, 53, 58, 90)
(37, 43, 68, 74)
(2, 24, 87, 109)
(17, 24, 87, 94)
(18, 29, 82, 93)
(48, 49, 62, 63)
(12, 24, 87, 99)
(12, 46, 65, 99)
(5, 45, 66, 106)
(33, 35, 76, 78)
(50, 54, 57, 61)
(10, 28, 83, 101)
(20, 49, 62, 91)
(21, 40, 71, 90)
(7, 54, 57, 104)
(13, 35, 76, 98)
(37, 54, 57, 74)
(11, 54, 57, 100)
(41, 42, 69, 70)
(2, 43, 68, 109)
(10, 43, 68, 101)
(33, 50, 61, 78)
(41, 43, 68, 70)
(41, 44, 67, 70)
(2, 36, 75, 109)
(10, 39, 72, 101)
(24, 51, 60, 87)
(3, 26, 85, 108)
(35, 50, 61, 76)
(29, 31, 80, 82)
(6, 47, 64, 105)
(18, 22, 89, 93)
(20, 44, 67, 91)
(54, 55, 56, 57)
(22, 30, 81, 89)
(29, 47, 64, 82)
(14, 45, 66, 97)
(18, 20, 91, 93)
(22, 48, 63, 89)
(41, 49, 62, 70)
(10, 35, 76, 101)
(14, 46, 65, 97)
(26, 43, 68, 85)
(21, 38, 73, 90)
(4, 19, 92, 107)
(8, 28, 83, 103)
(44, 54, 57, 67)
(5, 43, 68, 106)
(38, 40, 71, 73)
(6, 45, 66, 105)
(10, 33, 78, 101)
(7, 15, 96, 104)
(40, 43, 68, 71)
(7, 22, 89, 104)
(5, 34, 77, 106)
(29, 34, 77, 82)
(38, 39, 72, 73)
(53, 54, 57, 58)
(10, 29, 82, 101)
(34, 43, 68, 77)
(18, 48, 63, 93)
(29, 54, 57, 82)
(2, 51, 60, 109)
(38, 52, 59, 73)
(15, 18, 93, 96)
(2, 6, 105, 109)
(9, 11, 100, 102)
(14, 42, 69, 97)
(20, 26, 85, 91)
(4, 39, 72, 107)
(42, 48, 63, 69)
(3, 11, 100, 108)
(16, 18, 93, 95)
(2, 55, 56, 109)
(2, 8, 103, 109)
(21, 33, 78, 90)
(27, 38, 73, 84)
(6, 54, 57, 105)
(23, 28, 83, 88)
(4, 41, 70, 107)
(6, 8, 103, 105)
(11, 26, 85, 100)
(5, 17, 94, 106)
(9, 54, 57, 102)
(12, 13, 98, 99)
(25, 38, 73, 86)
(15, 33, 78, 96)
(8, 19, 92, 103)
(2, 33, 78, 109)
(37, 51, 60, 74)
(13, 54, 57, 98)
(16, 30, 81, 95)
(4, 45, 66, 107)
(19, 40, 71, 92)
(16, 38, 73, 95)
(32, 38, 73, 79)
(24, 48, 63, 87)
(4, 51, 60, 107)
(24, 27, 84, 87)
(35, 44, 67, 76)
(6, 11, 100, 105)
(32, 33, 78, 79)
(39, 53, 58, 72)
(2, 30, 81, 109)
(8, 48, 63, 103)
(23, 43, 68, 88)
(10, 54, 57, 101)
(15, 50, 61, 96)
(24, 45, 66, 87)
(4, 31, 80, 107)
(28, 34, 77, 83)
(14, 16, 95, 97)
(20, 22, 89, 91)
(39, 50, 61, 72)
(8, 14, 97, 103)
(18, 52, 59, 93)
(37, 41, 70, 74)
(9, 10, 101, 102)
(5, 18, 93, 106)
(15, 25, 86, 96)
(32, 44, 67, 79)
(33, 37, 74, 78)
(11, 38, 73, 100)
(22, 49, 62, 89)
(4, 9, 102, 107)
(27, 36, 75, 84)
(4, 43, 68, 107)
(5, 13, 98, 106)
(18, 36, 75, 93)
(3, 43, 68, 108)
(13, 29, 82, 98)
(48, 55, 56, 63)
(1, 54, 57, 110)
(5, 12, 99, 106)
(20, 42, 69, 91)
(10, 36, 75, 101)
(12, 17, 94, 99)
(3, 10, 101, 108)
(2, 52, 59, 109)
(45, 46, 65, 66)
(10, 27, 84, 101)
(9, 43, 68, 102)
(26, 51, 60, 85)
(22, 45, 66, 89)
(26, 54, 57, 85)
(28, 36, 75, 83)
(13, 17, 94, 98)
(20, 48, 63, 91)
(1, 25, 86, 110)
(22, 51, 60, 89)
(18, 54, 57, 93)
(29, 32, 79, 82)
(29, 35, 76, 82)
(6, 16, 95, 105)
(21, 37, 74, 90)
(15, 53, 58, 96)
(15, 17, 94, 96)
(5, 37, 74, 106)
(9, 28, 83, 102)
(22, 47, 64, 89)
(28, 49, 62, 83)
(3, 29, 82, 108)
(16, 31, 80, 95)
(36, 47, 64, 75)
(51, 52, 59, 60)
(24, 42, 69, 87)
(14, 32, 79, 97)
(34, 39, 72, 77)
(8, 45, 66, 103)
(15, 40, 71, 96)
(8, 17, 94, 103)
(8, 38, 73, 103)
(21, 35, 76, 90)
(37, 39, 72, 74)
(41, 45, 66, 70)
(4, 33, 78, 107)
(29, 36, 75, 82)
(24, 44, 67, 87)
(17, 28, 83, 94)
(1, 33, 78, 110)
(25, 33, 78, 86)
(13, 38, 73, 98)
(32, 37, 74, 79)
(25, 43, 68, 86)
(20, 45, 66, 91)
(11, 18, 93, 100)
(7, 38, 73, 104)
(9, 46, 65, 102)
(10, 12, 99, 101)
(44, 50, 61, 67)
(9, 48, 63, 102)
(33, 34, 77, 78)
(25, 32, 79, 86)
(11, 43, 68, 100)
(49, 55, 56, 62)
(6, 21, 90, 105)
(28, 42, 69, 83)
(13, 15, 96, 98)
(29, 39, 72, 82)
(13, 33, 78, 98)
(5, 35, 76, 106)
(8, 42, 69, 103)
(15, 19, 92, 96)
(1, 37, 74, 110)
(12, 34, 77, 99)
(5, 8, 103, 106)
(12, 32, 79, 99)
(42, 47, 64, 69)
(18, 26, 85, 93)
(36, 48, 63, 75)
(20, 29, 82, 91)
(48, 51, 60, 63)
(8, 22, 89, 103)
(5, 41, 70, 106)
(37, 46, 65, 74)
(38, 49, 62, 73)
(35, 39, 72, 76)
(44, 46, 65, 67)
(3, 19, 92, 108)
(35, 52, 59, 76)
(8, 9, 102, 103)
(30, 55, 56, 81)
(10, 31, 80, 101)
(25, 36, 75, 86)
(19, 36, 75, 92)
(16, 25, 86, 95)
(21, 54, 57, 90)
(33, 46, 65, 78)
(31, 33, 78, 80)
(30, 53, 58, 81)
(10, 42, 69, 101)
(17, 53, 58, 94)
(24, 35, 76, 87)
(30, 42, 69, 81)
(2, 27, 84, 109)
(11, 31, 80, 100)
(23, 24, 87, 88)
(7, 10, 101, 104)
(7, 44, 67, 104)
(4, 46, 65, 107)
(7, 49, 62, 104)
(38, 44, 67, 73)
(18, 45, 66, 93)
(24, 29, 82, 87)
(12, 33, 78, 99)
(31, 32, 79, 80)
(3, 42, 69, 108)
(15, 21, 90, 96)
(19, 25, 86, 92)
(32, 43, 68, 79)
(28, 39, 72, 83)
(33, 44, 67, 78)
(23, 40, 71, 88)
(21, 36, 75, 90)
(13, 42, 69, 98)
(1, 42, 69, 110)
(1, 29, 82, 110)
(45, 51, 60, 66)
(10, 21, 90, 101)
(10, 13, 98, 101)
(14, 23, 88, 97)
(16, 43, 68, 95)
(16, 41, 70, 95)
(33, 43, 68, 78)
(22, 27, 84, 89)
(23, 44, 67, 88)
(36, 39, 72, 75)
(22, 54, 57, 89)
(14, 54, 57, 97)
(27, 30, 81, 84)
(40, 44, 67, 71)
(40, 55, 56, 71)
(40, 41, 70, 71)
(38, 51, 60, 73)
(21, 24, 87, 90)
(22, 42, 69, 89)
(1, 27, 84, 110)
(10, 44, 67, 101)
(21, 22, 89, 90)
(21, 42, 69, 90)
(2, 20, 91, 109)
(19, 39, 72, 92)
(1, 48, 63, 110)
(5, 54, 57, 106)
(28, 37, 74, 83)
(3, 35, 76, 108)
(4, 14, 97, 107)
(20, 33, 78, 91)
(20, 50, 61, 91)
(21, 39, 72, 90)
(26, 36, 75, 85)
(52, 55, 56, 59)
(13, 27, 84, 98)
(21, 27, 84, 90)
(42, 44, 67, 69)
(30, 39, 72, 81)
(22, 43, 68, 89)
(25, 41, 70, 86)
(28, 31, 80, 83)
(1, 51, 60, 110)
(12, 22, 89, 99)
(3, 34, 77, 108)
(1, 44, 67, 110)
(39, 46, 65, 72)
(27, 53, 58, 84)
(13, 41, 70, 98)
(26, 52, 59, 85)
(20, 37, 74, 91)
(22, 44, 67, 89)
(14, 40, 71, 97)
(35, 40, 71, 76)
(27, 54, 57, 84)
(34, 54, 57, 77)
(4, 18, 93, 107)
(44, 49, 62, 67)
(48, 50, 61, 63)
(8, 49, 62, 103)
(24, 38, 73, 87)
(24, 54, 57, 87)
(27, 46, 65, 84)
(21, 41, 70, 90)
(30, 50, 61, 81)
(10, 18, 93, 101)
(33, 47, 64, 78)
(35, 46, 65, 76)
(27, 32, 79, 84)
(44, 53, 58, 67)
(16, 17, 94, 95)
(8, 21, 90, 103)
(18, 39, 72, 93)
(37, 53, 58, 74)
(5, 27, 84, 106)
(30, 51, 60, 81)
(1, 46, 65, 110)
(4, 48, 63, 107)
(18, 24, 87, 93)
(43, 50, 61, 68)
(24, 43, 68, 87)
(32, 49, 62, 79)
(36, 38, 73, 75)
(7, 40, 71, 104)
(15, 54, 57, 96)
(2, 35, 76, 109)
(6, 36, 75, 105)
(18, 21, 90, 93)
(29, 51, 60, 82)
(48, 52, 59, 63)
(14, 29, 82, 97)
(17, 25, 86, 94)
(1, 2, 109, 110)
(6, 49, 62, 105)
(1, 9, 102, 110)
(30, 45, 66, 81)
(18, 28, 83, 93)
(4, 49, 62, 107)
(5, 53, 58, 106)
(12, 38, 73, 99)
(17, 46, 65, 94)
(3, 17, 94, 108)
(1, 7, 104, 110)
(7, 30, 81, 104)
(25, 53, 58, 86)
(35, 48, 63, 76)
(23, 53, 58, 88)
(6, 13, 98, 105)
(45, 53, 58, 66)
(8, 37, 74, 103)
(18, 50, 61, 93)
(5, 52, 59, 106)
(42, 50, 61, 69)
(4, 53, 58, 107)
(13, 40, 71, 98)
(14, 30, 81, 97)
(27, 44, 67, 84)
(49, 51, 60, 62)
(1, 6, 105, 110)
(23, 29, 82, 88)
(3, 21, 90, 108)
(6, 31, 80, 105)
(27, 48, 63, 84)
(6, 28, 83, 105)
(29, 46, 65, 82)
(14, 35, 76, 97)
(12, 43, 68, 99)
(44, 47, 64, 67)
(15, 35, 76, 96)
(24, 50, 61, 87)
(38, 55, 56, 73)
(4, 50, 61, 107)
(6, 14, 97, 105)
(14, 31, 80, 97)
(18, 37, 74, 93)
(22, 26, 85, 89)
(27, 49, 62, 84)
(9, 31, 80, 102)
(12, 36, 75, 99)
(7, 17, 94, 104)
(7, 50, 61, 104)
(18, 40, 71, 93)
(47, 51, 60, 64)
(2, 48, 63, 109)
(28, 45, 66, 83)
(7, 23, 88, 104)
(10, 45, 66, 101)
(23, 39, 72, 88)
(8, 44, 67, 103)
(32, 36, 75, 79)
(11, 33, 78, 100)
(23, 33, 78, 88)
(43, 55, 56, 68)
(43, 44, 67, 68)
(3, 39, 72, 108)
(28, 47, 64, 83)
(3, 28, 83, 108)
(13, 32, 79, 98)
(2, 50, 61, 109)
(2, 7, 104, 109)
(39, 41, 70, 72)
(4, 47, 64, 107)
(21, 50, 61, 90)
(43, 53, 58, 68)
(50, 53, 58, 61)
(6, 48, 63, 105)
(7, 26, 85, 104)
(30, 33, 78, 81)
(11, 41, 70, 100)
(12, 26, 85, 99)
(16, 28, 83, 95)
(3, 23, 88, 108)
(10, 25, 86, 101)
(2, 21, 90, 109)
(14, 26, 85, 97)
(3, 32, 79, 108)
(32, 53, 58, 79)
(6, 20, 91, 105)
(8, 31, 80, 103)
(9, 52, 59, 102)
(30, 38, 73, 81)
(21, 26, 85, 90)
(9, 12, 99, 102)
(9, 24, 87, 102)
(37, 45, 66, 74)
(11, 15, 96, 100)
(30, 54, 57, 81)
(34, 46, 65, 77)
(10, 52, 59, 101)
(43, 51, 60, 68)
(46, 48, 63, 65)
(35, 36, 75, 76)
(31, 53, 58, 80)
(45, 55, 56, 66)
(1, 50, 61, 110)
(47, 48, 63, 64)
(15, 47, 64, 96)
(6, 43, 68, 105)
(21, 52, 59, 90)
(20, 43, 68, 91)
(24, 30, 81, 87)
(17, 41, 70, 94)
(27, 29, 82, 84)
(15, 36, 75, 96)
(3, 24, 87, 108)
(5, 49, 62, 106)
(2, 10, 101, 109)
(19, 51, 60, 92)
(31, 51, 60, 80)
(29, 48, 63, 82)
(40, 48, 63, 71)
(11, 22, 89, 100)
(26, 31, 80, 85)
(25, 46, 65, 86)
(33, 42, 69, 78)
(32, 34, 77, 79)
(28, 35, 76, 83)
(6, 29, 82, 105)
(11, 55, 56, 100)
(22, 39, 72, 89)
(35, 51, 60, 76)
(12, 39, 72, 99)
(24, 25, 86, 87)
(4, 21, 90, 107)
(40, 47, 64, 71)
(46, 51, 60, 65)
(18, 30, 81, 93)
(50, 51, 60, 61)
(14, 41, 70, 97)
(18, 53, 58, 93)
(3, 14, 97, 108)
(6, 55, 56, 105)
(40, 49, 62, 71)
(2, 53, 58, 109)
(2, 31, 80, 109)
(7, 45, 66, 104)
(28, 51, 60, 83)
(18, 49, 62, 93)
(34, 47, 64, 77)
(32, 51, 60, 79)
(11, 13, 98, 100)
(51, 55, 56, 60)
(31, 41, 70, 80)
(47, 50, 61, 64)
(16, 32, 79, 95)
(20, 35, 76, 91)
(26, 44, 67, 85)
(27, 39, 72, 84)
(5, 33, 78, 106)
(35, 55, 56, 76)
(5, 24, 87, 106)
(38, 45, 66, 73)
(3, 13, 98, 108)
(28, 55, 56, 83)
(4, 35, 76, 107)
(8, 16, 95, 103)
(11, 12, 99, 100)
(8, 43, 68, 103)
(14, 22, 89, 97)
(7, 20, 91, 104)
(2, 4, 107, 109)
(30, 46, 65, 81)
(14, 53, 58, 97)
(17, 47, 64, 94)
(6, 18, 93, 105)
(20, 51, 60, 91)
(17, 29, 82, 94)
(27, 40, 71, 84)
(22, 34, 77, 89)
(30, 47, 64, 81)
(40, 50, 61, 71)
(46, 50, 61, 65)
(38, 47, 64, 73)
(27, 28, 83, 84)
(33, 41, 70, 78)
(11, 44, 67, 100)
(28, 44, 67, 83)
(52, 53, 58, 59)
(11, 34, 77, 100)
(5, 25, 86, 106)
(4, 7, 104, 107)
(21, 55, 56, 90)
(5, 46, 65, 106)
(13, 30, 81, 98)
(15, 45, 66, 96)
(35, 53, 58, 76)
(25, 50, 61, 86)
(11, 49, 62, 100)
(3, 12, 99, 108)
(4, 55, 56, 107)
(12, 54, 57, 99)
(25, 55, 56, 86)
(5, 10, 101, 106)
(18, 34, 77, 93)
(6, 15, 96, 105)
(24, 39, 72, 87)
(4, 15, 96, 107)
(23, 48, 63, 88)
(24, 32, 79, 87)
(9, 19, 92, 102)
(39, 43, 68, 72)
(4, 5, 106, 107)
(40, 51, 60, 71)
(16, 53, 58, 95)
(17, 19, 92, 94)
(6, 23, 88, 105)
(29, 43, 68, 82)
(36, 53, 58, 75)
(16, 23, 88, 95)
(20, 31, 80, 91)
(12, 37, 74, 99)
(25, 28, 83, 86)
(11, 37, 74, 100)
(4, 25, 86, 107)
(21, 23, 88, 90)
(11, 39, 72, 100)
(31, 45, 66, 80)
(19, 32, 79, 92)
(34, 35, 76, 77)
(12, 51, 60, 99)
(17, 32, 79, 94)
(17, 44, 67, 94)
(22, 40, 71, 89)
(45, 49, 62, 66)
(7, 48, 63, 104)
(26, 30, 81, 85)
(46, 47, 64, 65)
(11, 17, 94, 100)
(17, 51, 60, 94)
(43, 46, 65, 68)
(24, 49, 62, 87)
(10, 14, 97, 101)
(47, 54, 57, 64)
(16, 48, 63, 95)
(19, 43, 68, 92)
(6, 19, 92, 105)
(7, 21, 90, 104)
(17, 26, 85, 94)
(38, 42, 69, 73)
(2, 25, 86, 109)
(3, 30, 81, 108)
(17, 30, 81, 94)
(13, 24, 87, 98)
(27, 33, 78, 84)
(31, 39, 72, 80)
(39, 54, 57, 72)
(29, 37, 74, 82)
(39, 52, 59, 72)
(1, 8, 103, 110)
(14, 43, 68, 97)
(2, 29, 82, 109)
(2, 22, 89, 109)
(14, 19, 92, 97)
(29, 30, 81, 82)
(18, 23, 88, 93)
(8, 20, 91, 103)
(26, 39, 72, 85)
(11, 29, 82, 100)
(8, 35, 76, 103)
(34, 53, 58, 77)
(5, 9, 102, 106)
(30, 43, 68, 81)
(20, 52, 59, 91)
(22, 50, 61, 89)
(19, 33, 78, 92)
(26, 34, 77, 85)
(35, 38, 73, 76)
(45, 48, 63, 66)
(6, 7, 104, 105)
(12, 49, 62, 99)
(49, 52, 59, 62)
(13, 53, 58, 98)
(39, 44, 67, 72)
(20, 53, 58, 91)
(12, 31, 80, 99)
(28, 33, 78, 83)
(47, 55, 56, 64)
(16, 21, 90, 95)
(1, 53, 58, 110)
(18, 47, 64, 93)
(9, 30, 81, 102)
(2, 34, 77, 109)
(19, 46, 65, 92)
(44, 45, 66, 67)
(39, 48, 63, 72)
(11, 16, 95, 100)
(18, 31, 80, 93)
(31, 37, 74, 80)
(14, 37, 74, 97)
(17, 34, 77, 94)
(2, 44, 67, 109)
(23, 50, 61, 88)
(1, 24, 87, 110)
(27, 52, 59, 84)
(4, 12, 99, 107)
(9, 14, 97, 102)
(15, 49, 62, 96)
(32, 52, 59, 79)
(33, 49, 62, 78)
(1, 30, 81, 110)
(9, 51, 60, 102)
(1, 35, 76, 110)
(5, 26, 85, 106)
(20, 55, 56, 91)
(17, 35, 76, 94)
(24, 34, 77, 87)
(43, 54, 57, 68)
(7, 52, 59, 104)
(11, 47, 64, 100)
(6, 22, 89, 105)
(12, 19, 92, 99)
(15, 22, 89, 96)
(31, 40, 71, 80)
(40, 46, 65, 71)
(26, 38, 73, 85)
(6, 9, 102, 105)
(38, 43, 68, 73)
(3, 37, 74, 108)
(18, 41, 70, 93)
(25, 49, 62, 86)
(35, 45, 66, 76)
(5, 19, 92, 106)
(37, 42, 69, 74)
(19, 22, 89, 92)
(19, 37, 74, 92)
(27, 34, 77, 84)
(2, 3, 108, 109)
(27, 35, 76, 84)
(13, 44, 67, 98)
(14, 15, 96, 97)
(27, 51, 60, 84)
(29, 40, 71, 82)
(10, 48, 63, 101)
(31, 35, 76, 80)
(10, 53, 58, 101)
(12, 42, 69, 99)
(32, 55, 56, 79)
(5, 44, 67, 106)
(6, 38, 73, 105)
(7, 29, 82, 104)
(18, 33, 78, 93)
(36, 55, 56, 75)
(19, 21, 90, 92)
(9, 23, 88, 102)
(27, 47, 64, 84)
(10, 41, 70, 101)
(17, 43, 68, 94)
(3, 25, 86, 108)
(19, 30, 81, 92)
(21, 51, 60, 90)
(16, 20, 91, 95)
(7, 43, 68, 104)
(6, 51, 60, 105)
(20, 30, 81, 91)
(26, 50, 61, 85)
(12, 41, 70, 99)
(28, 54, 57, 83)
(8, 32, 79, 103)
(25, 27, 84, 86)
(41, 52, 59, 70)
(6, 10, 101, 105)
(6, 25, 86, 105)
(34, 52, 59, 77)
(1, 47, 64, 110)
(8, 52, 59, 103)
(16, 36, 75, 95)
(11, 28, 83, 100)
(5, 47, 64, 106)
(1, 17, 94, 110)
(2, 49, 62, 109)
(36, 52, 59, 75)
(46, 53, 58, 65)
(16, 50, 61, 95)
(13, 55, 56, 98)
(31, 54, 57, 80)
(5, 21, 90, 106)
(1, 32, 79, 110)
(28, 40, 71, 83)
(8, 24, 87, 103)
(17, 37, 74, 94)
(5, 48, 63, 106)
(7, 31, 80, 104)
(30, 49, 62, 81)
(9, 38, 73, 102)
(11, 48, 63, 100)
(14, 25, 86, 97)
(17, 49, 62, 94)
(9, 41, 70, 102)
(31, 38, 73, 80)
(3, 5, 106, 108)
(14, 51, 60, 97)
(6, 42, 69, 105)
(14, 49, 62, 97)
(12, 48, 63, 99)
(11, 53, 58, 100)
(16, 45, 66, 95)
(31, 36, 75, 80)
(2, 41, 70, 109)
(5, 30, 81, 106)
(11, 40, 71, 100)
(7, 47, 64, 104)
(35, 54, 57, 76)
(7, 39, 72, 104)
(4, 30, 81, 107)
(10, 50, 61, 101)
(3, 16, 95, 108)
(2, 45, 66, 109)
(49, 50, 61, 62)
(1, 15, 96, 110)
(46, 49, 62, 65)
(17, 39, 72, 94)
(8, 39, 72, 103)
(3, 47, 64, 108)
(14, 38, 73, 97)
(21, 29, 82, 90)
(28, 53, 58, 83)
(10, 46, 65, 101)
(6, 46, 65, 105)
(3, 54, 57, 108)
(6, 30, 81, 105)
(2, 16, 95, 109)
(2, 47, 64, 109)
(12, 50, 61, 99)
(35, 49, 62, 76)
(33, 36, 75, 78)
(9, 49, 62, 102)
(15, 38, 73, 96)
(46, 55, 56, 65)
(22, 23, 88, 89)
(8, 47, 64, 103)
(19, 42, 69, 92)
(44, 51, 60, 67)
(4, 40, 71, 107)
(35, 41, 70, 76)
(42, 53, 58, 69)
(10, 19, 92, 101)
(10, 38, 73, 101)
(23, 51, 60, 88)
(22, 41, 70, 89)
(53, 55, 56, 58)
(14, 24, 87, 97)
(29, 52, 59, 82)
(29, 42, 69, 82)
(12, 15, 96, 99)
(30, 52, 59, 81)
(15, 34, 77, 96)
(19, 28, 83, 92)
(20, 28, 83, 91)
(3, 48, 63, 108)
(22, 55, 56, 89)
(26, 32, 79, 85)
(29, 45, 66, 82)
(31, 50, 61, 80)
(8, 26, 85, 103)
(8, 50, 61, 103)
(28, 30, 81, 83)
(4, 38, 73, 107)
(32, 45, 66, 79)
(5, 40, 71, 106)
(2, 15, 96, 109)
(2, 23, 88, 109)
(7, 32, 79, 104)
(9, 40, 71, 102)
(3, 41, 70, 108)
(25, 35, 76, 86)
(17, 42, 69, 94)
(29, 50, 61, 82)
(1, 38, 73, 110)
(13, 20, 91, 98)
(2, 39, 72, 109)
(11, 45, 66, 100)
(20, 47, 64, 91)
(33, 45, 66, 78)
(6, 39, 72, 105)
(7, 12, 99, 104)
(18, 51, 60, 93)
(16, 35, 76, 95)
(29, 38, 73, 82)
(47, 49, 62, 64)
(32, 54, 57, 79)
(3, 50, 61, 108)
(19, 35, 76, 92)
(24, 40, 71, 87)
(5, 29, 82, 106)
(24, 55, 56, 87)
(5, 14, 97, 106)
(21, 32, 79, 90)
(33, 53, 58, 78)
(41, 48, 63, 70)
(22, 33, 78, 89)
(28, 52, 59, 83)
(1, 21, 90, 110)
(28, 43, 68, 83)
(21, 49, 62, 90)
(5, 31, 80, 106)
(14, 18, 93, 97)
(23, 46, 65, 88)
(27, 42, 69, 84)
(10, 22, 89, 101)
(16, 46, 65, 95)
(25, 37, 74, 86)
(28, 48, 63, 83)
(3, 22, 89, 108)
(16, 49, 62, 95)
(23, 38, 73, 88)
(32, 47, 64, 79)
(13, 43, 68, 98)
(17, 45, 66, 94)
(29, 55, 56, 82)
(33, 51, 60, 78)
(36, 46, 65, 75)
(16, 52, 59, 95)
(32, 42, 69, 79)
(12, 16, 95, 99)
(9, 13, 98, 102)
(15, 46, 65, 96)
(25, 30, 81, 86)
(8, 11, 100, 103)
(28, 38, 73, 83)
(34, 40, 71, 77)
(11, 51, 60, 100)
(7, 51, 60, 104)
(51, 54, 57, 60)
(37, 47, 64, 74)
(4, 54, 57, 107)
(16, 47, 64, 95)
(1, 31, 80, 110)
(1, 23, 88, 110)
(9, 35, 76, 102)
(37, 38, 73, 74)
(1, 16, 95, 110)
(15, 41, 70, 96)
(31, 48, 63, 80)
(3, 18, 93, 108)
(22, 37, 74, 89)
(2, 26, 85, 109)
(8, 55, 56, 103)
(17, 52, 59, 94)
(7, 24, 87, 104)
(14, 55, 56, 97)
(39, 42, 69, 72)
(31, 52, 59, 80)
(4, 44, 67, 107)
(24, 47, 64, 87)
(14, 50, 61, 97)
(23, 36, 75, 88)
(51, 53, 58, 60)
(15, 16, 95, 96)
(24, 37, 74, 87)
(29, 49, 62, 82)
(40, 42, 69, 71)
(13, 34, 77, 98)
(27, 55, 56, 84)
(8, 27, 84, 103)
(9, 33, 78, 102)
(42, 45, 66, 69)
(25, 42, 69, 86)
(9, 27, 84, 102)
(10, 47, 64, 101)
(5, 51, 60, 106)
(15, 29, 82, 96)
(7, 27, 84, 104)
(10, 16, 95, 101)
(3, 49, 62, 108)
(6, 53, 58, 105)
(1, 20, 91, 110)
(11, 35, 76, 100)
(13, 22, 89, 98)
(3, 7, 104, 108)
(21, 30, 81, 90)
(8, 30, 81, 103)
(2, 19, 92, 109)
(9, 47, 64, 102)
(9, 45, 66, 102)
(6, 12, 99, 105)
(9, 53, 58, 102)
(6, 44, 67, 105)
(16, 27, 84, 95)
(2, 37, 74, 109)
(5, 22, 89, 106)
(36, 41, 70, 75)
(4, 20, 91, 107)
(9, 55, 56, 102)
(15, 39, 72, 96)
(13, 49, 62, 98)
(37, 48, 63, 74)
(13, 26, 85, 98)
(23, 49, 62, 88)
(26, 28, 83, 85)
(30, 35, 76, 81)
(2, 46, 65, 109)
(39, 40, 71, 72)
(7, 11, 100, 104)
(8, 46, 65, 103)
(23, 41, 70, 88)
(34, 51, 60, 77)
(23, 47, 64, 88)
(42, 54, 57, 69)
(50, 55, 56, 61)
(27, 50, 61, 84)
(23, 45, 66, 88)
(23, 54, 57, 88)
(16, 51, 60, 95)
(20, 24, 87, 91)
(1, 10, 101, 110)
(3, 53, 58, 108)
(13, 31, 80, 98)
(26, 35, 76, 85)
(9, 29, 82, 102)
(20, 40, 71, 91)
(21, 48, 63, 90)
(19, 38, 73, 92)
(25, 31, 80, 86)
(16, 19, 92, 95)
(33, 55, 56, 78)
(6, 37, 74, 105)
(15, 27, 84, 96)
(16, 55, 56, 95)
(34, 48, 63, 77)
(32, 50, 61, 79)
(33, 48, 63, 78)
(41, 46, 65, 70)
(6, 41, 70, 105)
(12, 55, 56, 99)
(26, 53, 58, 85)
(24, 28, 83, 87)
(26, 29, 82, 85)
(31, 42, 69, 80)
(29, 41, 70, 82)
(34, 41, 70, 77)
(29, 44, 67, 82)
(19, 47, 64, 92)
(1, 43, 68, 110)
(11, 30, 81, 100)
(8, 25, 86, 103)
(23, 26, 85, 88)
(38, 54, 57, 73)
(5, 6, 105, 106)
(7, 55, 56, 104)
(8, 41, 70, 103)
(23, 35, 76, 88)
(43, 47, 64, 68)
(39, 49, 62, 72)
(33, 40, 71, 78)
(4, 11, 100, 107)
(17, 36, 75, 94)
(30, 32, 79, 81)
(10, 26, 85, 101)
(22, 32, 79, 89)
(7, 16, 95, 104)
(12, 30, 81, 99)
(15, 26, 85, 96)
(18, 42, 69, 93)
(12, 23, 88, 99)
(26, 46, 65, 85)
(14, 52, 59, 97)
(5, 28, 83, 106)
(13, 48, 63, 98)
(5, 15, 96, 106)
(9, 20, 91, 102)
(22, 53, 58, 89)
(45, 50, 61, 66)
(17, 23, 88, 94)
(25, 54, 57, 86)
(1, 19, 92, 110)
(11, 42, 69, 100)
(23, 31, 80, 88)
(7, 33, 78, 104)
(34, 38, 73, 77)
(17, 20, 91, 94)
(8, 10, 101, 103)
(30, 31, 80, 81)
(41, 53, 58, 70)
(4, 24, 87, 107)
(16, 22, 89, 95)
(3, 6, 105, 108)
(30, 40, 71, 81)
(31, 43, 68, 80)
(31, 46, 65, 80)
(30, 34, 77, 81)
(9, 22, 89, 102)
(20, 34, 77, 91)
(6, 24, 87, 105)
(49, 54, 57, 62)
(9, 34, 77, 102)
(17, 33, 78, 94)
(42, 49, 62, 69)
(9, 26, 85, 102)
(14, 34, 77, 97)
(15, 48, 63, 96)
(37, 55, 56, 74)
(4, 17, 94, 107)
(31, 34, 77, 80)
(43, 45, 66, 68)
(45, 54, 57, 66)
(4, 16, 95, 107)
(17, 22, 89, 94)
(34, 37, 74, 77)
(39, 51, 60, 72)
(36, 44, 67, 75)
(11, 25, 86, 100)
(18, 27, 84, 93)
(26, 33, 78, 85)
(34, 45, 66, 77)
(3, 55, 56, 108)
(27, 37, 74, 84)
(23, 27, 84, 88)
(1, 28, 83, 110)
(18, 38, 73, 93)
(40, 53, 58, 71)
(10, 20, 91, 101)
(13, 47, 64, 98)
(14, 33, 78, 97)
(20, 54, 57, 91)
(41, 50, 61, 70)
(24, 33, 78, 87)
(50, 52, 59, 61)
(4, 27, 84, 107)
(27, 45, 66, 84)
(31, 49, 62, 80)
(4, 26, 85, 107)
(14, 27, 84, 97)
(5, 55, 56, 106)
(12, 20, 91, 99)
(5, 42, 69, 106)
(17, 27, 84, 94)
(31, 44, 67, 80)
(11, 50, 61, 100)
(3, 44, 67, 108)
(6, 40, 71, 105)
(32, 40, 71, 79)
(2, 13, 98, 109)
(37, 49, 62, 74)
(6, 34, 77, 105)
(21, 45, 66, 90)
(26, 42, 69, 85)
(26, 49, 62, 85)
(9, 44, 67, 102)
(15, 44, 67, 96)
(3, 52, 59, 108)
(3, 31, 80, 108)
(38, 50, 61, 73)
(2, 38, 73, 109)
(6, 35, 76, 105)
(13, 14, 97, 98)
(4, 10, 101, 107)
(3, 27, 84, 108)
(3, 33, 78, 108)
(17, 31, 80, 94)
(16, 37, 74, 95)
(12, 14, 97, 99)
(3, 45, 66, 108)
(12, 29, 82, 99)
(12, 40, 71, 99)
(25, 52, 59, 86)
(26, 27, 84, 85)
(11, 27, 84, 100)
(3, 36, 75, 108)
(5, 11, 100, 106)
(29, 33, 78, 82)
(7, 37, 74, 104)
(4, 8, 103, 107)
(44, 48, 63, 67)
(10, 40, 71, 101)
(52, 54, 57, 59)
(6, 33, 78, 105)
(9, 18, 93, 102)
(12, 35, 76, 99)
(19, 27, 84, 92)
(11, 21, 90, 100)
(12, 21, 90, 99)
(25, 39, 72, 86)
(21, 25, 86, 90)
(42, 55, 56, 69)
(19, 48, 63, 92)
(37, 40, 71, 74)
(3, 20, 91, 108)
(12, 45, 66, 99)
(45, 47, 64, 66)
(10, 55, 56, 101)
(10, 23, 88, 101)
(1, 52, 59, 110)
(32, 48, 63, 79)
(13, 25, 86, 98)
(7, 41, 70, 104)
(8, 54, 57, 103)
(33, 39, 72, 78)
(7, 13, 98, 104)
(18, 35, 76, 93)
(48, 53, 58, 63)
(38, 46, 65, 73)
(13, 51, 60, 98)
(16, 26, 85, 95)
(9, 25, 86, 102)
(6, 17, 94, 105)
(46, 54, 57, 65)
(1, 4, 107, 110)
(1, 49, 62, 110)
(41, 47, 64, 70)
(10, 15, 96, 101)
(15, 51, 60, 96)
(26, 37, 74, 85)
(17, 55, 56, 94)
(8, 34, 77, 103)
(40, 52, 59, 71)
(4, 36, 75, 107)
(11, 24, 87, 100)
(16, 54, 57, 95)
(23, 25, 86, 88)
(34, 50, 61, 77)
(7, 28, 83, 104)
(14, 44, 67, 97)
(44, 52, 59, 67)
(26, 40, 71, 85)
(24, 46, 65, 87)
(20, 39, 72, 91)
(13, 37, 74, 98)
(49, 53, 58, 62)
(5, 50, 61, 106)
(17, 38, 73, 94)
(22, 31, 80, 89)
(16, 39, 72, 95)
(24, 36, 75, 87)
(9, 16, 95, 102)
(16, 42, 69, 95)
(16, 44, 67, 95)
(5, 32, 79, 106)
(19, 55, 56, 92)
(20, 38, 73, 91)
(24, 31, 80, 87)
(8, 29, 82, 103)
(39, 45, 66, 72)
(47, 53, 58, 64)
(21, 47, 64, 90)
(17, 54, 57, 94)
(25, 29, 82, 86)
(18, 43, 68, 93)
(18, 44, 67, 93)
(15, 37, 74, 96)
(19, 49, 62, 92)
(19, 50, 61, 92)
(19, 52, 59, 92)
(7, 46, 65, 104)
(28, 29, 82, 83)
(6, 26, 85, 105)
(37, 52, 59, 74)
(23, 30, 81, 88)
(41, 51, 60, 70)
(33, 54, 57, 78)
(40, 45, 66, 71)
(7, 35, 76, 104)
(24, 41, 70, 87)
(25, 45, 66, 86)
(23, 37, 74, 88)
(30, 44, 67, 81)
(20, 32, 79, 91)
(16, 29, 82, 95)
(19, 53, 58, 92)
(18, 46, 65, 93)
(10, 24, 87, 101)
(34, 36, 75, 77)
(7, 36, 75, 104)
(3, 15, 96, 108)
(9, 32, 79, 102)
(22, 35, 76, 89)
(3, 51, 60, 108)
(36, 43, 68, 75)
(44, 55, 56, 67)
(15, 31, 80, 96)
(21, 44, 67, 90)
(1, 12, 99, 110)
(34, 42, 69, 77)
(7, 19, 92, 104)
(32, 39, 72, 79)
(13, 23, 88, 98)
(9, 42, 69, 102)
(17, 48, 63, 94)
(30, 36, 75, 81)}

Print some_are_pairs (contains 0 tuples): {}

Print none_are_pairs (contains 36 tuples): {
(9, 34, 71, 108)
(18, 55, 57, 92)
(6, 43, 80, 93)
(1, 38, 75, 108)
(16, 53, 63, 90)
(2, 39, 76, 105)
(18, 31, 68, 105)
(13, 50, 72, 87)
(19, 54, 56, 93)
(23, 42, 60, 97)
(5, 42, 79, 96)
(3, 40, 77, 102)
(27, 28, 65, 102)
(15, 52, 66, 89)
(26, 33, 63, 100)
(17, 54, 60, 91)
(14, 51, 69, 88)
(10, 47, 81, 84)
(12, 49, 75, 86)
(24, 29, 66, 103)
(12, 33, 70, 107)
(24, 39, 61, 98)
(15, 32, 69, 106)
(8, 45, 82, 87)
(3, 36, 73, 110)
(21, 30, 67, 104)
(9, 46, 83, 84)
(22, 45, 59, 96)
(20, 51, 57, 94)
(21, 48, 58, 95)
(27, 30, 64, 101)
(4, 41, 78, 99)
(6, 35, 72, 109)
(25, 36, 62, 99)
(7, 44, 81, 90)
(11, 48, 78, 85)}

Print indecomposable (contains 36 tuples): {
(9, 34, 71, 108)
(18, 55, 57, 92)
(6, 43, 80, 93)
(1, 38, 75, 108)
(16, 53, 63, 90)
(2, 39, 76, 105)
(18, 31, 68, 105)
(13, 50, 72, 87)
(19, 54, 56, 93)
(23, 42, 60, 97)
(5, 42, 79, 96)
(3, 40, 77, 102)
(27, 28, 65, 102)
(15, 52, 66, 89)
(26, 33, 63, 100)
(17, 54, 60, 91)
(14, 51, 69, 88)
(10, 47, 81, 84)
(12, 49, 75, 86)
(24, 29, 66, 103)
(12, 33, 70, 107)
(24, 39, 61, 98)
(15, 32, 69, 106)
(8, 45, 82, 87)
(3, 36, 73, 110)
(21, 30, 67, 104)
(9, 46, 83, 84)
(22, 45, 59, 96)
(20, 51, 57, 94)
(21, 48, 58, 95)
(27, 30, 64, 101)
(4, 41, 78, 99)
(6, 35, 72, 109)
(25, 36, 62, 99)
(7, 44, 81, 90)
(11, 48, 78, 85)}

Print decomposable but no pairs (contains 0 tuples): {}

Print exceptional cycles (contains 36 tuples): {
(9, 34, 71, 108)
(18, 55, 57, 92)
(6, 43, 80, 93)
(1, 38, 75, 108)
(16, 53, 63, 90)
(2, 39, 76, 105)
(18, 31, 68, 105)
(13, 50, 72, 87)
(19, 54, 56, 93)
(23, 42, 60, 97)
(5, 42, 79, 96)
(3, 40, 77, 102)
(27, 28, 65, 102)
(15, 52, 66, 89)
(26, 33, 63, 100)
(17, 54, 60, 91)
(14, 51, 69, 88)
(10, 47, 81, 84)
(12, 49, 75, 86)
(24, 29, 66, 103)
(12, 33, 70, 107)
(24, 39, 61, 98)
(15, 32, 69, 106)
(8, 45, 82, 87)
(3, 36, 73, 110)
(21, 30, 67, 104)
(9, 46, 83, 84)
(22, 45, 59, 96)
(20, 51, 57, 94)
(21, 48, 58, 95)
(27, 30, 64, 101)
(4, 41, 78, 99)
(6, 35, 72, 109)
(25, 36, 62, 99)
(7, 44, 81, 90)
(11, 48, 78, 85)}

Below are debug outputs for each alpha in V whether it was put in the indecomposable set or the decomposable but no pairs set:
adding to indecomposable set: (9, 34, 71, 108)
adding to indecomposable set: (18, 55, 57, 92)
adding to indecomposable set: (6, 43, 80, 93)
adding to indecomposable set: (1, 38, 75, 108)
adding to indecomposable set: (16, 53, 63, 90)
adding to indecomposable set: (2, 39, 76, 105)
adding to indecomposable set: (18, 31, 68, 105)
adding to indecomposable set: (13, 50, 72, 87)
adding to indecomposable set: (19, 54, 56, 93)
adding to indecomposable set: (23, 42, 60, 97)
adding to indecomposable set: (5, 42, 79, 96)
adding to indecomposable set: (3, 40, 77, 102)
adding to indecomposable set: (27, 28, 65, 102)
adding to indecomposable set: (15, 52, 66, 89)
adding to indecomposable set: (26, 33, 63, 100)
adding to indecomposable set: (17, 54, 60, 91)
adding to indecomposable set: (14, 51, 69, 88)
adding to indecomposable set: (10, 47, 81, 84)
adding to indecomposable set: (12, 49, 75, 86)
adding to indecomposable set: (24, 29, 66, 103)
adding to indecomposable set: (12, 33, 70, 107)
adding to indecomposable set: (24, 39, 61, 98)
adding to indecomposable set: (15, 32, 69, 106)
adding to indecomposable set: (8, 45, 82, 87)
adding to indecomposable set: (3, 36, 73, 110)
adding to indecomposable set: (21, 30, 67, 104)
adding to indecomposable set: (9, 46, 83, 84)
adding to indecomposable set: (22, 45, 59, 96)
adding to indecomposable set: (20, 51, 57, 94)
adding to indecomposable set: (21, 48, 58, 95)
adding to indecomposable set: (27, 30, 64, 101)
adding to indecomposable set: (4, 41, 78, 99)
adding to indecomposable set: (6, 35, 72, 109)
adding to indecomposable set: (25, 36, 62, 99)
adding to indecomposable set: (7, 44, 81, 90)
adding to indecomposable set: (11, 48, 78, 85)


method validate_set_V(111, 2) ran to completion.
