Running method validate_set_V(m = 29, d = 11) and generating using halves:

Summary:
given m = 29, d = 11
Calculations took 0 days, 0 hours, 0 minutes, 0 seconds, 8 miliseconds, 537 microseconds, 300 nanoseconds.
Z/mZ:  [0, 1, 2, 3, 4, 5, 6, 7, 8, 9, 10, 11, 12, 13, 14, 15, 16, 17, 18, 19, 20, 21, 22, 23, 24, 25, 26, 27, 28]
Z/mZ*: [1, 2, 3, 4, 5, 6, 7, 8, 9, 10, 11, 12, 13, 14, 15, 16, 17, 18, 19, 20, 21, 22, 23, 24, 25, 26, 27, 28]
All ascending & non-repeating tuple (size 22) combinations possible for the U set: 376740
                      V set: contains 364 tuples
          all_are_pairs set: contains 364 tuples
         some_are_pairs set: contains 0 tuples
         none_are_pairs set: contains 0 tuples
         indecomposable set: contains 0 tuples
decomposable & no pairs set: contains 0 tuples
     exceptional_cycles set: contains 0 tuples

Print V set (contains 364 tuples): {
(1, 2, 3, 4, 5, 6, 7, 8, 9, 10, 11, 18, 19, 20, 21, 22, 23, 24, 25, 26, 27, 28)
(1, 2, 3, 4, 5, 6, 7, 8, 9, 10, 12, 17, 19, 20, 21, 22, 23, 24, 25, 26, 27, 28)
(1, 2, 3, 4, 5, 6, 7, 8, 9, 10, 13, 16, 19, 20, 21, 22, 23, 24, 25, 26, 27, 28)
(1, 2, 3, 4, 5, 6, 7, 8, 9, 10, 14, 15, 19, 20, 21, 22, 23, 24, 25, 26, 27, 28)
(1, 2, 3, 4, 5, 6, 7, 8, 9, 11, 12, 17, 18, 20, 21, 22, 23, 24, 25, 26, 27, 28)
(1, 2, 3, 4, 5, 6, 7, 8, 9, 11, 13, 16, 18, 20, 21, 22, 23, 24, 25, 26, 27, 28)
(1, 2, 3, 4, 5, 6, 7, 8, 9, 11, 14, 15, 18, 20, 21, 22, 23, 24, 25, 26, 27, 28)
(1, 2, 3, 4, 5, 6, 7, 8, 9, 12, 13, 16, 17, 20, 21, 22, 23, 24, 25, 26, 27, 28)
(1, 2, 3, 4, 5, 6, 7, 8, 9, 12, 14, 15, 17, 20, 21, 22, 23, 24, 25, 26, 27, 28)
(1, 2, 3, 4, 5, 6, 7, 8, 9, 13, 14, 15, 16, 20, 21, 22, 23, 24, 25, 26, 27, 28)
(1, 2, 3, 4, 5, 6, 7, 8, 10, 11, 12, 17, 18, 19, 21, 22, 23, 24, 25, 26, 27, 28)
(1, 2, 3, 4, 5, 6, 7, 8, 10, 11, 13, 16, 18, 19, 21, 22, 23, 24, 25, 26, 27, 28)
(1, 2, 3, 4, 5, 6, 7, 8, 10, 11, 14, 15, 18, 19, 21, 22, 23, 24, 25, 26, 27, 28)
(1, 2, 3, 4, 5, 6, 7, 8, 10, 12, 13, 16, 17, 19, 21, 22, 23, 24, 25, 26, 27, 28)
(1, 2, 3, 4, 5, 6, 7, 8, 10, 12, 14, 15, 17, 19, 21, 22, 23, 24, 25, 26, 27, 28)
(1, 2, 3, 4, 5, 6, 7, 8, 10, 13, 14, 15, 16, 19, 21, 22, 23, 24, 25, 26, 27, 28)
(1, 2, 3, 4, 5, 6, 7, 8, 11, 12, 13, 16, 17, 18, 21, 22, 23, 24, 25, 26, 27, 28)
(1, 2, 3, 4, 5, 6, 7, 8, 11, 12, 14, 15, 17, 18, 21, 22, 23, 24, 25, 26, 27, 28)
(1, 2, 3, 4, 5, 6, 7, 8, 11, 13, 14, 15, 16, 18, 21, 22, 23, 24, 25, 26, 27, 28)
(1, 2, 3, 4, 5, 6, 7, 8, 12, 13, 14, 15, 16, 17, 21, 22, 23, 24, 25, 26, 27, 28)
(1, 2, 3, 4, 5, 6, 7, 9, 10, 11, 12, 17, 18, 19, 20, 22, 23, 24, 25, 26, 27, 28)
(1, 2, 3, 4, 5, 6, 7, 9, 10, 11, 13, 16, 18, 19, 20, 22, 23, 24, 25, 26, 27, 28)
(1, 2, 3, 4, 5, 6, 7, 9, 10, 11, 14, 15, 18, 19, 20, 22, 23, 24, 25, 26, 27, 28)
(1, 2, 3, 4, 5, 6, 7, 9, 10, 12, 13, 16, 17, 19, 20, 22, 23, 24, 25, 26, 27, 28)
(1, 2, 3, 4, 5, 6, 7, 9, 10, 12, 14, 15, 17, 19, 20, 22, 23, 24, 25, 26, 27, 28)
(1, 2, 3, 4, 5, 6, 7, 9, 10, 13, 14, 15, 16, 19, 20, 22, 23, 24, 25, 26, 27, 28)
(1, 2, 3, 4, 5, 6, 7, 9, 11, 12, 13, 16, 17, 18, 20, 22, 23, 24, 25, 26, 27, 28)
(1, 2, 3, 4, 5, 6, 7, 9, 11, 12, 14, 15, 17, 18, 20, 22, 23, 24, 25, 26, 27, 28)
(1, 2, 3, 4, 5, 6, 7, 9, 11, 13, 14, 15, 16, 18, 20, 22, 23, 24, 25, 26, 27, 28)
(1, 2, 3, 4, 5, 6, 7, 9, 12, 13, 14, 15, 16, 17, 20, 22, 23, 24, 25, 26, 27, 28)
(1, 2, 3, 4, 5, 6, 7, 10, 11, 12, 13, 16, 17, 18, 19, 22, 23, 24, 25, 26, 27, 28)
(1, 2, 3, 4, 5, 6, 7, 10, 11, 12, 14, 15, 17, 18, 19, 22, 23, 24, 25, 26, 27, 28)
(1, 2, 3, 4, 5, 6, 7, 10, 11, 13, 14, 15, 16, 18, 19, 22, 23, 24, 25, 26, 27, 28)
(1, 2, 3, 4, 5, 6, 7, 10, 12, 13, 14, 15, 16, 17, 19, 22, 23, 24, 25, 26, 27, 28)
(1, 2, 3, 4, 5, 6, 7, 11, 12, 13, 14, 15, 16, 17, 18, 22, 23, 24, 25, 26, 27, 28)
(1, 2, 3, 4, 5, 6, 8, 9, 10, 11, 12, 17, 18, 19, 20, 21, 23, 24, 25, 26, 27, 28)
(1, 2, 3, 4, 5, 6, 8, 9, 10, 11, 13, 16, 18, 19, 20, 21, 23, 24, 25, 26, 27, 28)
(1, 2, 3, 4, 5, 6, 8, 9, 10, 11, 14, 15, 18, 19, 20, 21, 23, 24, 25, 26, 27, 28)
(1, 2, 3, 4, 5, 6, 8, 9, 10, 12, 13, 16, 17, 19, 20, 21, 23, 24, 25, 26, 27, 28)
(1, 2, 3, 4, 5, 6, 8, 9, 10, 12, 14, 15, 17, 19, 20, 21, 23, 24, 25, 26, 27, 28)
(1, 2, 3, 4, 5, 6, 8, 9, 10, 13, 14, 15, 16, 19, 20, 21, 23, 24, 25, 26, 27, 28)
(1, 2, 3, 4, 5, 6, 8, 9, 11, 12, 13, 16, 17, 18, 20, 21, 23, 24, 25, 26, 27, 28)
(1, 2, 3, 4, 5, 6, 8, 9, 11, 12, 14, 15, 17, 18, 20, 21, 23, 24, 25, 26, 27, 28)
(1, 2, 3, 4, 5, 6, 8, 9, 11, 13, 14, 15, 16, 18, 20, 21, 23, 24, 25, 26, 27, 28)
(1, 2, 3, 4, 5, 6, 8, 9, 12, 13, 14, 15, 16, 17, 20, 21, 23, 24, 25, 26, 27, 28)
(1, 2, 3, 4, 5, 6, 8, 10, 11, 12, 13, 16, 17, 18, 19, 21, 23, 24, 25, 26, 27, 28)
(1, 2, 3, 4, 5, 6, 8, 10, 11, 12, 14, 15, 17, 18, 19, 21, 23, 24, 25, 26, 27, 28)
(1, 2, 3, 4, 5, 6, 8, 10, 11, 13, 14, 15, 16, 18, 19, 21, 23, 24, 25, 26, 27, 28)
(1, 2, 3, 4, 5, 6, 8, 10, 12, 13, 14, 15, 16, 17, 19, 21, 23, 24, 25, 26, 27, 28)
(1, 2, 3, 4, 5, 6, 8, 11, 12, 13, 14, 15, 16, 17, 18, 21, 23, 24, 25, 26, 27, 28)
(1, 2, 3, 4, 5, 6, 9, 10, 11, 12, 13, 16, 17, 18, 19, 20, 23, 24, 25, 26, 27, 28)
(1, 2, 3, 4, 5, 6, 9, 10, 11, 12, 14, 15, 17, 18, 19, 20, 23, 24, 25, 26, 27, 28)
(1, 2, 3, 4, 5, 6, 9, 10, 11, 13, 14, 15, 16, 18, 19, 20, 23, 24, 25, 26, 27, 28)
(1, 2, 3, 4, 5, 6, 9, 10, 12, 13, 14, 15, 16, 17, 19, 20, 23, 24, 25, 26, 27, 28)
(1, 2, 3, 4, 5, 6, 9, 11, 12, 13, 14, 15, 16, 17, 18, 20, 23, 24, 25, 26, 27, 28)
(1, 2, 3, 4, 5, 6, 10, 11, 12, 13, 14, 15, 16, 17, 18, 19, 23, 24, 25, 26, 27, 28)
(1, 2, 3, 4, 5, 7, 8, 9, 10, 11, 12, 17, 18, 19, 20, 21, 22, 24, 25, 26, 27, 28)
(1, 2, 3, 4, 5, 7, 8, 9, 10, 11, 13, 16, 18, 19, 20, 21, 22, 24, 25, 26, 27, 28)
(1, 2, 3, 4, 5, 7, 8, 9, 10, 11, 14, 15, 18, 19, 20, 21, 22, 24, 25, 26, 27, 28)
(1, 2, 3, 4, 5, 7, 8, 9, 10, 12, 13, 16, 17, 19, 20, 21, 22, 24, 25, 26, 27, 28)
(1, 2, 3, 4, 5, 7, 8, 9, 10, 12, 14, 15, 17, 19, 20, 21, 22, 24, 25, 26, 27, 28)
(1, 2, 3, 4, 5, 7, 8, 9, 10, 13, 14, 15, 16, 19, 20, 21, 22, 24, 25, 26, 27, 28)
(1, 2, 3, 4, 5, 7, 8, 9, 11, 12, 13, 16, 17, 18, 20, 21, 22, 24, 25, 26, 27, 28)
(1, 2, 3, 4, 5, 7, 8, 9, 11, 12, 14, 15, 17, 18, 20, 21, 22, 24, 25, 26, 27, 28)
(1, 2, 3, 4, 5, 7, 8, 9, 11, 13, 14, 15, 16, 18, 20, 21, 22, 24, 25, 26, 27, 28)
(1, 2, 3, 4, 5, 7, 8, 9, 12, 13, 14, 15, 16, 17, 20, 21, 22, 24, 25, 26, 27, 28)
(1, 2, 3, 4, 5, 7, 8, 10, 11, 12, 13, 16, 17, 18, 19, 21, 22, 24, 25, 26, 27, 28)
(1, 2, 3, 4, 5, 7, 8, 10, 11, 12, 14, 15, 17, 18, 19, 21, 22, 24, 25, 26, 27, 28)
(1, 2, 3, 4, 5, 7, 8, 10, 11, 13, 14, 15, 16, 18, 19, 21, 22, 24, 25, 26, 27, 28)
(1, 2, 3, 4, 5, 7, 8, 10, 12, 13, 14, 15, 16, 17, 19, 21, 22, 24, 25, 26, 27, 28)
(1, 2, 3, 4, 5, 7, 8, 11, 12, 13, 14, 15, 16, 17, 18, 21, 22, 24, 25, 26, 27, 28)
(1, 2, 3, 4, 5, 7, 9, 10, 11, 12, 13, 16, 17, 18, 19, 20, 22, 24, 25, 26, 27, 28)
(1, 2, 3, 4, 5, 7, 9, 10, 11, 12, 14, 15, 17, 18, 19, 20, 22, 24, 25, 26, 27, 28)
(1, 2, 3, 4, 5, 7, 9, 10, 11, 13, 14, 15, 16, 18, 19, 20, 22, 24, 25, 26, 27, 28)
(1, 2, 3, 4, 5, 7, 9, 10, 12, 13, 14, 15, 16, 17, 19, 20, 22, 24, 25, 26, 27, 28)
(1, 2, 3, 4, 5, 7, 9, 11, 12, 13, 14, 15, 16, 17, 18, 20, 22, 24, 25, 26, 27, 28)
(1, 2, 3, 4, 5, 7, 10, 11, 12, 13, 14, 15, 16, 17, 18, 19, 22, 24, 25, 26, 27, 28)
(1, 2, 3, 4, 5, 8, 9, 10, 11, 12, 13, 16, 17, 18, 19, 20, 21, 24, 25, 26, 27, 28)
(1, 2, 3, 4, 5, 8, 9, 10, 11, 12, 14, 15, 17, 18, 19, 20, 21, 24, 25, 26, 27, 28)
(1, 2, 3, 4, 5, 8, 9, 10, 11, 13, 14, 15, 16, 18, 19, 20, 21, 24, 25, 26, 27, 28)
(1, 2, 3, 4, 5, 8, 9, 10, 12, 13, 14, 15, 16, 17, 19, 20, 21, 24, 25, 26, 27, 28)
(1, 2, 3, 4, 5, 8, 9, 11, 12, 13, 14, 15, 16, 17, 18, 20, 21, 24, 25, 26, 27, 28)
(1, 2, 3, 4, 5, 8, 10, 11, 12, 13, 14, 15, 16, 17, 18, 19, 21, 24, 25, 26, 27, 28)
(1, 2, 3, 4, 5, 9, 10, 11, 12, 13, 14, 15, 16, 17, 18, 19, 20, 24, 25, 26, 27, 28)
(1, 2, 3, 4, 6, 7, 8, 9, 10, 11, 12, 17, 18, 19, 20, 21, 22, 23, 25, 26, 27, 28)
(1, 2, 3, 4, 6, 7, 8, 9, 10, 11, 13, 16, 18, 19, 20, 21, 22, 23, 25, 26, 27, 28)
(1, 2, 3, 4, 6, 7, 8, 9, 10, 11, 14, 15, 18, 19, 20, 21, 22, 23, 25, 26, 27, 28)
(1, 2, 3, 4, 6, 7, 8, 9, 10, 12, 13, 16, 17, 19, 20, 21, 22, 23, 25, 26, 27, 28)
(1, 2, 3, 4, 6, 7, 8, 9, 10, 12, 14, 15, 17, 19, 20, 21, 22, 23, 25, 26, 27, 28)
(1, 2, 3, 4, 6, 7, 8, 9, 10, 13, 14, 15, 16, 19, 20, 21, 22, 23, 25, 26, 27, 28)
(1, 2, 3, 4, 6, 7, 8, 9, 11, 12, 13, 16, 17, 18, 20, 21, 22, 23, 25, 26, 27, 28)
(1, 2, 3, 4, 6, 7, 8, 9, 11, 12, 14, 15, 17, 18, 20, 21, 22, 23, 25, 26, 27, 28)
(1, 2, 3, 4, 6, 7, 8, 9, 11, 13, 14, 15, 16, 18, 20, 21, 22, 23, 25, 26, 27, 28)
(1, 2, 3, 4, 6, 7, 8, 9, 12, 13, 14, 15, 16, 17, 20, 21, 22, 23, 25, 26, 27, 28)
(1, 2, 3, 4, 6, 7, 8, 10, 11, 12, 13, 16, 17, 18, 19, 21, 22, 23, 25, 26, 27, 28)
(1, 2, 3, 4, 6, 7, 8, 10, 11, 12, 14, 15, 17, 18, 19, 21, 22, 23, 25, 26, 27, 28)
(1, 2, 3, 4, 6, 7, 8, 10, 11, 13, 14, 15, 16, 18, 19, 21, 22, 23, 25, 26, 27, 28)
(1, 2, 3, 4, 6, 7, 8, 10, 12, 13, 14, 15, 16, 17, 19, 21, 22, 23, 25, 26, 27, 28)
(1, 2, 3, 4, 6, 7, 8, 11, 12, 13, 14, 15, 16, 17, 18, 21, 22, 23, 25, 26, 27, 28)
(1, 2, 3, 4, 6, 7, 9, 10, 11, 12, 13, 16, 17, 18, 19, 20, 22, 23, 25, 26, 27, 28)
(1, 2, 3, 4, 6, 7, 9, 10, 11, 12, 14, 15, 17, 18, 19, 20, 22, 23, 25, 26, 27, 28)
(1, 2, 3, 4, 6, 7, 9, 10, 11, 13, 14, 15, 16, 18, 19, 20, 22, 23, 25, 26, 27, 28)
(1, 2, 3, 4, 6, 7, 9, 10, 12, 13, 14, 15, 16, 17, 19, 20, 22, 23, 25, 26, 27, 28)
(1, 2, 3, 4, 6, 7, 9, 11, 12, 13, 14, 15, 16, 17, 18, 20, 22, 23, 25, 26, 27, 28)
(1, 2, 3, 4, 6, 7, 10, 11, 12, 13, 14, 15, 16, 17, 18, 19, 22, 23, 25, 26, 27, 28)
(1, 2, 3, 4, 6, 8, 9, 10, 11, 12, 13, 16, 17, 18, 19, 20, 21, 23, 25, 26, 27, 28)
(1, 2, 3, 4, 6, 8, 9, 10, 11, 12, 14, 15, 17, 18, 19, 20, 21, 23, 25, 26, 27, 28)
(1, 2, 3, 4, 6, 8, 9, 10, 11, 13, 14, 15, 16, 18, 19, 20, 21, 23, 25, 26, 27, 28)
(1, 2, 3, 4, 6, 8, 9, 10, 12, 13, 14, 15, 16, 17, 19, 20, 21, 23, 25, 26, 27, 28)
(1, 2, 3, 4, 6, 8, 9, 11, 12, 13, 14, 15, 16, 17, 18, 20, 21, 23, 25, 26, 27, 28)
(1, 2, 3, 4, 6, 8, 10, 11, 12, 13, 14, 15, 16, 17, 18, 19, 21, 23, 25, 26, 27, 28)
(1, 2, 3, 4, 6, 9, 10, 11, 12, 13, 14, 15, 16, 17, 18, 19, 20, 23, 25, 26, 27, 28)
(1, 2, 3, 4, 7, 8, 9, 10, 11, 12, 13, 16, 17, 18, 19, 20, 21, 22, 25, 26, 27, 28)
(1, 2, 3, 4, 7, 8, 9, 10, 11, 12, 14, 15, 17, 18, 19, 20, 21, 22, 25, 26, 27, 28)
(1, 2, 3, 4, 7, 8, 9, 10, 11, 13, 14, 15, 16, 18, 19, 20, 21, 22, 25, 26, 27, 28)
(1, 2, 3, 4, 7, 8, 9, 10, 12, 13, 14, 15, 16, 17, 19, 20, 21, 22, 25, 26, 27, 28)
(1, 2, 3, 4, 7, 8, 9, 11, 12, 13, 14, 15, 16, 17, 18, 20, 21, 22, 25, 26, 27, 28)
(1, 2, 3, 4, 7, 8, 10, 11, 12, 13, 14, 15, 16, 17, 18, 19, 21, 22, 25, 26, 27, 28)
(1, 2, 3, 4, 7, 9, 10, 11, 12, 13, 14, 15, 16, 17, 18, 19, 20, 22, 25, 26, 27, 28)
(1, 2, 3, 4, 8, 9, 10, 11, 12, 13, 14, 15, 16, 17, 18, 19, 20, 21, 25, 26, 27, 28)
(1, 2, 3, 5, 6, 7, 8, 9, 10, 11, 12, 17, 18, 19, 20, 21, 22, 23, 24, 26, 27, 28)
(1, 2, 3, 5, 6, 7, 8, 9, 10, 11, 13, 16, 18, 19, 20, 21, 22, 23, 24, 26, 27, 28)
(1, 2, 3, 5, 6, 7, 8, 9, 10, 11, 14, 15, 18, 19, 20, 21, 22, 23, 24, 26, 27, 28)
(1, 2, 3, 5, 6, 7, 8, 9, 10, 12, 13, 16, 17, 19, 20, 21, 22, 23, 24, 26, 27, 28)
(1, 2, 3, 5, 6, 7, 8, 9, 10, 12, 14, 15, 17, 19, 20, 21, 22, 23, 24, 26, 27, 28)
(1, 2, 3, 5, 6, 7, 8, 9, 10, 13, 14, 15, 16, 19, 20, 21, 22, 23, 24, 26, 27, 28)
(1, 2, 3, 5, 6, 7, 8, 9, 11, 12, 13, 16, 17, 18, 20, 21, 22, 23, 24, 26, 27, 28)
(1, 2, 3, 5, 6, 7, 8, 9, 11, 12, 14, 15, 17, 18, 20, 21, 22, 23, 24, 26, 27, 28)
(1, 2, 3, 5, 6, 7, 8, 9, 11, 13, 14, 15, 16, 18, 20, 21, 22, 23, 24, 26, 27, 28)
(1, 2, 3, 5, 6, 7, 8, 9, 12, 13, 14, 15, 16, 17, 20, 21, 22, 23, 24, 26, 27, 28)
(1, 2, 3, 5, 6, 7, 8, 10, 11, 12, 13, 16, 17, 18, 19, 21, 22, 23, 24, 26, 27, 28)
(1, 2, 3, 5, 6, 7, 8, 10, 11, 12, 14, 15, 17, 18, 19, 21, 22, 23, 24, 26, 27, 28)
(1, 2, 3, 5, 6, 7, 8, 10, 11, 13, 14, 15, 16, 18, 19, 21, 22, 23, 24, 26, 27, 28)
(1, 2, 3, 5, 6, 7, 8, 10, 12, 13, 14, 15, 16, 17, 19, 21, 22, 23, 24, 26, 27, 28)
(1, 2, 3, 5, 6, 7, 8, 11, 12, 13, 14, 15, 16, 17, 18, 21, 22, 23, 24, 26, 27, 28)
(1, 2, 3, 5, 6, 7, 9, 10, 11, 12, 13, 16, 17, 18, 19, 20, 22, 23, 24, 26, 27, 28)
(1, 2, 3, 5, 6, 7, 9, 10, 11, 12, 14, 15, 17, 18, 19, 20, 22, 23, 24, 26, 27, 28)
(1, 2, 3, 5, 6, 7, 9, 10, 11, 13, 14, 15, 16, 18, 19, 20, 22, 23, 24, 26, 27, 28)
(1, 2, 3, 5, 6, 7, 9, 10, 12, 13, 14, 15, 16, 17, 19, 20, 22, 23, 24, 26, 27, 28)
(1, 2, 3, 5, 6, 7, 9, 11, 12, 13, 14, 15, 16, 17, 18, 20, 22, 23, 24, 26, 27, 28)
(1, 2, 3, 5, 6, 7, 10, 11, 12, 13, 14, 15, 16, 17, 18, 19, 22, 23, 24, 26, 27, 28)
(1, 2, 3, 5, 6, 8, 9, 10, 11, 12, 13, 16, 17, 18, 19, 20, 21, 23, 24, 26, 27, 28)
(1, 2, 3, 5, 6, 8, 9, 10, 11, 12, 14, 15, 17, 18, 19, 20, 21, 23, 24, 26, 27, 28)
(1, 2, 3, 5, 6, 8, 9, 10, 11, 13, 14, 15, 16, 18, 19, 20, 21, 23, 24, 26, 27, 28)
(1, 2, 3, 5, 6, 8, 9, 10, 12, 13, 14, 15, 16, 17, 19, 20, 21, 23, 24, 26, 27, 28)
(1, 2, 3, 5, 6, 8, 9, 11, 12, 13, 14, 15, 16, 17, 18, 20, 21, 23, 24, 26, 27, 28)
(1, 2, 3, 5, 6, 8, 10, 11, 12, 13, 14, 15, 16, 17, 18, 19, 21, 23, 24, 26, 27, 28)
(1, 2, 3, 5, 6, 9, 10, 11, 12, 13, 14, 15, 16, 17, 18, 19, 20, 23, 24, 26, 27, 28)
(1, 2, 3, 5, 7, 8, 9, 10, 11, 12, 13, 16, 17, 18, 19, 20, 21, 22, 24, 26, 27, 28)
(1, 2, 3, 5, 7, 8, 9, 10, 11, 12, 14, 15, 17, 18, 19, 20, 21, 22, 24, 26, 27, 28)
(1, 2, 3, 5, 7, 8, 9, 10, 11, 13, 14, 15, 16, 18, 19, 20, 21, 22, 24, 26, 27, 28)
(1, 2, 3, 5, 7, 8, 9, 10, 12, 13, 14, 15, 16, 17, 19, 20, 21, 22, 24, 26, 27, 28)
(1, 2, 3, 5, 7, 8, 9, 11, 12, 13, 14, 15, 16, 17, 18, 20, 21, 22, 24, 26, 27, 28)
(1, 2, 3, 5, 7, 8, 10, 11, 12, 13, 14, 15, 16, 17, 18, 19, 21, 22, 24, 26, 27, 28)
(1, 2, 3, 5, 7, 9, 10, 11, 12, 13, 14, 15, 16, 17, 18, 19, 20, 22, 24, 26, 27, 28)
(1, 2, 3, 5, 8, 9, 10, 11, 12, 13, 14, 15, 16, 17, 18, 19, 20, 21, 24, 26, 27, 28)
(1, 2, 3, 6, 7, 8, 9, 10, 11, 12, 13, 16, 17, 18, 19, 20, 21, 22, 23, 26, 27, 28)
(1, 2, 3, 6, 7, 8, 9, 10, 11, 12, 14, 15, 17, 18, 19, 20, 21, 22, 23, 26, 27, 28)
(1, 2, 3, 6, 7, 8, 9, 10, 11, 13, 14, 15, 16, 18, 19, 20, 21, 22, 23, 26, 27, 28)
(1, 2, 3, 6, 7, 8, 9, 10, 12, 13, 14, 15, 16, 17, 19, 20, 21, 22, 23, 26, 27, 28)
(1, 2, 3, 6, 7, 8, 9, 11, 12, 13, 14, 15, 16, 17, 18, 20, 21, 22, 23, 26, 27, 28)
(1, 2, 3, 6, 7, 8, 10, 11, 12, 13, 14, 15, 16, 17, 18, 19, 21, 22, 23, 26, 27, 28)
(1, 2, 3, 6, 7, 9, 10, 11, 12, 13, 14, 15, 16, 17, 18, 19, 20, 22, 23, 26, 27, 28)
(1, 2, 3, 6, 8, 9, 10, 11, 12, 13, 14, 15, 16, 17, 18, 19, 20, 21, 23, 26, 27, 28)
(1, 2, 3, 7, 8, 9, 10, 11, 12, 13, 14, 15, 16, 17, 18, 19, 20, 21, 22, 26, 27, 28)
(1, 2, 4, 5, 6, 7, 8, 9, 10, 11, 12, 17, 18, 19, 20, 21, 22, 23, 24, 25, 27, 28)
(1, 2, 4, 5, 6, 7, 8, 9, 10, 11, 13, 16, 18, 19, 20, 21, 22, 23, 24, 25, 27, 28)
(1, 2, 4, 5, 6, 7, 8, 9, 10, 11, 14, 15, 18, 19, 20, 21, 22, 23, 24, 25, 27, 28)
(1, 2, 4, 5, 6, 7, 8, 9, 10, 12, 13, 16, 17, 19, 20, 21, 22, 23, 24, 25, 27, 28)
(1, 2, 4, 5, 6, 7, 8, 9, 10, 12, 14, 15, 17, 19, 20, 21, 22, 23, 24, 25, 27, 28)
(1, 2, 4, 5, 6, 7, 8, 9, 10, 13, 14, 15, 16, 19, 20, 21, 22, 23, 24, 25, 27, 28)
(1, 2, 4, 5, 6, 7, 8, 9, 11, 12, 13, 16, 17, 18, 20, 21, 22, 23, 24, 25, 27, 28)
(1, 2, 4, 5, 6, 7, 8, 9, 11, 12, 14, 15, 17, 18, 20, 21, 22, 23, 24, 25, 27, 28)
(1, 2, 4, 5, 6, 7, 8, 9, 11, 13, 14, 15, 16, 18, 20, 21, 22, 23, 24, 25, 27, 28)
(1, 2, 4, 5, 6, 7, 8, 9, 12, 13, 14, 15, 16, 17, 20, 21, 22, 23, 24, 25, 27, 28)
(1, 2, 4, 5, 6, 7, 8, 10, 11, 12, 13, 16, 17, 18, 19, 21, 22, 23, 24, 25, 27, 28)
(1, 2, 4, 5, 6, 7, 8, 10, 11, 12, 14, 15, 17, 18, 19, 21, 22, 23, 24, 25, 27, 28)
(1, 2, 4, 5, 6, 7, 8, 10, 11, 13, 14, 15, 16, 18, 19, 21, 22, 23, 24, 25, 27, 28)
(1, 2, 4, 5, 6, 7, 8, 10, 12, 13, 14, 15, 16, 17, 19, 21, 22, 23, 24, 25, 27, 28)
(1, 2, 4, 5, 6, 7, 8, 11, 12, 13, 14, 15, 16, 17, 18, 21, 22, 23, 24, 25, 27, 28)
(1, 2, 4, 5, 6, 7, 9, 10, 11, 12, 13, 16, 17, 18, 19, 20, 22, 23, 24, 25, 27, 28)
(1, 2, 4, 5, 6, 7, 9, 10, 11, 12, 14, 15, 17, 18, 19, 20, 22, 23, 24, 25, 27, 28)
(1, 2, 4, 5, 6, 7, 9, 10, 11, 13, 14, 15, 16, 18, 19, 20, 22, 23, 24, 25, 27, 28)
(1, 2, 4, 5, 6, 7, 9, 10, 12, 13, 14, 15, 16, 17, 19, 20, 22, 23, 24, 25, 27, 28)
(1, 2, 4, 5, 6, 7, 9, 11, 12, 13, 14, 15, 16, 17, 18, 20, 22, 23, 24, 25, 27, 28)
(1, 2, 4, 5, 6, 7, 10, 11, 12, 13, 14, 15, 16, 17, 18, 19, 22, 23, 24, 25, 27, 28)
(1, 2, 4, 5, 6, 8, 9, 10, 11, 12, 13, 16, 17, 18, 19, 20, 21, 23, 24, 25, 27, 28)
(1, 2, 4, 5, 6, 8, 9, 10, 11, 12, 14, 15, 17, 18, 19, 20, 21, 23, 24, 25, 27, 28)
(1, 2, 4, 5, 6, 8, 9, 10, 11, 13, 14, 15, 16, 18, 19, 20, 21, 23, 24, 25, 27, 28)
(1, 2, 4, 5, 6, 8, 9, 10, 12, 13, 14, 15, 16, 17, 19, 20, 21, 23, 24, 25, 27, 28)
(1, 2, 4, 5, 6, 8, 9, 11, 12, 13, 14, 15, 16, 17, 18, 20, 21, 23, 24, 25, 27, 28)
(1, 2, 4, 5, 6, 8, 10, 11, 12, 13, 14, 15, 16, 17, 18, 19, 21, 23, 24, 25, 27, 28)
(1, 2, 4, 5, 6, 9, 10, 11, 12, 13, 14, 15, 16, 17, 18, 19, 20, 23, 24, 25, 27, 28)
(1, 2, 4, 5, 7, 8, 9, 10, 11, 12, 13, 16, 17, 18, 19, 20, 21, 22, 24, 25, 27, 28)
(1, 2, 4, 5, 7, 8, 9, 10, 11, 12, 14, 15, 17, 18, 19, 20, 21, 22, 24, 25, 27, 28)
(1, 2, 4, 5, 7, 8, 9, 10, 11, 13, 14, 15, 16, 18, 19, 20, 21, 22, 24, 25, 27, 28)
(1, 2, 4, 5, 7, 8, 9, 10, 12, 13, 14, 15, 16, 17, 19, 20, 21, 22, 24, 25, 27, 28)
(1, 2, 4, 5, 7, 8, 9, 11, 12, 13, 14, 15, 16, 17, 18, 20, 21, 22, 24, 25, 27, 28)
(1, 2, 4, 5, 7, 8, 10, 11, 12, 13, 14, 15, 16, 17, 18, 19, 21, 22, 24, 25, 27, 28)
(1, 2, 4, 5, 7, 9, 10, 11, 12, 13, 14, 15, 16, 17, 18, 19, 20, 22, 24, 25, 27, 28)
(1, 2, 4, 5, 8, 9, 10, 11, 12, 13, 14, 15, 16, 17, 18, 19, 20, 21, 24, 25, 27, 28)
(1, 2, 4, 6, 7, 8, 9, 10, 11, 12, 13, 16, 17, 18, 19, 20, 21, 22, 23, 25, 27, 28)
(1, 2, 4, 6, 7, 8, 9, 10, 11, 12, 14, 15, 17, 18, 19, 20, 21, 22, 23, 25, 27, 28)
(1, 2, 4, 6, 7, 8, 9, 10, 11, 13, 14, 15, 16, 18, 19, 20, 21, 22, 23, 25, 27, 28)
(1, 2, 4, 6, 7, 8, 9, 10, 12, 13, 14, 15, 16, 17, 19, 20, 21, 22, 23, 25, 27, 28)
(1, 2, 4, 6, 7, 8, 9, 11, 12, 13, 14, 15, 16, 17, 18, 20, 21, 22, 23, 25, 27, 28)
(1, 2, 4, 6, 7, 8, 10, 11, 12, 13, 14, 15, 16, 17, 18, 19, 21, 22, 23, 25, 27, 28)
(1, 2, 4, 6, 7, 9, 10, 11, 12, 13, 14, 15, 16, 17, 18, 19, 20, 22, 23, 25, 27, 28)
(1, 2, 4, 6, 8, 9, 10, 11, 12, 13, 14, 15, 16, 17, 18, 19, 20, 21, 23, 25, 27, 28)
(1, 2, 4, 7, 8, 9, 10, 11, 12, 13, 14, 15, 16, 17, 18, 19, 20, 21, 22, 25, 27, 28)
(1, 2, 5, 6, 7, 8, 9, 10, 11, 12, 13, 16, 17, 18, 19, 20, 21, 22, 23, 24, 27, 28)
(1, 2, 5, 6, 7, 8, 9, 10, 11, 12, 14, 15, 17, 18, 19, 20, 21, 22, 23, 24, 27, 28)
(1, 2, 5, 6, 7, 8, 9, 10, 11, 13, 14, 15, 16, 18, 19, 20, 21, 22, 23, 24, 27, 28)
(1, 2, 5, 6, 7, 8, 9, 10, 12, 13, 14, 15, 16, 17, 19, 20, 21, 22, 23, 24, 27, 28)
(1, 2, 5, 6, 7, 8, 9, 11, 12, 13, 14, 15, 16, 17, 18, 20, 21, 22, 23, 24, 27, 28)
(1, 2, 5, 6, 7, 8, 10, 11, 12, 13, 14, 15, 16, 17, 18, 19, 21, 22, 23, 24, 27, 28)
(1, 2, 5, 6, 7, 9, 10, 11, 12, 13, 14, 15, 16, 17, 18, 19, 20, 22, 23, 24, 27, 28)
(1, 2, 5, 6, 8, 9, 10, 11, 12, 13, 14, 15, 16, 17, 18, 19, 20, 21, 23, 24, 27, 28)
(1, 2, 5, 7, 8, 9, 10, 11, 12, 13, 14, 15, 16, 17, 18, 19, 20, 21, 22, 24, 27, 28)
(1, 2, 6, 7, 8, 9, 10, 11, 12, 13, 14, 15, 16, 17, 18, 19, 20, 21, 22, 23, 27, 28)
(1, 3, 4, 5, 6, 7, 8, 9, 10, 11, 12, 17, 18, 19, 20, 21, 22, 23, 24, 25, 26, 28)
(1, 3, 4, 5, 6, 7, 8, 9, 10, 11, 13, 16, 18, 19, 20, 21, 22, 23, 24, 25, 26, 28)
(1, 3, 4, 5, 6, 7, 8, 9, 10, 11, 14, 15, 18, 19, 20, 21, 22, 23, 24, 25, 26, 28)
(1, 3, 4, 5, 6, 7, 8, 9, 10, 12, 13, 16, 17, 19, 20, 21, 22, 23, 24, 25, 26, 28)
(1, 3, 4, 5, 6, 7, 8, 9, 10, 12, 14, 15, 17, 19, 20, 21, 22, 23, 24, 25, 26, 28)
(1, 3, 4, 5, 6, 7, 8, 9, 10, 13, 14, 15, 16, 19, 20, 21, 22, 23, 24, 25, 26, 28)
(1, 3, 4, 5, 6, 7, 8, 9, 11, 12, 13, 16, 17, 18, 20, 21, 22, 23, 24, 25, 26, 28)
(1, 3, 4, 5, 6, 7, 8, 9, 11, 12, 14, 15, 17, 18, 20, 21, 22, 23, 24, 25, 26, 28)
(1, 3, 4, 5, 6, 7, 8, 9, 11, 13, 14, 15, 16, 18, 20, 21, 22, 23, 24, 25, 26, 28)
(1, 3, 4, 5, 6, 7, 8, 9, 12, 13, 14, 15, 16, 17, 20, 21, 22, 23, 24, 25, 26, 28)
(1, 3, 4, 5, 6, 7, 8, 10, 11, 12, 13, 16, 17, 18, 19, 21, 22, 23, 24, 25, 26, 28)
(1, 3, 4, 5, 6, 7, 8, 10, 11, 12, 14, 15, 17, 18, 19, 21, 22, 23, 24, 25, 26, 28)
(1, 3, 4, 5, 6, 7, 8, 10, 11, 13, 14, 15, 16, 18, 19, 21, 22, 23, 24, 25, 26, 28)
(1, 3, 4, 5, 6, 7, 8, 10, 12, 13, 14, 15, 16, 17, 19, 21, 22, 23, 24, 25, 26, 28)
(1, 3, 4, 5, 6, 7, 8, 11, 12, 13, 14, 15, 16, 17, 18, 21, 22, 23, 24, 25, 26, 28)
(1, 3, 4, 5, 6, 7, 9, 10, 11, 12, 13, 16, 17, 18, 19, 20, 22, 23, 24, 25, 26, 28)
(1, 3, 4, 5, 6, 7, 9, 10, 11, 12, 14, 15, 17, 18, 19, 20, 22, 23, 24, 25, 26, 28)
(1, 3, 4, 5, 6, 7, 9, 10, 11, 13, 14, 15, 16, 18, 19, 20, 22, 23, 24, 25, 26, 28)
(1, 3, 4, 5, 6, 7, 9, 10, 12, 13, 14, 15, 16, 17, 19, 20, 22, 23, 24, 25, 26, 28)
(1, 3, 4, 5, 6, 7, 9, 11, 12, 13, 14, 15, 16, 17, 18, 20, 22, 23, 24, 25, 26, 28)
(1, 3, 4, 5, 6, 7, 10, 11, 12, 13, 14, 15, 16, 17, 18, 19, 22, 23, 24, 25, 26, 28)
(1, 3, 4, 5, 6, 8, 9, 10, 11, 12, 13, 16, 17, 18, 19, 20, 21, 23, 24, 25, 26, 28)
(1, 3, 4, 5, 6, 8, 9, 10, 11, 12, 14, 15, 17, 18, 19, 20, 21, 23, 24, 25, 26, 28)
(1, 3, 4, 5, 6, 8, 9, 10, 11, 13, 14, 15, 16, 18, 19, 20, 21, 23, 24, 25, 26, 28)
(1, 3, 4, 5, 6, 8, 9, 10, 12, 13, 14, 15, 16, 17, 19, 20, 21, 23, 24, 25, 26, 28)
(1, 3, 4, 5, 6, 8, 9, 11, 12, 13, 14, 15, 16, 17, 18, 20, 21, 23, 24, 25, 26, 28)
(1, 3, 4, 5, 6, 8, 10, 11, 12, 13, 14, 15, 16, 17, 18, 19, 21, 23, 24, 25, 26, 28)
(1, 3, 4, 5, 6, 9, 10, 11, 12, 13, 14, 15, 16, 17, 18, 19, 20, 23, 24, 25, 26, 28)
(1, 3, 4, 5, 7, 8, 9, 10, 11, 12, 13, 16, 17, 18, 19, 20, 21, 22, 24, 25, 26, 28)
(1, 3, 4, 5, 7, 8, 9, 10, 11, 12, 14, 15, 17, 18, 19, 20, 21, 22, 24, 25, 26, 28)
(1, 3, 4, 5, 7, 8, 9, 10, 11, 13, 14, 15, 16, 18, 19, 20, 21, 22, 24, 25, 26, 28)
(1, 3, 4, 5, 7, 8, 9, 10, 12, 13, 14, 15, 16, 17, 19, 20, 21, 22, 24, 25, 26, 28)
(1, 3, 4, 5, 7, 8, 9, 11, 12, 13, 14, 15, 16, 17, 18, 20, 21, 22, 24, 25, 26, 28)
(1, 3, 4, 5, 7, 8, 10, 11, 12, 13, 14, 15, 16, 17, 18, 19, 21, 22, 24, 25, 26, 28)
(1, 3, 4, 5, 7, 9, 10, 11, 12, 13, 14, 15, 16, 17, 18, 19, 20, 22, 24, 25, 26, 28)
(1, 3, 4, 5, 8, 9, 10, 11, 12, 13, 14, 15, 16, 17, 18, 19, 20, 21, 24, 25, 26, 28)
(1, 3, 4, 6, 7, 8, 9, 10, 11, 12, 13, 16, 17, 18, 19, 20, 21, 22, 23, 25, 26, 28)
(1, 3, 4, 6, 7, 8, 9, 10, 11, 12, 14, 15, 17, 18, 19, 20, 21, 22, 23, 25, 26, 28)
(1, 3, 4, 6, 7, 8, 9, 10, 11, 13, 14, 15, 16, 18, 19, 20, 21, 22, 23, 25, 26, 28)
(1, 3, 4, 6, 7, 8, 9, 10, 12, 13, 14, 15, 16, 17, 19, 20, 21, 22, 23, 25, 26, 28)
(1, 3, 4, 6, 7, 8, 9, 11, 12, 13, 14, 15, 16, 17, 18, 20, 21, 22, 23, 25, 26, 28)
(1, 3, 4, 6, 7, 8, 10, 11, 12, 13, 14, 15, 16, 17, 18, 19, 21, 22, 23, 25, 26, 28)
(1, 3, 4, 6, 7, 9, 10, 11, 12, 13, 14, 15, 16, 17, 18, 19, 20, 22, 23, 25, 26, 28)
(1, 3, 4, 6, 8, 9, 10, 11, 12, 13, 14, 15, 16, 17, 18, 19, 20, 21, 23, 25, 26, 28)
(1, 3, 4, 7, 8, 9, 10, 11, 12, 13, 14, 15, 16, 17, 18, 19, 20, 21, 22, 25, 26, 28)
(1, 3, 5, 6, 7, 8, 9, 10, 11, 12, 13, 16, 17, 18, 19, 20, 21, 22, 23, 24, 26, 28)
(1, 3, 5, 6, 7, 8, 9, 10, 11, 12, 14, 15, 17, 18, 19, 20, 21, 22, 23, 24, 26, 28)
(1, 3, 5, 6, 7, 8, 9, 10, 11, 13, 14, 15, 16, 18, 19, 20, 21, 22, 23, 24, 26, 28)
(1, 3, 5, 6, 7, 8, 9, 10, 12, 13, 14, 15, 16, 17, 19, 20, 21, 22, 23, 24, 26, 28)
(1, 3, 5, 6, 7, 8, 9, 11, 12, 13, 14, 15, 16, 17, 18, 20, 21, 22, 23, 24, 26, 28)
(1, 3, 5, 6, 7, 8, 10, 11, 12, 13, 14, 15, 16, 17, 18, 19, 21, 22, 23, 24, 26, 28)
(1, 3, 5, 6, 7, 9, 10, 11, 12, 13, 14, 15, 16, 17, 18, 19, 20, 22, 23, 24, 26, 28)
(1, 3, 5, 6, 8, 9, 10, 11, 12, 13, 14, 15, 16, 17, 18, 19, 20, 21, 23, 24, 26, 28)
(1, 3, 5, 7, 8, 9, 10, 11, 12, 13, 14, 15, 16, 17, 18, 19, 20, 21, 22, 24, 26, 28)
(1, 3, 6, 7, 8, 9, 10, 11, 12, 13, 14, 15, 16, 17, 18, 19, 20, 21, 22, 23, 26, 28)
(1, 4, 5, 6, 7, 8, 9, 10, 11, 12, 13, 16, 17, 18, 19, 20, 21, 22, 23, 24, 25, 28)
(1, 4, 5, 6, 7, 8, 9, 10, 11, 12, 14, 15, 17, 18, 19, 20, 21, 22, 23, 24, 25, 28)
(1, 4, 5, 6, 7, 8, 9, 10, 11, 13, 14, 15, 16, 18, 19, 20, 21, 22, 23, 24, 25, 28)
(1, 4, 5, 6, 7, 8, 9, 10, 12, 13, 14, 15, 16, 17, 19, 20, 21, 22, 23, 24, 25, 28)
(1, 4, 5, 6, 7, 8, 9, 11, 12, 13, 14, 15, 16, 17, 18, 20, 21, 22, 23, 24, 25, 28)
(1, 4, 5, 6, 7, 8, 10, 11, 12, 13, 14, 15, 16, 17, 18, 19, 21, 22, 23, 24, 25, 28)
(1, 4, 5, 6, 7, 9, 10, 11, 12, 13, 14, 15, 16, 17, 18, 19, 20, 22, 23, 24, 25, 28)
(1, 4, 5, 6, 8, 9, 10, 11, 12, 13, 14, 15, 16, 17, 18, 19, 20, 21, 23, 24, 25, 28)
(1, 4, 5, 7, 8, 9, 10, 11, 12, 13, 14, 15, 16, 17, 18, 19, 20, 21, 22, 24, 25, 28)
(1, 4, 6, 7, 8, 9, 10, 11, 12, 13, 14, 15, 16, 17, 18, 19, 20, 21, 22, 23, 25, 28)
(1, 5, 6, 7, 8, 9, 10, 11, 12, 13, 14, 15, 16, 17, 18, 19, 20, 21, 22, 23, 24, 28)
(2, 3, 4, 5, 6, 7, 8, 9, 10, 11, 12, 17, 18, 19, 20, 21, 22, 23, 24, 25, 26, 27)
(2, 3, 4, 5, 6, 7, 8, 9, 10, 11, 13, 16, 18, 19, 20, 21, 22, 23, 24, 25, 26, 27)
(2, 3, 4, 5, 6, 7, 8, 9, 10, 11, 14, 15, 18, 19, 20, 21, 22, 23, 24, 25, 26, 27)
(2, 3, 4, 5, 6, 7, 8, 9, 10, 12, 13, 16, 17, 19, 20, 21, 22, 23, 24, 25, 26, 27)
(2, 3, 4, 5, 6, 7, 8, 9, 10, 12, 14, 15, 17, 19, 20, 21, 22, 23, 24, 25, 26, 27)
(2, 3, 4, 5, 6, 7, 8, 9, 10, 13, 14, 15, 16, 19, 20, 21, 22, 23, 24, 25, 26, 27)
(2, 3, 4, 5, 6, 7, 8, 9, 11, 12, 13, 16, 17, 18, 20, 21, 22, 23, 24, 25, 26, 27)
(2, 3, 4, 5, 6, 7, 8, 9, 11, 12, 14, 15, 17, 18, 20, 21, 22, 23, 24, 25, 26, 27)
(2, 3, 4, 5, 6, 7, 8, 9, 11, 13, 14, 15, 16, 18, 20, 21, 22, 23, 24, 25, 26, 27)
(2, 3, 4, 5, 6, 7, 8, 9, 12, 13, 14, 15, 16, 17, 20, 21, 22, 23, 24, 25, 26, 27)
(2, 3, 4, 5, 6, 7, 8, 10, 11, 12, 13, 16, 17, 18, 19, 21, 22, 23, 24, 25, 26, 27)
(2, 3, 4, 5, 6, 7, 8, 10, 11, 12, 14, 15, 17, 18, 19, 21, 22, 23, 24, 25, 26, 27)
(2, 3, 4, 5, 6, 7, 8, 10, 11, 13, 14, 15, 16, 18, 19, 21, 22, 23, 24, 25, 26, 27)
(2, 3, 4, 5, 6, 7, 8, 10, 12, 13, 14, 15, 16, 17, 19, 21, 22, 23, 24, 25, 26, 27)
(2, 3, 4, 5, 6, 7, 8, 11, 12, 13, 14, 15, 16, 17, 18, 21, 22, 23, 24, 25, 26, 27)
(2, 3, 4, 5, 6, 7, 9, 10, 11, 12, 13, 16, 17, 18, 19, 20, 22, 23, 24, 25, 26, 27)
(2, 3, 4, 5, 6, 7, 9, 10, 11, 12, 14, 15, 17, 18, 19, 20, 22, 23, 24, 25, 26, 27)
(2, 3, 4, 5, 6, 7, 9, 10, 11, 13, 14, 15, 16, 18, 19, 20, 22, 23, 24, 25, 26, 27)
(2, 3, 4, 5, 6, 7, 9, 10, 12, 13, 14, 15, 16, 17, 19, 20, 22, 23, 24, 25, 26, 27)
(2, 3, 4, 5, 6, 7, 9, 11, 12, 13, 14, 15, 16, 17, 18, 20, 22, 23, 24, 25, 26, 27)
(2, 3, 4, 5, 6, 7, 10, 11, 12, 13, 14, 15, 16, 17, 18, 19, 22, 23, 24, 25, 26, 27)
(2, 3, 4, 5, 6, 8, 9, 10, 11, 12, 13, 16, 17, 18, 19, 20, 21, 23, 24, 25, 26, 27)
(2, 3, 4, 5, 6, 8, 9, 10, 11, 12, 14, 15, 17, 18, 19, 20, 21, 23, 24, 25, 26, 27)
(2, 3, 4, 5, 6, 8, 9, 10, 11, 13, 14, 15, 16, 18, 19, 20, 21, 23, 24, 25, 26, 27)
(2, 3, 4, 5, 6, 8, 9, 10, 12, 13, 14, 15, 16, 17, 19, 20, 21, 23, 24, 25, 26, 27)
(2, 3, 4, 5, 6, 8, 9, 11, 12, 13, 14, 15, 16, 17, 18, 20, 21, 23, 24, 25, 26, 27)
(2, 3, 4, 5, 6, 8, 10, 11, 12, 13, 14, 15, 16, 17, 18, 19, 21, 23, 24, 25, 26, 27)
(2, 3, 4, 5, 6, 9, 10, 11, 12, 13, 14, 15, 16, 17, 18, 19, 20, 23, 24, 25, 26, 27)
(2, 3, 4, 5, 7, 8, 9, 10, 11, 12, 13, 16, 17, 18, 19, 20, 21, 22, 24, 25, 26, 27)
(2, 3, 4, 5, 7, 8, 9, 10, 11, 12, 14, 15, 17, 18, 19, 20, 21, 22, 24, 25, 26, 27)
(2, 3, 4, 5, 7, 8, 9, 10, 11, 13, 14, 15, 16, 18, 19, 20, 21, 22, 24, 25, 26, 27)
(2, 3, 4, 5, 7, 8, 9, 10, 12, 13, 14, 15, 16, 17, 19, 20, 21, 22, 24, 25, 26, 27)
(2, 3, 4, 5, 7, 8, 9, 11, 12, 13, 14, 15, 16, 17, 18, 20, 21, 22, 24, 25, 26, 27)
(2, 3, 4, 5, 7, 8, 10, 11, 12, 13, 14, 15, 16, 17, 18, 19, 21, 22, 24, 25, 26, 27)
(2, 3, 4, 5, 7, 9, 10, 11, 12, 13, 14, 15, 16, 17, 18, 19, 20, 22, 24, 25, 26, 27)
(2, 3, 4, 5, 8, 9, 10, 11, 12, 13, 14, 15, 16, 17, 18, 19, 20, 21, 24, 25, 26, 27)
(2, 3, 4, 6, 7, 8, 9, 10, 11, 12, 13, 16, 17, 18, 19, 20, 21, 22, 23, 25, 26, 27)
(2, 3, 4, 6, 7, 8, 9, 10, 11, 12, 14, 15, 17, 18, 19, 20, 21, 22, 23, 25, 26, 27)
(2, 3, 4, 6, 7, 8, 9, 10, 11, 13, 14, 15, 16, 18, 19, 20, 21, 22, 23, 25, 26, 27)
(2, 3, 4, 6, 7, 8, 9, 10, 12, 13, 14, 15, 16, 17, 19, 20, 21, 22, 23, 25, 26, 27)
(2, 3, 4, 6, 7, 8, 9, 11, 12, 13, 14, 15, 16, 17, 18, 20, 21, 22, 23, 25, 26, 27)
(2, 3, 4, 6, 7, 8, 10, 11, 12, 13, 14, 15, 16, 17, 18, 19, 21, 22, 23, 25, 26, 27)
(2, 3, 4, 6, 7, 9, 10, 11, 12, 13, 14, 15, 16, 17, 18, 19, 20, 22, 23, 25, 26, 27)
(2, 3, 4, 6, 8, 9, 10, 11, 12, 13, 14, 15, 16, 17, 18, 19, 20, 21, 23, 25, 26, 27)
(2, 3, 4, 7, 8, 9, 10, 11, 12, 13, 14, 15, 16, 17, 18, 19, 20, 21, 22, 25, 26, 27)
(2, 3, 5, 6, 7, 8, 9, 10, 11, 12, 13, 16, 17, 18, 19, 20, 21, 22, 23, 24, 26, 27)
(2, 3, 5, 6, 7, 8, 9, 10, 11, 12, 14, 15, 17, 18, 19, 20, 21, 22, 23, 24, 26, 27)
(2, 3, 5, 6, 7, 8, 9, 10, 11, 13, 14, 15, 16, 18, 19, 20, 21, 22, 23, 24, 26, 27)
(2, 3, 5, 6, 7, 8, 9, 10, 12, 13, 14, 15, 16, 17, 19, 20, 21, 22, 23, 24, 26, 27)
(2, 3, 5, 6, 7, 8, 9, 11, 12, 13, 14, 15, 16, 17, 18, 20, 21, 22, 23, 24, 26, 27)
(2, 3, 5, 6, 7, 8, 10, 11, 12, 13, 14, 15, 16, 17, 18, 19, 21, 22, 23, 24, 26, 27)
(2, 3, 5, 6, 7, 9, 10, 11, 12, 13, 14, 15, 16, 17, 18, 19, 20, 22, 23, 24, 26, 27)
(2, 3, 5, 6, 8, 9, 10, 11, 12, 13, 14, 15, 16, 17, 18, 19, 20, 21, 23, 24, 26, 27)
(2, 3, 5, 7, 8, 9, 10, 11, 12, 13, 14, 15, 16, 17, 18, 19, 20, 21, 22, 24, 26, 27)
(2, 3, 6, 7, 8, 9, 10, 11, 12, 13, 14, 15, 16, 17, 18, 19, 20, 21, 22, 23, 26, 27)
(2, 4, 5, 6, 7, 8, 9, 10, 11, 12, 13, 16, 17, 18, 19, 20, 21, 22, 23, 24, 25, 27)
(2, 4, 5, 6, 7, 8, 9, 10, 11, 12, 14, 15, 17, 18, 19, 20, 21, 22, 23, 24, 25, 27)
(2, 4, 5, 6, 7, 8, 9, 10, 11, 13, 14, 15, 16, 18, 19, 20, 21, 22, 23, 24, 25, 27)
(2, 4, 5, 6, 7, 8, 9, 10, 12, 13, 14, 15, 16, 17, 19, 20, 21, 22, 23, 24, 25, 27)
(2, 4, 5, 6, 7, 8, 9, 11, 12, 13, 14, 15, 16, 17, 18, 20, 21, 22, 23, 24, 25, 27)
(2, 4, 5, 6, 7, 8, 10, 11, 12, 13, 14, 15, 16, 17, 18, 19, 21, 22, 23, 24, 25, 27)
(2, 4, 5, 6, 7, 9, 10, 11, 12, 13, 14, 15, 16, 17, 18, 19, 20, 22, 23, 24, 25, 27)
(2, 4, 5, 6, 8, 9, 10, 11, 12, 13, 14, 15, 16, 17, 18, 19, 20, 21, 23, 24, 25, 27)
(2, 4, 5, 7, 8, 9, 10, 11, 12, 13, 14, 15, 16, 17, 18, 19, 20, 21, 22, 24, 25, 27)
(2, 4, 6, 7, 8, 9, 10, 11, 12, 13, 14, 15, 16, 17, 18, 19, 20, 21, 22, 23, 25, 27)
(2, 5, 6, 7, 8, 9, 10, 11, 12, 13, 14, 15, 16, 17, 18, 19, 20, 21, 22, 23, 24, 27)
(3, 4, 5, 6, 7, 8, 9, 10, 11, 12, 13, 16, 17, 18, 19, 20, 21, 22, 23, 24, 25, 26)
(3, 4, 5, 6, 7, 8, 9, 10, 11, 12, 14, 15, 17, 18, 19, 20, 21, 22, 23, 24, 25, 26)
(3, 4, 5, 6, 7, 8, 9, 10, 11, 13, 14, 15, 16, 18, 19, 20, 21, 22, 23, 24, 25, 26)
(3, 4, 5, 6, 7, 8, 9, 10, 12, 13, 14, 15, 16, 17, 19, 20, 21, 22, 23, 24, 25, 26)
(3, 4, 5, 6, 7, 8, 9, 11, 12, 13, 14, 15, 16, 17, 18, 20, 21, 22, 23, 24, 25, 26)
(3, 4, 5, 6, 7, 8, 10, 11, 12, 13, 14, 15, 16, 17, 18, 19, 21, 22, 23, 24, 25, 26)
(3, 4, 5, 6, 7, 9, 10, 11, 12, 13, 14, 15, 16, 17, 18, 19, 20, 22, 23, 24, 25, 26)
(3, 4, 5, 6, 8, 9, 10, 11, 12, 13, 14, 15, 16, 17, 18, 19, 20, 21, 23, 24, 25, 26)
(3, 4, 5, 7, 8, 9, 10, 11, 12, 13, 14, 15, 16, 17, 18, 19, 20, 21, 22, 24, 25, 26)
(3, 4, 6, 7, 8, 9, 10, 11, 12, 13, 14, 15, 16, 17, 18, 19, 20, 21, 22, 23, 25, 26)
(3, 5, 6, 7, 8, 9, 10, 11, 12, 13, 14, 15, 16, 17, 18, 19, 20, 21, 22, 23, 24, 26)
(4, 5, 6, 7, 8, 9, 10, 11, 12, 13, 14, 15, 16, 17, 18, 19, 20, 21, 22, 23, 24, 25)
}

Print all_are_pairs (contains 364 tuples): {
(1, 2, 4, 5, 6, 8, 9, 11, 12, 13, 14, 15, 16, 17, 18, 20, 21, 23, 24, 25, 27, 28)
(2, 3, 4, 5, 6, 7, 8, 10, 11, 12, 14, 15, 17, 18, 19, 21, 22, 23, 24, 25, 26, 27)
(1, 3, 4, 6, 7, 8, 9, 10, 11, 13, 14, 15, 16, 18, 19, 20, 21, 22, 23, 25, 26, 28)
(2, 3, 4, 5, 6, 7, 8, 9, 11, 13, 14, 15, 16, 18, 20, 21, 22, 23, 24, 25, 26, 27)
(2, 3, 4, 5, 7, 9, 10, 11, 12, 13, 14, 15, 16, 17, 18, 19, 20, 22, 24, 25, 26, 27)
(1, 2, 4, 5, 6, 7, 8, 9, 10, 11, 13, 16, 18, 19, 20, 21, 22, 23, 24, 25, 27, 28)
(1, 3, 4, 5, 6, 7, 8, 9, 10, 11, 14, 15, 18, 19, 20, 21, 22, 23, 24, 25, 26, 28)
(1, 2, 3, 4, 5, 7, 8, 9, 10, 12, 14, 15, 17, 19, 20, 21, 22, 24, 25, 26, 27, 28)
(4, 5, 6, 7, 8, 9, 10, 11, 12, 13, 14, 15, 16, 17, 18, 19, 20, 21, 22, 23, 24, 25)
(1, 2, 3, 4, 7, 8, 9, 11, 12, 13, 14, 15, 16, 17, 18, 20, 21, 22, 25, 26, 27, 28)
(1, 2, 4, 5, 7, 8, 9, 10, 11, 13, 14, 15, 16, 18, 19, 20, 21, 22, 24, 25, 27, 28)
(1, 3, 4, 5, 6, 9, 10, 11, 12, 13, 14, 15, 16, 17, 18, 19, 20, 23, 24, 25, 26, 28)
(1, 3, 5, 6, 7, 8, 9, 10, 11, 12, 14, 15, 17, 18, 19, 20, 21, 22, 23, 24, 26, 28)
(1, 2, 4, 5, 6, 7, 9, 10, 11, 12, 13, 16, 17, 18, 19, 20, 22, 23, 24, 25, 27, 28)
(1, 2, 3, 4, 5, 6, 8, 9, 10, 11, 12, 17, 18, 19, 20, 21, 23, 24, 25, 26, 27, 28)
(1, 2, 5, 6, 7, 8, 9, 10, 11, 12, 13, 16, 17, 18, 19, 20, 21, 22, 23, 24, 27, 28)
(1, 4, 5, 6, 7, 9, 10, 11, 12, 13, 14, 15, 16, 17, 18, 19, 20, 22, 23, 24, 25, 28)
(1, 2, 3, 4, 5, 7, 8, 9, 12, 13, 14, 15, 16, 17, 20, 21, 22, 24, 25, 26, 27, 28)
(1, 2, 3, 6, 7, 8, 9, 10, 11, 13, 14, 15, 16, 18, 19, 20, 21, 22, 23, 26, 27, 28)
(2, 4, 5, 7, 8, 9, 10, 11, 12, 13, 14, 15, 16, 17, 18, 19, 20, 21, 22, 24, 25, 27)
(1, 3, 4, 5, 6, 7, 8, 10, 11, 12, 14, 15, 17, 18, 19, 21, 22, 23, 24, 25, 26, 28)
(1, 2, 3, 5, 6, 7, 9, 10, 11, 12, 14, 15, 17, 18, 19, 20, 22, 23, 24, 26, 27, 28)
(2, 4, 5, 6, 7, 8, 9, 10, 11, 12, 14, 15, 17, 18, 19, 20, 21, 22, 23, 24, 25, 27)
(1, 3, 4, 5, 6, 7, 8, 9, 10, 12, 13, 16, 17, 19, 20, 21, 22, 23, 24, 25, 26, 28)
(1, 3, 4, 6, 7, 8, 9, 11, 12, 13, 14, 15, 16, 17, 18, 20, 21, 22, 23, 25, 26, 28)
(1, 2, 3, 4, 7, 8, 9, 10, 11, 13, 14, 15, 16, 18, 19, 20, 21, 22, 25, 26, 27, 28)
(1, 2, 4, 5, 6, 7, 8, 10, 11, 12, 13, 16, 17, 18, 19, 21, 22, 23, 24, 25, 27, 28)
(1, 2, 4, 5, 6, 9, 10, 11, 12, 13, 14, 15, 16, 17, 18, 19, 20, 23, 24, 25, 27, 28)
(1, 2, 3, 4, 5, 6, 7, 8, 12, 13, 14, 15, 16, 17, 21, 22, 23, 24, 25, 26, 27, 28)
(1, 2, 3, 4, 5, 6, 10, 11, 12, 13, 14, 15, 16, 17, 18, 19, 23, 24, 25, 26, 27, 28)
(1, 2, 3, 4, 7, 9, 10, 11, 12, 13, 14, 15, 16, 17, 18, 19, 20, 22, 25, 26, 27, 28)
(1, 2, 4, 5, 6, 7, 8, 10, 11, 13, 14, 15, 16, 18, 19, 21, 22, 23, 24, 25, 27, 28)
(3, 4, 5, 6, 7, 8, 9, 11, 12, 13, 14, 15, 16, 17, 18, 20, 21, 22, 23, 24, 25, 26)
(1, 2, 4, 5, 6, 7, 8, 9, 10, 13, 14, 15, 16, 19, 20, 21, 22, 23, 24, 25, 27, 28)
(1, 4, 5, 7, 8, 9, 10, 11, 12, 13, 14, 15, 16, 17, 18, 19, 20, 21, 22, 24, 25, 28)
(2, 3, 4, 7, 8, 9, 10, 11, 12, 13, 14, 15, 16, 17, 18, 19, 20, 21, 22, 25, 26, 27)
(1, 2, 3, 4, 5, 6, 7, 8, 9, 12, 14, 15, 17, 20, 21, 22, 23, 24, 25, 26, 27, 28)
(2, 3, 5, 6, 7, 8, 9, 10, 11, 12, 14, 15, 17, 18, 19, 20, 21, 22, 23, 24, 26, 27)
(1, 2, 3, 5, 6, 7, 8, 9, 11, 12, 14, 15, 17, 18, 20, 21, 22, 23, 24, 26, 27, 28)
(1, 3, 4, 5, 7, 9, 10, 11, 12, 13, 14, 15, 16, 17, 18, 19, 20, 22, 24, 25, 26, 28)
(1, 3, 4, 5, 6, 7, 8, 9, 11, 13, 14, 15, 16, 18, 20, 21, 22, 23, 24, 25, 26, 28)
(1, 3, 4, 6, 7, 8, 9, 10, 11, 12, 13, 16, 17, 18, 19, 20, 21, 22, 23, 25, 26, 28)
(2, 4, 5, 6, 7, 8, 10, 11, 12, 13, 14, 15, 16, 17, 18, 19, 21, 22, 23, 24, 25, 27)
(1, 2, 4, 6, 7, 8, 9, 11, 12, 13, 14, 15, 16, 17, 18, 20, 21, 22, 23, 25, 27, 28)
(1, 3, 4, 5, 7, 8, 9, 10, 11, 13, 14, 15, 16, 18, 19, 20, 21, 22, 24, 25, 26, 28)
(1, 2, 3, 5, 7, 8, 9, 11, 12, 13, 14, 15, 16, 17, 18, 20, 21, 22, 24, 26, 27, 28)
(2, 3, 4, 5, 6, 7, 8, 9, 10, 12, 14, 15, 17, 19, 20, 21, 22, 23, 24, 25, 26, 27)
(1, 2, 3, 4, 5, 8, 9, 10, 11, 13, 14, 15, 16, 18, 19, 20, 21, 24, 25, 26, 27, 28)
(1, 2, 3, 4, 5, 8, 9, 11, 12, 13, 14, 15, 16, 17, 18, 20, 21, 24, 25, 26, 27, 28)
(1, 2, 3, 4, 6, 7, 8, 11, 12, 13, 14, 15, 16, 17, 18, 21, 22, 23, 25, 26, 27, 28)
(1, 2, 3, 4, 5, 6, 7, 9, 10, 13, 14, 15, 16, 19, 20, 22, 23, 24, 25, 26, 27, 28)
(2, 3, 4, 5, 6, 7, 8, 9, 10, 11, 14, 15, 18, 19, 20, 21, 22, 23, 24, 25, 26, 27)
(2, 3, 4, 5, 6, 8, 9, 10, 12, 13, 14, 15, 16, 17, 19, 20, 21, 23, 24, 25, 26, 27)
(2, 3, 4, 5, 7, 8, 9, 10, 12, 13, 14, 15, 16, 17, 19, 20, 21, 22, 24, 25, 26, 27)
(1, 2, 3, 4, 5, 6, 8, 9, 11, 12, 13, 16, 17, 18, 20, 21, 23, 24, 25, 26, 27, 28)
(1, 2, 3, 4, 5, 6, 8, 10, 12, 13, 14, 15, 16, 17, 19, 21, 23, 24, 25, 26, 27, 28)
(1, 2, 3, 4, 5, 6, 7, 8, 10, 13, 14, 15, 16, 19, 21, 22, 23, 24, 25, 26, 27, 28)
(1, 3, 4, 5, 6, 7, 8, 9, 11, 12, 13, 16, 17, 18, 20, 21, 22, 23, 24, 25, 26, 28)
(1, 4, 5, 6, 7, 8, 9, 10, 11, 13, 14, 15, 16, 18, 19, 20, 21, 22, 23, 24, 25, 28)
(2, 4, 5, 6, 7, 8, 9, 10, 11, 13, 14, 15, 16, 18, 19, 20, 21, 22, 23, 24, 25, 27)
(1, 2, 3, 4, 6, 8, 9, 11, 12, 13, 14, 15, 16, 17, 18, 20, 21, 23, 25, 26, 27, 28)
(1, 2, 4, 5, 6, 7, 9, 10, 11, 13, 14, 15, 16, 18, 19, 20, 22, 23, 24, 25, 27, 28)
(1, 2, 4, 5, 7, 8, 9, 10, 11, 12, 14, 15, 17, 18, 19, 20, 21, 22, 24, 25, 27, 28)
(1, 2, 3, 4, 5, 7, 8, 10, 11, 12, 14, 15, 17, 18, 19, 21, 22, 24, 25, 26, 27, 28)
(1, 2, 3, 6, 8, 9, 10, 11, 12, 13, 14, 15, 16, 17, 18, 19, 20, 21, 23, 26, 27, 28)
(2, 3, 4, 6, 7, 8, 9, 10, 11, 13, 14, 15, 16, 18, 19, 20, 21, 22, 23, 25, 26, 27)
(2, 4, 5, 6, 7, 8, 9, 10, 11, 12, 13, 16, 17, 18, 19, 20, 21, 22, 23, 24, 25, 27)
(2, 3, 4, 5, 7, 8, 9, 10, 11, 12, 13, 16, 17, 18, 19, 20, 21, 22, 24, 25, 26, 27)
(1, 2, 3, 4, 6, 7, 8, 9, 11, 12, 14, 15, 17, 18, 20, 21, 22, 23, 25, 26, 27, 28)
(1, 2, 4, 5, 7, 8, 10, 11, 12, 13, 14, 15, 16, 17, 18, 19, 21, 22, 24, 25, 27, 28)
(1, 2, 3, 6, 7, 8, 9, 10, 11, 12, 14, 15, 17, 18, 19, 20, 21, 22, 23, 26, 27, 28)
(1, 2, 3, 4, 5, 6, 7, 8, 10, 12, 14, 15, 17, 19, 21, 22, 23, 24, 25, 26, 27, 28)
(1, 2, 3, 5, 6, 7, 8, 9, 11, 12, 13, 16, 17, 18, 20, 21, 22, 23, 24, 26, 27, 28)
(1, 2, 3, 4, 5, 7, 8, 9, 10, 11, 12, 17, 18, 19, 20, 21, 22, 24, 25, 26, 27, 28)
(1, 2, 3, 5, 6, 7, 9, 10, 11, 13, 14, 15, 16, 18, 19, 20, 22, 23, 24, 26, 27, 28)
(1, 2, 3, 5, 7, 8, 9, 10, 12, 13, 14, 15, 16, 17, 19, 20, 21, 22, 24, 26, 27, 28)
(3, 4, 5, 6, 7, 9, 10, 11, 12, 13, 14, 15, 16, 17, 18, 19, 20, 22, 23, 24, 25, 26)
(1, 2, 3, 4, 5, 6, 7, 8, 9, 13, 14, 15, 16, 20, 21, 22, 23, 24, 25, 26, 27, 28)
(1, 2, 3, 4, 5, 7, 9, 10, 11, 12, 14, 15, 17, 18, 19, 20, 22, 24, 25, 26, 27, 28)
(1, 2, 3, 4, 6, 8, 10, 11, 12, 13, 14, 15, 16, 17, 18, 19, 21, 23, 25, 26, 27, 28)
(1, 3, 4, 5, 7, 8, 9, 10, 12, 13, 14, 15, 16, 17, 19, 20, 21, 22, 24, 25, 26, 28)
(1, 2, 3, 4, 5, 6, 7, 10, 11, 13, 14, 15, 16, 18, 19, 22, 23, 24, 25, 26, 27, 28)
(1, 2, 3, 4, 7, 8, 10, 11, 12, 13, 14, 15, 16, 17, 18, 19, 21, 22, 25, 26, 27, 28)
(3, 4, 5, 7, 8, 9, 10, 11, 12, 13, 14, 15, 16, 17, 18, 19, 20, 21, 22, 24, 25, 26)
(1, 3, 4, 5, 6, 8, 10, 11, 12, 13, 14, 15, 16, 17, 18, 19, 21, 23, 24, 25, 26, 28)
(2, 3, 4, 5, 6, 7, 8, 10, 11, 13, 14, 15, 16, 18, 19, 21, 22, 23, 24, 25, 26, 27)
(1, 2, 3, 4, 7, 8, 9, 10, 11, 12, 14, 15, 17, 18, 19, 20, 21, 22, 25, 26, 27, 28)
(1, 2, 3, 5, 6, 7, 10, 11, 12, 13, 14, 15, 16, 17, 18, 19, 22, 23, 24, 26, 27, 28)
(1, 3, 4, 5, 6, 7, 8, 9, 11, 12, 14, 15, 17, 18, 20, 21, 22, 23, 24, 25, 26, 28)
(1, 3, 5, 6, 7, 8, 9, 10, 11, 12, 13, 16, 17, 18, 19, 20, 21, 22, 23, 24, 26, 28)
(1, 2, 4, 5, 6, 7, 10, 11, 12, 13, 14, 15, 16, 17, 18, 19, 22, 23, 24, 25, 27, 28)
(1, 2, 3, 4, 5, 6, 7, 9, 10, 11, 12, 17, 18, 19, 20, 22, 23, 24, 25, 26, 27, 28)
(1, 2, 3, 4, 5, 7, 9, 10, 11, 12, 13, 16, 17, 18, 19, 20, 22, 24, 25, 26, 27, 28)
(1, 2, 3, 6, 7, 8, 9, 11, 12, 13, 14, 15, 16, 17, 18, 20, 21, 22, 23, 26, 27, 28)
(1, 3, 4, 5, 6, 7, 8, 9, 10, 13, 14, 15, 16, 19, 20, 21, 22, 23, 24, 25, 26, 28)
(1, 2, 3, 5, 6, 8, 10, 11, 12, 13, 14, 15, 16, 17, 18, 19, 21, 23, 24, 26, 27, 28)
(1, 2, 3, 4, 5, 7, 8, 9, 11, 13, 14, 15, 16, 18, 20, 21, 22, 24, 25, 26, 27, 28)
(1, 2, 3, 4, 8, 9, 10, 11, 12, 13, 14, 15, 16, 17, 18, 19, 20, 21, 25, 26, 27, 28)
(1, 3, 4, 5, 6, 7, 8, 9, 10, 12, 14, 15, 17, 19, 20, 21, 22, 23, 24, 25, 26, 28)
(2, 3, 5, 6, 7, 8, 9, 10, 11, 12, 13, 16, 17, 18, 19, 20, 21, 22, 23, 24, 26, 27)
(1, 2, 3, 4, 5, 6, 7, 10, 11, 12, 14, 15, 17, 18, 19, 22, 23, 24, 25, 26, 27, 28)
(1, 2, 3, 4, 6, 8, 9, 10, 11, 12, 14, 15, 17, 18, 19, 20, 21, 23, 25, 26, 27, 28)
(1, 2, 3, 4, 6, 7, 10, 11, 12, 13, 14, 15, 16, 17, 18, 19, 22, 23, 25, 26, 27, 28)
(1, 2, 4, 5, 7, 8, 9, 10, 12, 13, 14, 15, 16, 17, 19, 20, 21, 22, 24, 25, 27, 28)
(1, 2, 4, 5, 6, 7, 9, 10, 12, 13, 14, 15, 16, 17, 19, 20, 22, 23, 24, 25, 27, 28)
(1, 2, 3, 5, 6, 7, 8, 9, 11, 13, 14, 15, 16, 18, 20, 21, 22, 23, 24, 26, 27, 28)
(1, 2, 3, 4, 5, 6, 7, 9, 11, 12, 14, 15, 17, 18, 20, 22, 23, 24, 25, 26, 27, 28)
(2, 3, 4, 5, 6, 8, 9, 10, 11, 13, 14, 15, 16, 18, 19, 20, 21, 23, 24, 25, 26, 27)
(1, 2, 3, 4, 5, 6, 7, 8, 11, 13, 14, 15, 16, 18, 21, 22, 23, 24, 25, 26, 27, 28)
(1, 2, 4, 5, 6, 8, 9, 10, 11, 13, 14, 15, 16, 18, 19, 20, 21, 23, 24, 25, 27, 28)
(1, 2, 3, 4, 5, 6, 7, 9, 12, 13, 14, 15, 16, 17, 20, 22, 23, 24, 25, 26, 27, 28)
(1, 2, 4, 6, 7, 8, 10, 11, 12, 13, 14, 15, 16, 17, 18, 19, 21, 22, 23, 25, 27, 28)
(1, 3, 4, 5, 6, 7, 8, 9, 10, 11, 13, 16, 18, 19, 20, 21, 22, 23, 24, 25, 26, 28)
(1, 2, 3, 4, 6, 7, 9, 10, 11, 13, 14, 15, 16, 18, 19, 20, 22, 23, 25, 26, 27, 28)
(2, 3, 4, 5, 6, 7, 8, 9, 10, 13, 14, 15, 16, 19, 20, 21, 22, 23, 24, 25, 26, 27)
(1, 2, 3, 4, 6, 8, 9, 10, 11, 13, 14, 15, 16, 18, 19, 20, 21, 23, 25, 26, 27, 28)
(1, 2, 3, 4, 5, 8, 9, 10, 11, 12, 13, 16, 17, 18, 19, 20, 21, 24, 25, 26, 27, 28)
(1, 2, 3, 4, 6, 7, 8, 10, 11, 13, 14, 15, 16, 18, 19, 21, 22, 23, 25, 26, 27, 28)
(1, 2, 3, 5, 6, 7, 8, 10, 11, 13, 14, 15, 16, 18, 19, 21, 22, 23, 24, 26, 27, 28)
(1, 2, 3, 4, 5, 6, 8, 9, 11, 12, 14, 15, 17, 18, 20, 21, 23, 24, 25, 26, 27, 28)
(1, 2, 3, 7, 8, 9, 10, 11, 12, 13, 14, 15, 16, 17, 18, 19, 20, 21, 22, 26, 27, 28)
(3, 4, 5, 6, 7, 8, 9, 10, 11, 12, 13, 16, 17, 18, 19, 20, 21, 22, 23, 24, 25, 26)
(1, 3, 4, 5, 6, 7, 8, 9, 10, 11, 12, 17, 18, 19, 20, 21, 22, 23, 24, 25, 26, 28)
(1, 3, 4, 6, 7, 8, 9, 10, 11, 12, 14, 15, 17, 18, 19, 20, 21, 22, 23, 25, 26, 28)
(1, 2, 5, 6, 7, 9, 10, 11, 12, 13, 14, 15, 16, 17, 18, 19, 20, 22, 23, 24, 27, 28)
(2, 3, 4, 5, 6, 7, 8, 9, 10, 11, 13, 16, 18, 19, 20, 21, 22, 23, 24, 25, 26, 27)
(1, 3, 4, 5, 7, 8, 9, 10, 11, 12, 14, 15, 17, 18, 19, 20, 21, 22, 24, 25, 26, 28)
(1, 3, 5, 6, 7, 8, 9, 11, 12, 13, 14, 15, 16, 17, 18, 20, 21, 22, 23, 24, 26, 28)
(1, 4, 6, 7, 8, 9, 10, 11, 12, 13, 14, 15, 16, 17, 18, 19, 20, 21, 22, 23, 25, 28)
(3, 5, 6, 7, 8, 9, 10, 11, 12, 13, 14, 15, 16, 17, 18, 19, 20, 21, 22, 23, 24, 26)
(1, 2, 3, 5, 6, 8, 9, 10, 11, 13, 14, 15, 16, 18, 19, 20, 21, 23, 24, 26, 27, 28)
(1, 2, 3, 4, 6, 7, 9, 10, 11, 12, 13, 16, 17, 18, 19, 20, 22, 23, 25, 26, 27, 28)
(1, 2, 3, 5, 6, 7, 9, 10, 12, 13, 14, 15, 16, 17, 19, 20, 22, 23, 24, 26, 27, 28)
(2, 3, 4, 5, 6, 7, 8, 10, 11, 12, 13, 16, 17, 18, 19, 21, 22, 23, 24, 25, 26, 27)
(1, 2, 3, 5, 6, 7, 9, 11, 12, 13, 14, 15, 16, 17, 18, 20, 22, 23, 24, 26, 27, 28)
(1, 2, 3, 5, 6, 8, 9, 10, 11, 12, 14, 15, 17, 18, 19, 20, 21, 23, 24, 26, 27, 28)
(1, 2, 3, 4, 6, 8, 9, 10, 12, 13, 14, 15, 16, 17, 19, 20, 21, 23, 25, 26, 27, 28)
(3, 4, 6, 7, 8, 9, 10, 11, 12, 13, 14, 15, 16, 17, 18, 19, 20, 21, 22, 23, 25, 26)
(1, 3, 5, 6, 8, 9, 10, 11, 12, 13, 14, 15, 16, 17, 18, 19, 20, 21, 23, 24, 26, 28)
(1, 2, 3, 4, 5, 6, 7, 8, 10, 11, 14, 15, 18, 19, 21, 22, 23, 24, 25, 26, 27, 28)
(1, 2, 3, 5, 6, 7, 8, 10, 11, 12, 13, 16, 17, 18, 19, 21, 22, 23, 24, 26, 27, 28)
(1, 2, 3, 4, 5, 6, 7, 8, 10, 12, 13, 16, 17, 19, 21, 22, 23, 24, 25, 26, 27, 28)
(1, 2, 4, 5, 6, 7, 9, 10, 11, 12, 14, 15, 17, 18, 19, 20, 22, 23, 24, 25, 27, 28)
(1, 2, 3, 4, 5, 6, 7, 8, 10, 11, 13, 16, 18, 19, 21, 22, 23, 24, 25, 26, 27, 28)
(1, 2, 3, 6, 7, 8, 9, 10, 11, 12, 13, 16, 17, 18, 19, 20, 21, 22, 23, 26, 27, 28)
(2, 3, 5, 7, 8, 9, 10, 11, 12, 13, 14, 15, 16, 17, 18, 19, 20, 21, 22, 24, 26, 27)
(1, 2, 3, 5, 6, 8, 9, 10, 12, 13, 14, 15, 16, 17, 19, 20, 21, 23, 24, 26, 27, 28)
(1, 2, 4, 6, 8, 9, 10, 11, 12, 13, 14, 15, 16, 17, 18, 19, 20, 21, 23, 25, 27, 28)
(1, 2, 3, 4, 6, 7, 8, 10, 11, 12, 13, 16, 17, 18, 19, 21, 22, 23, 25, 26, 27, 28)
(1, 2, 3, 4, 5, 6, 9, 11, 12, 13, 14, 15, 16, 17, 18, 20, 23, 24, 25, 26, 27, 28)
(1, 2, 3, 5, 6, 7, 8, 9, 12, 13, 14, 15, 16, 17, 20, 21, 22, 23, 24, 26, 27, 28)
(1, 2, 4, 5, 6, 8, 10, 11, 12, 13, 14, 15, 16, 17, 18, 19, 21, 23, 24, 25, 27, 28)
(1, 4, 5, 6, 7, 8, 9, 10, 11, 12, 14, 15, 17, 18, 19, 20, 21, 22, 23, 24, 25, 28)
(1, 2, 4, 6, 7, 8, 9, 10, 11, 12, 14, 15, 17, 18, 19, 20, 21, 22, 23, 25, 27, 28)
(1, 2, 3, 4, 5, 8, 10, 11, 12, 13, 14, 15, 16, 17, 18, 19, 21, 24, 25, 26, 27, 28)
(1, 2, 3, 4, 5, 6, 7, 8, 9, 10, 12, 17, 19, 20, 21, 22, 23, 24, 25, 26, 27, 28)
(1, 2, 3, 4, 5, 7, 8, 10, 12, 13, 14, 15, 16, 17, 19, 21, 22, 24, 25, 26, 27, 28)
(1, 2, 3, 5, 7, 9, 10, 11, 12, 13, 14, 15, 16, 17, 18, 19, 20, 22, 24, 26, 27, 28)
(1, 2, 4, 6, 7, 9, 10, 11, 12, 13, 14, 15, 16, 17, 18, 19, 20, 22, 23, 25, 27, 28)
(1, 2, 5, 6, 7, 8, 9, 10, 11, 12, 14, 15, 17, 18, 19, 20, 21, 22, 23, 24, 27, 28)
(1, 4, 5, 6, 7, 8, 9, 11, 12, 13, 14, 15, 16, 17, 18, 20, 21, 22, 23, 24, 25, 28)
(1, 2, 3, 5, 6, 7, 9, 10, 11, 12, 13, 16, 17, 18, 19, 20, 22, 23, 24, 26, 27, 28)
(1, 2, 3, 4, 5, 6, 8, 9, 10, 11, 14, 15, 18, 19, 20, 21, 23, 24, 25, 26, 27, 28)
(1, 2, 3, 4, 6, 9, 10, 11, 12, 13, 14, 15, 16, 17, 18, 19, 20, 23, 25, 26, 27, 28)
(1, 2, 4, 5, 6, 7, 8, 9, 10, 12, 14, 15, 17, 19, 20, 21, 22, 23, 24, 25, 27, 28)
(1, 2, 3, 5, 6, 7, 8, 9, 10, 11, 13, 16, 18, 19, 20, 21, 22, 23, 24, 26, 27, 28)
(1, 2, 3, 4, 5, 7, 8, 9, 11, 12, 14, 15, 17, 18, 20, 21, 22, 24, 25, 26, 27, 28)
(1, 3, 4, 5, 6, 7, 9, 10, 11, 12, 14, 15, 17, 18, 19, 20, 22, 23, 24, 25, 26, 28)
(1, 2, 3, 4, 6, 7, 8, 9, 10, 11, 14, 15, 18, 19, 20, 21, 22, 23, 25, 26, 27, 28)
(1, 2, 3, 4, 5, 6, 8, 9, 10, 13, 14, 15, 16, 19, 20, 21, 23, 24, 25, 26, 27, 28)
(1, 3, 4, 5, 6, 7, 9, 10, 11, 13, 14, 15, 16, 18, 19, 20, 22, 23, 24, 25, 26, 28)
(1, 2, 4, 5, 7, 8, 9, 10, 11, 12, 13, 16, 17, 18, 19, 20, 21, 22, 24, 25, 27, 28)
(2, 3, 4, 6, 7, 8, 9, 10, 11, 12, 14, 15, 17, 18, 19, 20, 21, 22, 23, 25, 26, 27)
(1, 2, 3, 4, 5, 6, 7, 9, 10, 12, 14, 15, 17, 19, 20, 22, 23, 24, 25, 26, 27, 28)
(1, 3, 4, 5, 6, 7, 9, 10, 11, 12, 13, 16, 17, 18, 19, 20, 22, 23, 24, 25, 26, 28)
(1, 2, 3, 4, 5, 7, 9, 10, 11, 13, 14, 15, 16, 18, 19, 20, 22, 24, 25, 26, 27, 28)
(1, 2, 3, 4, 6, 7, 8, 9, 11, 12, 13, 16, 17, 18, 20, 21, 22, 23, 25, 26, 27, 28)
(1, 2, 3, 4, 5, 6, 9, 10, 12, 13, 14, 15, 16, 17, 19, 20, 23, 24, 25, 26, 27, 28)
(1, 2, 4, 5, 6, 7, 8, 11, 12, 13, 14, 15, 16, 17, 18, 21, 22, 23, 24, 25, 27, 28)
(2, 3, 4, 5, 6, 7, 8, 11, 12, 13, 14, 15, 16, 17, 18, 21, 22, 23, 24, 25, 26, 27)
(1, 4, 5, 6, 7, 8, 9, 10, 12, 13, 14, 15, 16, 17, 19, 20, 21, 22, 23, 24, 25, 28)
(2, 3, 4, 5, 6, 9, 10, 11, 12, 13, 14, 15, 16, 17, 18, 19, 20, 23, 24, 25, 26, 27)
(2, 3, 4, 5, 7, 8, 10, 11, 12, 13, 14, 15, 16, 17, 18, 19, 21, 22, 24, 25, 26, 27)
(2, 3, 4, 6, 8, 9, 10, 11, 12, 13, 14, 15, 16, 17, 18, 19, 20, 21, 23, 25, 26, 27)
(1, 2, 4, 7, 8, 9, 10, 11, 12, 13, 14, 15, 16, 17, 18, 19, 20, 21, 22, 25, 27, 28)
(1, 2, 3, 4, 5, 6, 7, 9, 11, 12, 13, 16, 17, 18, 20, 22, 23, 24, 25, 26, 27, 28)
(2, 3, 4, 6, 7, 8, 9, 10, 12, 13, 14, 15, 16, 17, 19, 20, 21, 22, 23, 25, 26, 27)
(1, 3, 4, 5, 6, 8, 9, 11, 12, 13, 14, 15, 16, 17, 18, 20, 21, 23, 24, 25, 26, 28)
(1, 2, 4, 5, 6, 7, 8, 9, 12, 13, 14, 15, 16, 17, 20, 21, 22, 23, 24, 25, 27, 28)
(2, 3, 5, 6, 7, 9, 10, 11, 12, 13, 14, 15, 16, 17, 18, 19, 20, 22, 23, 24, 26, 27)
(1, 3, 4, 5, 6, 7, 8, 10, 12, 13, 14, 15, 16, 17, 19, 21, 22, 23, 24, 25, 26, 28)
(2, 3, 4, 5, 6, 7, 9, 10, 11, 12, 14, 15, 17, 18, 19, 20, 22, 23, 24, 25, 26, 27)
(1, 3, 4, 5, 7, 8, 10, 11, 12, 13, 14, 15, 16, 17, 18, 19, 21, 22, 24, 25, 26, 28)
(1, 2, 3, 4, 5, 7, 8, 9, 10, 12, 13, 16, 17, 19, 20, 21, 22, 24, 25, 26, 27, 28)
(1, 2, 4, 5, 6, 7, 8, 9, 11, 12, 14, 15, 17, 18, 20, 21, 22, 23, 24, 25, 27, 28)
(1, 3, 5, 6, 7, 9, 10, 11, 12, 13, 14, 15, 16, 17, 18, 19, 20, 22, 23, 24, 26, 28)
(1, 3, 4, 5, 6, 7, 9, 10, 12, 13, 14, 15, 16, 17, 19, 20, 22, 23, 24, 25, 26, 28)
(1, 2, 3, 5, 6, 7, 8, 9, 10, 11, 12, 17, 18, 19, 20, 21, 22, 23, 24, 26, 27, 28)
(1, 2, 4, 5, 7, 9, 10, 11, 12, 13, 14, 15, 16, 17, 18, 19, 20, 22, 24, 25, 27, 28)
(2, 3, 4, 6, 7, 8, 9, 11, 12, 13, 14, 15, 16, 17, 18, 20, 21, 22, 23, 25, 26, 27)
(1, 3, 4, 5, 6, 8, 9, 10, 11, 12, 14, 15, 17, 18, 19, 20, 21, 23, 24, 25, 26, 28)
(3, 4, 5, 6, 7, 8, 9, 10, 12, 13, 14, 15, 16, 17, 19, 20, 21, 22, 23, 24, 25, 26)
(1, 3, 4, 5, 6, 8, 9, 10, 12, 13, 14, 15, 16, 17, 19, 20, 21, 23, 24, 25, 26, 28)
(1, 2, 3, 5, 8, 9, 10, 11, 12, 13, 14, 15, 16, 17, 18, 19, 20, 21, 24, 26, 27, 28)
(1, 3, 4, 5, 6, 7, 9, 11, 12, 13, 14, 15, 16, 17, 18, 20, 22, 23, 24, 25, 26, 28)
(2, 4, 5, 6, 7, 8, 9, 11, 12, 13, 14, 15, 16, 17, 18, 20, 21, 22, 23, 24, 25, 27)
(1, 2, 3, 6, 7, 9, 10, 11, 12, 13, 14, 15, 16, 17, 18, 19, 20, 22, 23, 26, 27, 28)
(1, 3, 5, 6, 7, 8, 10, 11, 12, 13, 14, 15, 16, 17, 18, 19, 21, 22, 23, 24, 26, 28)
(2, 3, 4, 5, 6, 8, 10, 11, 12, 13, 14, 15, 16, 17, 18, 19, 21, 23, 24, 25, 26, 27)
(1, 4, 5, 6, 7, 8, 9, 10, 11, 12, 13, 16, 17, 18, 19, 20, 21, 22, 23, 24, 25, 28)
(1, 2, 3, 4, 6, 7, 8, 9, 10, 12, 13, 16, 17, 19, 20, 21, 22, 23, 25, 26, 27, 28)
(2, 3, 4, 5, 6, 7, 9, 10, 11, 13, 14, 15, 16, 18, 19, 20, 22, 23, 24, 25, 26, 27)
(1, 3, 4, 6, 7, 8, 9, 10, 12, 13, 14, 15, 16, 17, 19, 20, 21, 22, 23, 25, 26, 28)
(2, 3, 4, 5, 6, 8, 9, 10, 11, 12, 14, 15, 17, 18, 19, 20, 21, 23, 24, 25, 26, 27)
(1, 2, 3, 4, 5, 6, 7, 8, 9, 11, 12, 17, 18, 20, 21, 22, 23, 24, 25, 26, 27, 28)
(1, 2, 3, 4, 6, 7, 8, 9, 10, 11, 12, 17, 18, 19, 20, 21, 22, 23, 25, 26, 27, 28)
(1, 3, 4, 6, 7, 8, 10, 11, 12, 13, 14, 15, 16, 17, 18, 19, 21, 22, 23, 25, 26, 28)
(3, 4, 5, 6, 7, 8, 9, 10, 11, 12, 14, 15, 17, 18, 19, 20, 21, 22, 23, 24, 25, 26)
(1, 2, 3, 4, 6, 7, 9, 11, 12, 13, 14, 15, 16, 17, 18, 20, 22, 23, 25, 26, 27, 28)
(1, 2, 3, 5, 7, 8, 9, 10, 11, 12, 13, 16, 17, 18, 19, 20, 21, 22, 24, 26, 27, 28)
(1, 2, 4, 5, 6, 7, 8, 9, 11, 13, 14, 15, 16, 18, 20, 21, 22, 23, 24, 25, 27, 28)
(2, 3, 4, 5, 6, 7, 10, 11, 12, 13, 14, 15, 16, 17, 18, 19, 22, 23, 24, 25, 26, 27)
(1, 2, 3, 4, 5, 6, 8, 10, 11, 12, 13, 16, 17, 18, 19, 21, 23, 24, 25, 26, 27, 28)
(1, 3, 4, 5, 7, 8, 9, 11, 12, 13, 14, 15, 16, 17, 18, 20, 21, 22, 24, 25, 26, 28)
(1, 2, 3, 4, 6, 7, 8, 9, 10, 11, 13, 16, 18, 19, 20, 21, 22, 23, 25, 26, 27, 28)
(2, 3, 4, 5, 6, 7, 8, 10, 12, 13, 14, 15, 16, 17, 19, 21, 22, 23, 24, 25, 26, 27)
(2, 3, 4, 5, 6, 7, 9, 10, 11, 12, 13, 16, 17, 18, 19, 20, 22, 23, 24, 25, 26, 27)
(1, 2, 3, 4, 5, 6, 7, 9, 11, 13, 14, 15, 16, 18, 20, 22, 23, 24, 25, 26, 27, 28)
(1, 2, 3, 4, 5, 6, 7, 8, 9, 12, 13, 16, 17, 20, 21, 22, 23, 24, 25, 26, 27, 28)
(1, 2, 3, 4, 5, 7, 8, 9, 11, 12, 13, 16, 17, 18, 20, 21, 22, 24, 25, 26, 27, 28)
(1, 2, 3, 4, 5, 7, 9, 10, 12, 13, 14, 15, 16, 17, 19, 20, 22, 24, 25, 26, 27, 28)
(1, 2, 3, 4, 5, 6, 7, 8, 9, 10, 14, 15, 19, 20, 21, 22, 23, 24, 25, 26, 27, 28)
(1, 2, 3, 4, 5, 9, 10, 11, 12, 13, 14, 15, 16, 17, 18, 19, 20, 24, 25, 26, 27, 28)
(1, 2, 3, 4, 6, 7, 8, 9, 11, 13, 14, 15, 16, 18, 20, 21, 22, 23, 25, 26, 27, 28)
(1, 2, 3, 4, 5, 6, 7, 8, 11, 12, 13, 16, 17, 18, 21, 22, 23, 24, 25, 26, 27, 28)
(1, 2, 3, 5, 6, 7, 8, 9, 10, 13, 14, 15, 16, 19, 20, 21, 22, 23, 24, 26, 27, 28)
(2, 4, 5, 6, 7, 9, 10, 11, 12, 13, 14, 15, 16, 17, 18, 19, 20, 22, 23, 24, 25, 27)
(2, 3, 4, 6, 7, 8, 9, 10, 11, 12, 13, 16, 17, 18, 19, 20, 21, 22, 23, 25, 26, 27)
(1, 2, 3, 5, 6, 7, 8, 10, 11, 12, 14, 15, 17, 18, 19, 21, 22, 23, 24, 26, 27, 28)
(2, 3, 4, 5, 6, 7, 8, 9, 11, 12, 14, 15, 17, 18, 20, 21, 22, 23, 24, 25, 26, 27)
(1, 2, 4, 5, 6, 7, 8, 9, 11, 12, 13, 16, 17, 18, 20, 21, 22, 23, 24, 25, 27, 28)
(1, 2, 4, 5, 6, 7, 9, 11, 12, 13, 14, 15, 16, 17, 18, 20, 22, 23, 24, 25, 27, 28)
(1, 2, 3, 4, 5, 6, 7, 8, 10, 11, 12, 17, 18, 19, 21, 22, 23, 24, 25, 26, 27, 28)
(1, 2, 3, 4, 5, 7, 8, 9, 10, 13, 14, 15, 16, 19, 20, 21, 22, 24, 25, 26, 27, 28)
(1, 2, 3, 4, 5, 6, 8, 9, 10, 11, 13, 16, 18, 19, 20, 21, 23, 24, 25, 26, 27, 28)
(1, 2, 3, 4, 5, 6, 7, 10, 12, 13, 14, 15, 16, 17, 19, 22, 23, 24, 25, 26, 27, 28)
(2, 3, 4, 6, 7, 8, 10, 11, 12, 13, 14, 15, 16, 17, 18, 19, 21, 22, 23, 25, 26, 27)
(2, 5, 6, 7, 8, 9, 10, 11, 12, 13, 14, 15, 16, 17, 18, 19, 20, 21, 22, 23, 24, 27)
(1, 2, 3, 4, 5, 6, 7, 9, 10, 12, 13, 16, 17, 19, 20, 22, 23, 24, 25, 26, 27, 28)
(1, 2, 5, 7, 8, 9, 10, 11, 12, 13, 14, 15, 16, 17, 18, 19, 20, 21, 22, 24, 27, 28)
(1, 3, 4, 5, 6, 8, 9, 10, 11, 13, 14, 15, 16, 18, 19, 20, 21, 23, 24, 25, 26, 28)
(1, 2, 3, 5, 6, 7, 8, 10, 12, 13, 14, 15, 16, 17, 19, 21, 22, 23, 24, 26, 27, 28)
(1, 2, 4, 5, 6, 7, 8, 9, 10, 11, 14, 15, 18, 19, 20, 21, 22, 23, 24, 25, 27, 28)
(1, 2, 3, 4, 6, 7, 8, 10, 11, 12, 14, 15, 17, 18, 19, 21, 22, 23, 25, 26, 27, 28)
(1, 2, 3, 4, 5, 6, 7, 9, 10, 11, 14, 15, 18, 19, 20, 22, 23, 24, 25, 26, 27, 28)
(1, 2, 4, 5, 6, 7, 8, 10, 11, 12, 14, 15, 17, 18, 19, 21, 22, 23, 24, 25, 27, 28)
(2, 3, 4, 5, 6, 8, 9, 11, 12, 13, 14, 15, 16, 17, 18, 20, 21, 23, 24, 25, 26, 27)
(2, 4, 5, 6, 8, 9, 10, 11, 12, 13, 14, 15, 16, 17, 18, 19, 20, 21, 23, 24, 25, 27)
(1, 2, 5, 6, 8, 9, 10, 11, 12, 13, 14, 15, 16, 17, 18, 19, 20, 21, 23, 24, 27, 28)
(1, 3, 5, 7, 8, 9, 10, 11, 12, 13, 14, 15, 16, 17, 18, 19, 20, 21, 22, 24, 26, 28)
(1, 2, 3, 4, 5, 7, 8, 11, 12, 13, 14, 15, 16, 17, 18, 21, 22, 24, 25, 26, 27, 28)
(1, 2, 3, 4, 6, 7, 8, 9, 10, 13, 14, 15, 16, 19, 20, 21, 22, 23, 25, 26, 27, 28)
(1, 2, 3, 4, 5, 7, 8, 9, 10, 11, 13, 16, 18, 19, 20, 21, 22, 24, 25, 26, 27, 28)
(1, 2, 3, 4, 5, 6, 7, 8, 11, 12, 14, 15, 17, 18, 21, 22, 23, 24, 25, 26, 27, 28)
(1, 2, 3, 5, 7, 8, 9, 10, 11, 12, 14, 15, 17, 18, 19, 20, 21, 22, 24, 26, 27, 28)
(1, 2, 3, 4, 5, 7, 10, 11, 12, 13, 14, 15, 16, 17, 18, 19, 22, 24, 25, 26, 27, 28)
(2, 3, 4, 5, 6, 7, 9, 11, 12, 13, 14, 15, 16, 17, 18, 20, 22, 23, 24, 25, 26, 27)
(1, 2, 3, 4, 7, 8, 9, 10, 12, 13, 14, 15, 16, 17, 19, 20, 21, 22, 25, 26, 27, 28)
(1, 2, 3, 5, 6, 8, 9, 10, 11, 12, 13, 16, 17, 18, 19, 20, 21, 23, 24, 26, 27, 28)
(1, 3, 4, 6, 7, 9, 10, 11, 12, 13, 14, 15, 16, 17, 18, 19, 20, 22, 23, 25, 26, 28)
(1, 2, 4, 5, 6, 7, 8, 9, 10, 12, 13, 16, 17, 19, 20, 21, 22, 23, 24, 25, 27, 28)
(2, 3, 4, 5, 6, 7, 8, 9, 12, 13, 14, 15, 16, 17, 20, 21, 22, 23, 24, 25, 26, 27)
(2, 3, 5, 6, 8, 9, 10, 11, 12, 13, 14, 15, 16, 17, 18, 19, 20, 21, 23, 24, 26, 27)
(2, 3, 4, 5, 6, 7, 8, 9, 11, 12, 13, 16, 17, 18, 20, 21, 22, 23, 24, 25, 26, 27)
(2, 3, 5, 6, 7, 8, 9, 10, 12, 13, 14, 15, 16, 17, 19, 20, 21, 22, 23, 24, 26, 27)
(2, 3, 5, 6, 7, 8, 9, 11, 12, 13, 14, 15, 16, 17, 18, 20, 21, 22, 23, 24, 26, 27)
(2, 4, 6, 7, 8, 9, 10, 11, 12, 13, 14, 15, 16, 17, 18, 19, 20, 21, 22, 23, 25, 27)
(2, 3, 4, 5, 7, 8, 9, 11, 12, 13, 14, 15, 16, 17, 18, 20, 21, 22, 24, 25, 26, 27)
(1, 2, 3, 5, 6, 7, 8, 9, 10, 11, 14, 15, 18, 19, 20, 21, 22, 23, 24, 26, 27, 28)
(3, 4, 5, 6, 7, 8, 9, 10, 11, 13, 14, 15, 16, 18, 19, 20, 21, 22, 23, 24, 25, 26)
(2, 3, 5, 6, 7, 8, 10, 11, 12, 13, 14, 15, 16, 17, 18, 19, 21, 22, 23, 24, 26, 27)
(1, 2, 4, 5, 7, 8, 9, 11, 12, 13, 14, 15, 16, 17, 18, 20, 21, 22, 24, 25, 27, 28)
(1, 3, 4, 5, 7, 8, 9, 10, 11, 12, 13, 16, 17, 18, 19, 20, 21, 22, 24, 25, 26, 28)
(1, 2, 3, 4, 5, 6, 7, 11, 12, 13, 14, 15, 16, 17, 18, 22, 23, 24, 25, 26, 27, 28)
(1, 2, 3, 4, 6, 7, 8, 10, 12, 13, 14, 15, 16, 17, 19, 21, 22, 23, 25, 26, 27, 28)
(1, 2, 3, 5, 6, 7, 8, 9, 10, 12, 13, 16, 17, 19, 20, 21, 22, 23, 24, 26, 27, 28)
(1, 2, 3, 4, 5, 6, 7, 8, 9, 10, 13, 16, 19, 20, 21, 22, 23, 24, 25, 26, 27, 28)
(1, 2, 3, 4, 5, 6, 7, 8, 9, 11, 14, 15, 18, 20, 21, 22, 23, 24, 25, 26, 27, 28)
(1, 4, 5, 6, 8, 9, 10, 11, 12, 13, 14, 15, 16, 17, 18, 19, 20, 21, 23, 24, 25, 28)
(2, 3, 4, 5, 8, 9, 10, 11, 12, 13, 14, 15, 16, 17, 18, 19, 20, 21, 24, 25, 26, 27)
(1, 3, 4, 7, 8, 9, 10, 11, 12, 13, 14, 15, 16, 17, 18, 19, 20, 21, 22, 25, 26, 28)
(1, 2, 3, 4, 5, 8, 9, 10, 12, 13, 14, 15, 16, 17, 19, 20, 21, 24, 25, 26, 27, 28)
(1, 4, 5, 6, 7, 8, 10, 11, 12, 13, 14, 15, 16, 17, 18, 19, 21, 22, 23, 24, 25, 28)
(2, 3, 4, 5, 7, 8, 9, 10, 11, 13, 14, 15, 16, 18, 19, 20, 21, 22, 24, 25, 26, 27)
(1, 2, 3, 5, 6, 7, 8, 9, 10, 12, 14, 15, 17, 19, 20, 21, 22, 23, 24, 26, 27, 28)
(1, 2, 3, 6, 7, 8, 9, 10, 12, 13, 14, 15, 16, 17, 19, 20, 21, 22, 23, 26, 27, 28)
(1, 2, 3, 4, 5, 6, 9, 10, 11, 13, 14, 15, 16, 18, 19, 20, 23, 24, 25, 26, 27, 28)
(1, 2, 3, 4, 6, 7, 8, 9, 10, 12, 14, 15, 17, 19, 20, 21, 22, 23, 25, 26, 27, 28)
(1, 2, 4, 5, 6, 8, 9, 10, 11, 12, 13, 16, 17, 18, 19, 20, 21, 23, 24, 25, 27, 28)
(1, 2, 3, 4, 5, 6, 8, 9, 10, 12, 13, 16, 17, 19, 20, 21, 23, 24, 25, 26, 27, 28)
(1, 2, 3, 4, 5, 6, 8, 10, 11, 13, 14, 15, 16, 18, 19, 21, 23, 24, 25, 26, 27, 28)
(1, 2, 3, 4, 5, 7, 8, 10, 11, 12, 13, 16, 17, 18, 19, 21, 22, 24, 25, 26, 27, 28)
(1, 2, 3, 4, 5, 6, 8, 11, 12, 13, 14, 15, 16, 17, 18, 21, 23, 24, 25, 26, 27, 28)
(1, 2, 4, 5, 6, 8, 9, 10, 12, 13, 14, 15, 16, 17, 19, 20, 21, 23, 24, 25, 27, 28)
(1, 2, 3, 4, 5, 6, 7, 10, 11, 12, 13, 16, 17, 18, 19, 22, 23, 24, 25, 26, 27, 28)
(1, 2, 3, 4, 5, 6, 8, 9, 11, 13, 14, 15, 16, 18, 20, 21, 23, 24, 25, 26, 27, 28)
(1, 3, 4, 5, 8, 9, 10, 11, 12, 13, 14, 15, 16, 17, 18, 19, 20, 21, 24, 25, 26, 28)
(1, 5, 6, 7, 8, 9, 10, 11, 12, 13, 14, 15, 16, 17, 18, 19, 20, 21, 22, 23, 24, 28)
(1, 2, 3, 4, 6, 7, 9, 10, 11, 12, 14, 15, 17, 18, 19, 20, 22, 23, 25, 26, 27, 28)
(1, 2, 3, 5, 6, 7, 8, 11, 12, 13, 14, 15, 16, 17, 18, 21, 22, 23, 24, 26, 27, 28)
(1, 2, 4, 6, 7, 8, 9, 10, 12, 13, 14, 15, 16, 17, 19, 20, 21, 22, 23, 25, 27, 28)
(1, 2, 3, 5, 6, 9, 10, 11, 12, 13, 14, 15, 16, 17, 18, 19, 20, 23, 24, 26, 27, 28)
(1, 3, 4, 5, 6, 8, 9, 10, 11, 12, 13, 16, 17, 18, 19, 20, 21, 23, 24, 25, 26, 28)
(1, 2, 5, 6, 7, 8, 10, 11, 12, 13, 14, 15, 16, 17, 18, 19, 21, 22, 23, 24, 27, 28)
(2, 3, 6, 7, 8, 9, 10, 11, 12, 13, 14, 15, 16, 17, 18, 19, 20, 21, 22, 23, 26, 27)
(1, 2, 3, 4, 5, 6, 7, 9, 10, 11, 13, 16, 18, 19, 20, 22, 23, 24, 25, 26, 27, 28)
(1, 2, 3, 5, 7, 8, 9, 10, 11, 13, 14, 15, 16, 18, 19, 20, 21, 22, 24, 26, 27, 28)
(1, 2, 3, 4, 5, 6, 9, 10, 11, 12, 13, 16, 17, 18, 19, 20, 23, 24, 25, 26, 27, 28)
(1, 2, 3, 4, 6, 7, 8, 9, 12, 13, 14, 15, 16, 17, 20, 21, 22, 23, 25, 26, 27, 28)
(1, 2, 5, 6, 7, 8, 9, 11, 12, 13, 14, 15, 16, 17, 18, 20, 21, 22, 23, 24, 27, 28)
(1, 3, 4, 5, 6, 7, 8, 9, 12, 13, 14, 15, 16, 17, 20, 21, 22, 23, 24, 25, 26, 28)
(1, 3, 4, 5, 6, 7, 10, 11, 12, 13, 14, 15, 16, 17, 18, 19, 22, 23, 24, 25, 26, 28)
(1, 2, 4, 5, 6, 7, 8, 10, 12, 13, 14, 15, 16, 17, 19, 21, 22, 23, 24, 25, 27, 28)
(2, 3, 4, 5, 6, 7, 8, 9, 10, 12, 13, 16, 17, 19, 20, 21, 22, 23, 24, 25, 26, 27)
(2, 3, 4, 6, 7, 9, 10, 11, 12, 13, 14, 15, 16, 17, 18, 19, 20, 22, 23, 25, 26, 27)
(2, 4, 5, 6, 7, 8, 9, 10, 12, 13, 14, 15, 16, 17, 19, 20, 21, 22, 23, 24, 25, 27)
(1, 2, 4, 6, 7, 8, 9, 10, 11, 13, 14, 15, 16, 18, 19, 20, 21, 22, 23, 25, 27, 28)
(2, 3, 4, 5, 6, 8, 9, 10, 11, 12, 13, 16, 17, 18, 19, 20, 21, 23, 24, 25, 26, 27)
(3, 4, 5, 6, 7, 8, 10, 11, 12, 13, 14, 15, 16, 17, 18, 19, 21, 22, 23, 24, 25, 26)
(1, 2, 4, 6, 7, 8, 9, 10, 11, 12, 13, 16, 17, 18, 19, 20, 21, 22, 23, 25, 27, 28)
(1, 2, 4, 5, 8, 9, 10, 11, 12, 13, 14, 15, 16, 17, 18, 19, 20, 21, 24, 25, 27, 28)
(1, 2, 6, 7, 8, 9, 10, 11, 12, 13, 14, 15, 16, 17, 18, 19, 20, 21, 22, 23, 27, 28)
(1, 2, 3, 4, 5, 6, 7, 8, 9, 11, 13, 16, 18, 20, 21, 22, 23, 24, 25, 26, 27, 28)
(1, 2, 3, 4, 5, 6, 9, 10, 11, 12, 14, 15, 17, 18, 19, 20, 23, 24, 25, 26, 27, 28)
(1, 2, 3, 6, 7, 8, 10, 11, 12, 13, 14, 15, 16, 17, 18, 19, 21, 22, 23, 26, 27, 28)
(1, 2, 3, 4, 7, 8, 9, 10, 11, 12, 13, 16, 17, 18, 19, 20, 21, 22, 25, 26, 27, 28)
(1, 3, 4, 5, 6, 7, 8, 10, 11, 12, 13, 16, 17, 18, 19, 21, 22, 23, 24, 25, 26, 28)
(2, 3, 4, 5, 6, 7, 8, 9, 10, 11, 12, 17, 18, 19, 20, 21, 22, 23, 24, 25, 26, 27)
(1, 2, 3, 5, 7, 8, 10, 11, 12, 13, 14, 15, 16, 17, 18, 19, 21, 22, 24, 26, 27, 28)
(1, 2, 3, 4, 5, 7, 9, 11, 12, 13, 14, 15, 16, 17, 18, 20, 22, 24, 25, 26, 27, 28)
(1, 2, 3, 4, 6, 7, 9, 10, 12, 13, 14, 15, 16, 17, 19, 20, 22, 23, 25, 26, 27, 28)
(1, 2, 5, 6, 7, 8, 9, 10, 12, 13, 14, 15, 16, 17, 19, 20, 21, 22, 23, 24, 27, 28)
(2, 3, 5, 6, 7, 8, 9, 10, 11, 13, 14, 15, 16, 18, 19, 20, 21, 22, 23, 24, 26, 27)
(1, 2, 3, 4, 5, 6, 8, 10, 11, 12, 14, 15, 17, 18, 19, 21, 23, 24, 25, 26, 27, 28)
(1, 3, 4, 5, 6, 7, 8, 10, 11, 13, 14, 15, 16, 18, 19, 21, 22, 23, 24, 25, 26, 28)
(1, 2, 3, 4, 6, 8, 9, 10, 11, 12, 13, 16, 17, 18, 19, 20, 21, 23, 25, 26, 27, 28)
(1, 2, 4, 5, 6, 7, 8, 9, 10, 11, 12, 17, 18, 19, 20, 21, 22, 23, 24, 25, 27, 28)
(1, 2, 3, 4, 5, 7, 8, 10, 11, 13, 14, 15, 16, 18, 19, 21, 22, 24, 25, 26, 27, 28)
(2, 3, 4, 5, 7, 8, 9, 10, 11, 12, 14, 15, 17, 18, 19, 20, 21, 22, 24, 25, 26, 27)
(1, 2, 3, 4, 5, 6, 8, 9, 12, 13, 14, 15, 16, 17, 20, 21, 23, 24, 25, 26, 27, 28)
(1, 2, 3, 4, 5, 7, 8, 9, 10, 11, 14, 15, 18, 19, 20, 21, 22, 24, 25, 26, 27, 28)
(1, 2, 4, 5, 6, 8, 9, 10, 11, 12, 14, 15, 17, 18, 19, 20, 21, 23, 24, 25, 27, 28)
(3, 4, 5, 6, 8, 9, 10, 11, 12, 13, 14, 15, 16, 17, 18, 19, 20, 21, 23, 24, 25, 26)
(1, 3, 6, 7, 8, 9, 10, 11, 12, 13, 14, 15, 16, 17, 18, 19, 20, 21, 22, 23, 26, 28)
(1, 3, 4, 5, 6, 7, 8, 11, 12, 13, 14, 15, 16, 17, 18, 21, 22, 23, 24, 25, 26, 28)
(1, 3, 4, 6, 8, 9, 10, 11, 12, 13, 14, 15, 16, 17, 18, 19, 20, 21, 23, 25, 26, 28)
(1, 3, 5, 6, 7, 8, 9, 10, 11, 13, 14, 15, 16, 18, 19, 20, 21, 22, 23, 24, 26, 28)
(1, 2, 3, 4, 5, 8, 9, 10, 11, 12, 14, 15, 17, 18, 19, 20, 21, 24, 25, 26, 27, 28)
(1, 2, 5, 6, 7, 8, 9, 10, 11, 13, 14, 15, 16, 18, 19, 20, 21, 22, 23, 24, 27, 28)
(1, 2, 3, 4, 5, 6, 7, 8, 9, 10, 11, 18, 19, 20, 21, 22, 23, 24, 25, 26, 27, 28)
(1, 3, 5, 6, 7, 8, 9, 10, 12, 13, 14, 15, 16, 17, 19, 20, 21, 22, 23, 24, 26, 28)
(1, 2, 3, 4, 5, 6, 8, 9, 10, 12, 14, 15, 17, 19, 20, 21, 23, 24, 25, 26, 27, 28)
(1, 2, 3, 5, 6, 8, 9, 11, 12, 13, 14, 15, 16, 17, 18, 20, 21, 23, 24, 26, 27, 28)
(2, 3, 4, 5, 6, 7, 9, 10, 12, 13, 14, 15, 16, 17, 19, 20, 22, 23, 24, 25, 26, 27)
}

Print some_are_pairs (contains 0 tuples): {
}

Print none_are_pairs (contains 0 tuples): {
}

Print indecomposable (contains 0 tuples): {
}

Print decomposable but no pairs (contains 0 tuples): {
}

Print exceptional cycles (contains 0 tuples): {
}

method validate_set_V(29, 11) ran to completion.
