Running method validate_set_V(m = 31, d = 3) and generating using halves:

Summary:
given m = 31, d = 3
Calculations took 0 days, 0 hours, 0 minutes, 0 seconds, 6 miliseconds, 899 microseconds, 600 nanoseconds.
Z/mZ:  [0, 1, 2, 3, 4, 5, 6, 7, 8, 9, 10, 11, 12, 13, 14, 15, 16, 17, 18, 19, 20, 21, 22, 23, 24, 25, 26, 27, 28, 29, 30]
Z/mZ*: [1, 2, 3, 4, 5, 6, 7, 8, 9, 10, 11, 12, 13, 14, 15, 16, 17, 18, 19, 20, 21, 22, 23, 24, 25, 26, 27, 28, 29, 30]
All ascending & non-repeating tuple (size 6) combinations possible for the U set: 593775
                      V set: contains 455 tuples
          all_are_pairs set: contains 455 tuples
         some_are_pairs set: contains 0 tuples
         none_are_pairs set: contains 0 tuples
         indecomposable set: contains 0 tuples
decomposable & no pairs set: contains 0 tuples
     exceptional_cycles set: contains 0 tuples

Print V set (contains 455 tuples): {
(1, 2, 3, 28, 29, 30)
(1, 2, 4, 27, 29, 30)
(1, 2, 5, 26, 29, 30)
(1, 2, 6, 25, 29, 30)
(1, 2, 7, 24, 29, 30)
(1, 2, 8, 23, 29, 30)
(1, 2, 9, 22, 29, 30)
(1, 2, 10, 21, 29, 30)
(1, 2, 11, 20, 29, 30)
(1, 2, 12, 19, 29, 30)
(1, 2, 13, 18, 29, 30)
(1, 2, 14, 17, 29, 30)
(1, 2, 15, 16, 29, 30)
(1, 3, 4, 27, 28, 30)
(1, 3, 5, 26, 28, 30)
(1, 3, 6, 25, 28, 30)
(1, 3, 7, 24, 28, 30)
(1, 3, 8, 23, 28, 30)
(1, 3, 9, 22, 28, 30)
(1, 3, 10, 21, 28, 30)
(1, 3, 11, 20, 28, 30)
(1, 3, 12, 19, 28, 30)
(1, 3, 13, 18, 28, 30)
(1, 3, 14, 17, 28, 30)
(1, 3, 15, 16, 28, 30)
(1, 4, 5, 26, 27, 30)
(1, 4, 6, 25, 27, 30)
(1, 4, 7, 24, 27, 30)
(1, 4, 8, 23, 27, 30)
(1, 4, 9, 22, 27, 30)
(1, 4, 10, 21, 27, 30)
(1, 4, 11, 20, 27, 30)
(1, 4, 12, 19, 27, 30)
(1, 4, 13, 18, 27, 30)
(1, 4, 14, 17, 27, 30)
(1, 4, 15, 16, 27, 30)
(1, 5, 6, 25, 26, 30)
(1, 5, 7, 24, 26, 30)
(1, 5, 8, 23, 26, 30)
(1, 5, 9, 22, 26, 30)
(1, 5, 10, 21, 26, 30)
(1, 5, 11, 20, 26, 30)
(1, 5, 12, 19, 26, 30)
(1, 5, 13, 18, 26, 30)
(1, 5, 14, 17, 26, 30)
(1, 5, 15, 16, 26, 30)
(1, 6, 7, 24, 25, 30)
(1, 6, 8, 23, 25, 30)
(1, 6, 9, 22, 25, 30)
(1, 6, 10, 21, 25, 30)
(1, 6, 11, 20, 25, 30)
(1, 6, 12, 19, 25, 30)
(1, 6, 13, 18, 25, 30)
(1, 6, 14, 17, 25, 30)
(1, 6, 15, 16, 25, 30)
(1, 7, 8, 23, 24, 30)
(1, 7, 9, 22, 24, 30)
(1, 7, 10, 21, 24, 30)
(1, 7, 11, 20, 24, 30)
(1, 7, 12, 19, 24, 30)
(1, 7, 13, 18, 24, 30)
(1, 7, 14, 17, 24, 30)
(1, 7, 15, 16, 24, 30)
(1, 8, 9, 22, 23, 30)
(1, 8, 10, 21, 23, 30)
(1, 8, 11, 20, 23, 30)
(1, 8, 12, 19, 23, 30)
(1, 8, 13, 18, 23, 30)
(1, 8, 14, 17, 23, 30)
(1, 8, 15, 16, 23, 30)
(1, 9, 10, 21, 22, 30)
(1, 9, 11, 20, 22, 30)
(1, 9, 12, 19, 22, 30)
(1, 9, 13, 18, 22, 30)
(1, 9, 14, 17, 22, 30)
(1, 9, 15, 16, 22, 30)
(1, 10, 11, 20, 21, 30)
(1, 10, 12, 19, 21, 30)
(1, 10, 13, 18, 21, 30)
(1, 10, 14, 17, 21, 30)
(1, 10, 15, 16, 21, 30)
(1, 11, 12, 19, 20, 30)
(1, 11, 13, 18, 20, 30)
(1, 11, 14, 17, 20, 30)
(1, 11, 15, 16, 20, 30)
(1, 12, 13, 18, 19, 30)
(1, 12, 14, 17, 19, 30)
(1, 12, 15, 16, 19, 30)
(1, 13, 14, 17, 18, 30)
(1, 13, 15, 16, 18, 30)
(1, 14, 15, 16, 17, 30)
(2, 3, 4, 27, 28, 29)
(2, 3, 5, 26, 28, 29)
(2, 3, 6, 25, 28, 29)
(2, 3, 7, 24, 28, 29)
(2, 3, 8, 23, 28, 29)
(2, 3, 9, 22, 28, 29)
(2, 3, 10, 21, 28, 29)
(2, 3, 11, 20, 28, 29)
(2, 3, 12, 19, 28, 29)
(2, 3, 13, 18, 28, 29)
(2, 3, 14, 17, 28, 29)
(2, 3, 15, 16, 28, 29)
(2, 4, 5, 26, 27, 29)
(2, 4, 6, 25, 27, 29)
(2, 4, 7, 24, 27, 29)
(2, 4, 8, 23, 27, 29)
(2, 4, 9, 22, 27, 29)
(2, 4, 10, 21, 27, 29)
(2, 4, 11, 20, 27, 29)
(2, 4, 12, 19, 27, 29)
(2, 4, 13, 18, 27, 29)
(2, 4, 14, 17, 27, 29)
(2, 4, 15, 16, 27, 29)
(2, 5, 6, 25, 26, 29)
(2, 5, 7, 24, 26, 29)
(2, 5, 8, 23, 26, 29)
(2, 5, 9, 22, 26, 29)
(2, 5, 10, 21, 26, 29)
(2, 5, 11, 20, 26, 29)
(2, 5, 12, 19, 26, 29)
(2, 5, 13, 18, 26, 29)
(2, 5, 14, 17, 26, 29)
(2, 5, 15, 16, 26, 29)
(2, 6, 7, 24, 25, 29)
(2, 6, 8, 23, 25, 29)
(2, 6, 9, 22, 25, 29)
(2, 6, 10, 21, 25, 29)
(2, 6, 11, 20, 25, 29)
(2, 6, 12, 19, 25, 29)
(2, 6, 13, 18, 25, 29)
(2, 6, 14, 17, 25, 29)
(2, 6, 15, 16, 25, 29)
(2, 7, 8, 23, 24, 29)
(2, 7, 9, 22, 24, 29)
(2, 7, 10, 21, 24, 29)
(2, 7, 11, 20, 24, 29)
(2, 7, 12, 19, 24, 29)
(2, 7, 13, 18, 24, 29)
(2, 7, 14, 17, 24, 29)
(2, 7, 15, 16, 24, 29)
(2, 8, 9, 22, 23, 29)
(2, 8, 10, 21, 23, 29)
(2, 8, 11, 20, 23, 29)
(2, 8, 12, 19, 23, 29)
(2, 8, 13, 18, 23, 29)
(2, 8, 14, 17, 23, 29)
(2, 8, 15, 16, 23, 29)
(2, 9, 10, 21, 22, 29)
(2, 9, 11, 20, 22, 29)
(2, 9, 12, 19, 22, 29)
(2, 9, 13, 18, 22, 29)
(2, 9, 14, 17, 22, 29)
(2, 9, 15, 16, 22, 29)
(2, 10, 11, 20, 21, 29)
(2, 10, 12, 19, 21, 29)
(2, 10, 13, 18, 21, 29)
(2, 10, 14, 17, 21, 29)
(2, 10, 15, 16, 21, 29)
(2, 11, 12, 19, 20, 29)
(2, 11, 13, 18, 20, 29)
(2, 11, 14, 17, 20, 29)
(2, 11, 15, 16, 20, 29)
(2, 12, 13, 18, 19, 29)
(2, 12, 14, 17, 19, 29)
(2, 12, 15, 16, 19, 29)
(2, 13, 14, 17, 18, 29)
(2, 13, 15, 16, 18, 29)
(2, 14, 15, 16, 17, 29)
(3, 4, 5, 26, 27, 28)
(3, 4, 6, 25, 27, 28)
(3, 4, 7, 24, 27, 28)
(3, 4, 8, 23, 27, 28)
(3, 4, 9, 22, 27, 28)
(3, 4, 10, 21, 27, 28)
(3, 4, 11, 20, 27, 28)
(3, 4, 12, 19, 27, 28)
(3, 4, 13, 18, 27, 28)
(3, 4, 14, 17, 27, 28)
(3, 4, 15, 16, 27, 28)
(3, 5, 6, 25, 26, 28)
(3, 5, 7, 24, 26, 28)
(3, 5, 8, 23, 26, 28)
(3, 5, 9, 22, 26, 28)
(3, 5, 10, 21, 26, 28)
(3, 5, 11, 20, 26, 28)
(3, 5, 12, 19, 26, 28)
(3, 5, 13, 18, 26, 28)
(3, 5, 14, 17, 26, 28)
(3, 5, 15, 16, 26, 28)
(3, 6, 7, 24, 25, 28)
(3, 6, 8, 23, 25, 28)
(3, 6, 9, 22, 25, 28)
(3, 6, 10, 21, 25, 28)
(3, 6, 11, 20, 25, 28)
(3, 6, 12, 19, 25, 28)
(3, 6, 13, 18, 25, 28)
(3, 6, 14, 17, 25, 28)
(3, 6, 15, 16, 25, 28)
(3, 7, 8, 23, 24, 28)
(3, 7, 9, 22, 24, 28)
(3, 7, 10, 21, 24, 28)
(3, 7, 11, 20, 24, 28)
(3, 7, 12, 19, 24, 28)
(3, 7, 13, 18, 24, 28)
(3, 7, 14, 17, 24, 28)
(3, 7, 15, 16, 24, 28)
(3, 8, 9, 22, 23, 28)
(3, 8, 10, 21, 23, 28)
(3, 8, 11, 20, 23, 28)
(3, 8, 12, 19, 23, 28)
(3, 8, 13, 18, 23, 28)
(3, 8, 14, 17, 23, 28)
(3, 8, 15, 16, 23, 28)
(3, 9, 10, 21, 22, 28)
(3, 9, 11, 20, 22, 28)
(3, 9, 12, 19, 22, 28)
(3, 9, 13, 18, 22, 28)
(3, 9, 14, 17, 22, 28)
(3, 9, 15, 16, 22, 28)
(3, 10, 11, 20, 21, 28)
(3, 10, 12, 19, 21, 28)
(3, 10, 13, 18, 21, 28)
(3, 10, 14, 17, 21, 28)
(3, 10, 15, 16, 21, 28)
(3, 11, 12, 19, 20, 28)
(3, 11, 13, 18, 20, 28)
(3, 11, 14, 17, 20, 28)
(3, 11, 15, 16, 20, 28)
(3, 12, 13, 18, 19, 28)
(3, 12, 14, 17, 19, 28)
(3, 12, 15, 16, 19, 28)
(3, 13, 14, 17, 18, 28)
(3, 13, 15, 16, 18, 28)
(3, 14, 15, 16, 17, 28)
(4, 5, 6, 25, 26, 27)
(4, 5, 7, 24, 26, 27)
(4, 5, 8, 23, 26, 27)
(4, 5, 9, 22, 26, 27)
(4, 5, 10, 21, 26, 27)
(4, 5, 11, 20, 26, 27)
(4, 5, 12, 19, 26, 27)
(4, 5, 13, 18, 26, 27)
(4, 5, 14, 17, 26, 27)
(4, 5, 15, 16, 26, 27)
(4, 6, 7, 24, 25, 27)
(4, 6, 8, 23, 25, 27)
(4, 6, 9, 22, 25, 27)
(4, 6, 10, 21, 25, 27)
(4, 6, 11, 20, 25, 27)
(4, 6, 12, 19, 25, 27)
(4, 6, 13, 18, 25, 27)
(4, 6, 14, 17, 25, 27)
(4, 6, 15, 16, 25, 27)
(4, 7, 8, 23, 24, 27)
(4, 7, 9, 22, 24, 27)
(4, 7, 10, 21, 24, 27)
(4, 7, 11, 20, 24, 27)
(4, 7, 12, 19, 24, 27)
(4, 7, 13, 18, 24, 27)
(4, 7, 14, 17, 24, 27)
(4, 7, 15, 16, 24, 27)
(4, 8, 9, 22, 23, 27)
(4, 8, 10, 21, 23, 27)
(4, 8, 11, 20, 23, 27)
(4, 8, 12, 19, 23, 27)
(4, 8, 13, 18, 23, 27)
(4, 8, 14, 17, 23, 27)
(4, 8, 15, 16, 23, 27)
(4, 9, 10, 21, 22, 27)
(4, 9, 11, 20, 22, 27)
(4, 9, 12, 19, 22, 27)
(4, 9, 13, 18, 22, 27)
(4, 9, 14, 17, 22, 27)
(4, 9, 15, 16, 22, 27)
(4, 10, 11, 20, 21, 27)
(4, 10, 12, 19, 21, 27)
(4, 10, 13, 18, 21, 27)
(4, 10, 14, 17, 21, 27)
(4, 10, 15, 16, 21, 27)
(4, 11, 12, 19, 20, 27)
(4, 11, 13, 18, 20, 27)
(4, 11, 14, 17, 20, 27)
(4, 11, 15, 16, 20, 27)
(4, 12, 13, 18, 19, 27)
(4, 12, 14, 17, 19, 27)
(4, 12, 15, 16, 19, 27)
(4, 13, 14, 17, 18, 27)
(4, 13, 15, 16, 18, 27)
(4, 14, 15, 16, 17, 27)
(5, 6, 7, 24, 25, 26)
(5, 6, 8, 23, 25, 26)
(5, 6, 9, 22, 25, 26)
(5, 6, 10, 21, 25, 26)
(5, 6, 11, 20, 25, 26)
(5, 6, 12, 19, 25, 26)
(5, 6, 13, 18, 25, 26)
(5, 6, 14, 17, 25, 26)
(5, 6, 15, 16, 25, 26)
(5, 7, 8, 23, 24, 26)
(5, 7, 9, 22, 24, 26)
(5, 7, 10, 21, 24, 26)
(5, 7, 11, 20, 24, 26)
(5, 7, 12, 19, 24, 26)
(5, 7, 13, 18, 24, 26)
(5, 7, 14, 17, 24, 26)
(5, 7, 15, 16, 24, 26)
(5, 8, 9, 22, 23, 26)
(5, 8, 10, 21, 23, 26)
(5, 8, 11, 20, 23, 26)
(5, 8, 12, 19, 23, 26)
(5, 8, 13, 18, 23, 26)
(5, 8, 14, 17, 23, 26)
(5, 8, 15, 16, 23, 26)
(5, 9, 10, 21, 22, 26)
(5, 9, 11, 20, 22, 26)
(5, 9, 12, 19, 22, 26)
(5, 9, 13, 18, 22, 26)
(5, 9, 14, 17, 22, 26)
(5, 9, 15, 16, 22, 26)
(5, 10, 11, 20, 21, 26)
(5, 10, 12, 19, 21, 26)
(5, 10, 13, 18, 21, 26)
(5, 10, 14, 17, 21, 26)
(5, 10, 15, 16, 21, 26)
(5, 11, 12, 19, 20, 26)
(5, 11, 13, 18, 20, 26)
(5, 11, 14, 17, 20, 26)
(5, 11, 15, 16, 20, 26)
(5, 12, 13, 18, 19, 26)
(5, 12, 14, 17, 19, 26)
(5, 12, 15, 16, 19, 26)
(5, 13, 14, 17, 18, 26)
(5, 13, 15, 16, 18, 26)
(5, 14, 15, 16, 17, 26)
(6, 7, 8, 23, 24, 25)
(6, 7, 9, 22, 24, 25)
(6, 7, 10, 21, 24, 25)
(6, 7, 11, 20, 24, 25)
(6, 7, 12, 19, 24, 25)
(6, 7, 13, 18, 24, 25)
(6, 7, 14, 17, 24, 25)
(6, 7, 15, 16, 24, 25)
(6, 8, 9, 22, 23, 25)
(6, 8, 10, 21, 23, 25)
(6, 8, 11, 20, 23, 25)
(6, 8, 12, 19, 23, 25)
(6, 8, 13, 18, 23, 25)
(6, 8, 14, 17, 23, 25)
(6, 8, 15, 16, 23, 25)
(6, 9, 10, 21, 22, 25)
(6, 9, 11, 20, 22, 25)
(6, 9, 12, 19, 22, 25)
(6, 9, 13, 18, 22, 25)
(6, 9, 14, 17, 22, 25)
(6, 9, 15, 16, 22, 25)
(6, 10, 11, 20, 21, 25)
(6, 10, 12, 19, 21, 25)
(6, 10, 13, 18, 21, 25)
(6, 10, 14, 17, 21, 25)
(6, 10, 15, 16, 21, 25)
(6, 11, 12, 19, 20, 25)
(6, 11, 13, 18, 20, 25)
(6, 11, 14, 17, 20, 25)
(6, 11, 15, 16, 20, 25)
(6, 12, 13, 18, 19, 25)
(6, 12, 14, 17, 19, 25)
(6, 12, 15, 16, 19, 25)
(6, 13, 14, 17, 18, 25)
(6, 13, 15, 16, 18, 25)
(6, 14, 15, 16, 17, 25)
(7, 8, 9, 22, 23, 24)
(7, 8, 10, 21, 23, 24)
(7, 8, 11, 20, 23, 24)
(7, 8, 12, 19, 23, 24)
(7, 8, 13, 18, 23, 24)
(7, 8, 14, 17, 23, 24)
(7, 8, 15, 16, 23, 24)
(7, 9, 10, 21, 22, 24)
(7, 9, 11, 20, 22, 24)
(7, 9, 12, 19, 22, 24)
(7, 9, 13, 18, 22, 24)
(7, 9, 14, 17, 22, 24)
(7, 9, 15, 16, 22, 24)
(7, 10, 11, 20, 21, 24)
(7, 10, 12, 19, 21, 24)
(7, 10, 13, 18, 21, 24)
(7, 10, 14, 17, 21, 24)
(7, 10, 15, 16, 21, 24)
(7, 11, 12, 19, 20, 24)
(7, 11, 13, 18, 20, 24)
(7, 11, 14, 17, 20, 24)
(7, 11, 15, 16, 20, 24)
(7, 12, 13, 18, 19, 24)
(7, 12, 14, 17, 19, 24)
(7, 12, 15, 16, 19, 24)
(7, 13, 14, 17, 18, 24)
(7, 13, 15, 16, 18, 24)
(7, 14, 15, 16, 17, 24)
(8, 9, 10, 21, 22, 23)
(8, 9, 11, 20, 22, 23)
(8, 9, 12, 19, 22, 23)
(8, 9, 13, 18, 22, 23)
(8, 9, 14, 17, 22, 23)
(8, 9, 15, 16, 22, 23)
(8, 10, 11, 20, 21, 23)
(8, 10, 12, 19, 21, 23)
(8, 10, 13, 18, 21, 23)
(8, 10, 14, 17, 21, 23)
(8, 10, 15, 16, 21, 23)
(8, 11, 12, 19, 20, 23)
(8, 11, 13, 18, 20, 23)
(8, 11, 14, 17, 20, 23)
(8, 11, 15, 16, 20, 23)
(8, 12, 13, 18, 19, 23)
(8, 12, 14, 17, 19, 23)
(8, 12, 15, 16, 19, 23)
(8, 13, 14, 17, 18, 23)
(8, 13, 15, 16, 18, 23)
(8, 14, 15, 16, 17, 23)
(9, 10, 11, 20, 21, 22)
(9, 10, 12, 19, 21, 22)
(9, 10, 13, 18, 21, 22)
(9, 10, 14, 17, 21, 22)
(9, 10, 15, 16, 21, 22)
(9, 11, 12, 19, 20, 22)
(9, 11, 13, 18, 20, 22)
(9, 11, 14, 17, 20, 22)
(9, 11, 15, 16, 20, 22)
(9, 12, 13, 18, 19, 22)
(9, 12, 14, 17, 19, 22)
(9, 12, 15, 16, 19, 22)
(9, 13, 14, 17, 18, 22)
(9, 13, 15, 16, 18, 22)
(9, 14, 15, 16, 17, 22)
(10, 11, 12, 19, 20, 21)
(10, 11, 13, 18, 20, 21)
(10, 11, 14, 17, 20, 21)
(10, 11, 15, 16, 20, 21)
(10, 12, 13, 18, 19, 21)
(10, 12, 14, 17, 19, 21)
(10, 12, 15, 16, 19, 21)
(10, 13, 14, 17, 18, 21)
(10, 13, 15, 16, 18, 21)
(10, 14, 15, 16, 17, 21)
(11, 12, 13, 18, 19, 20)
(11, 12, 14, 17, 19, 20)
(11, 12, 15, 16, 19, 20)
(11, 13, 14, 17, 18, 20)
(11, 13, 15, 16, 18, 20)
(11, 14, 15, 16, 17, 20)
(12, 13, 14, 17, 18, 19)
(12, 13, 15, 16, 18, 19)
(12, 14, 15, 16, 17, 19)
(13, 14, 15, 16, 17, 18)
}

Print all_are_pairs (contains 455 tuples): {
(5, 11, 12, 19, 20, 26)
(8, 11, 12, 19, 20, 23)
(1, 13, 15, 16, 18, 30)
(6, 11, 13, 18, 20, 25)
(3, 5, 15, 16, 26, 28)
(6, 8, 15, 16, 23, 25)
(12, 14, 15, 16, 17, 19)
(1, 7, 11, 20, 24, 30)
(9, 11, 14, 17, 20, 22)
(3, 6, 8, 23, 25, 28)
(4, 12, 13, 18, 19, 27)
(5, 6, 12, 19, 25, 26)
(6, 8, 13, 18, 23, 25)
(1, 8, 13, 18, 23, 30)
(11, 12, 13, 18, 19, 20)
(5, 6, 8, 23, 25, 26)
(2, 7, 12, 19, 24, 29)
(2, 3, 6, 25, 28, 29)
(6, 7, 14, 17, 24, 25)
(6, 9, 14, 17, 22, 25)
(7, 8, 10, 21, 23, 24)
(5, 9, 14, 17, 22, 26)
(9, 10, 12, 19, 21, 22)
(1, 5, 12, 19, 26, 30)
(2, 4, 10, 21, 27, 29)
(1, 2, 7, 24, 29, 30)
(7, 10, 12, 19, 21, 24)
(2, 8, 14, 17, 23, 29)
(5, 8, 15, 16, 23, 26)
(1, 3, 12, 19, 28, 30)
(8, 12, 13, 18, 19, 23)
(2, 4, 6, 25, 27, 29)
(2, 5, 6, 25, 26, 29)
(5, 9, 12, 19, 22, 26)
(4, 9, 12, 19, 22, 27)
(3, 6, 15, 16, 25, 28)
(11, 13, 14, 17, 18, 20)
(10, 14, 15, 16, 17, 21)
(1, 8, 12, 19, 23, 30)
(3, 4, 7, 24, 27, 28)
(2, 7, 15, 16, 24, 29)
(3, 10, 12, 19, 21, 28)
(3, 7, 11, 20, 24, 28)
(7, 11, 13, 18, 20, 24)
(1, 3, 10, 21, 28, 30)
(1, 4, 6, 25, 27, 30)
(2, 10, 11, 20, 21, 29)
(4, 5, 10, 21, 26, 27)
(6, 11, 12, 19, 20, 25)
(6, 13, 15, 16, 18, 25)
(10, 12, 13, 18, 19, 21)
(1, 5, 11, 20, 26, 30)
(6, 12, 15, 16, 19, 25)
(2, 5, 13, 18, 26, 29)
(2, 9, 10, 21, 22, 29)
(5, 8, 10, 21, 23, 26)
(9, 12, 13, 18, 19, 22)
(1, 9, 15, 16, 22, 30)
(6, 8, 14, 17, 23, 25)
(3, 13, 15, 16, 18, 28)
(3, 7, 9, 22, 24, 28)
(2, 3, 4, 27, 28, 29)
(3, 4, 11, 20, 27, 28)
(3, 9, 10, 21, 22, 28)
(3, 9, 11, 20, 22, 28)
(1, 7, 10, 21, 24, 30)
(8, 9, 10, 21, 22, 23)
(4, 6, 13, 18, 25, 27)
(11, 12, 15, 16, 19, 20)
(1, 2, 5, 26, 29, 30)
(1, 11, 12, 19, 20, 30)
(3, 7, 10, 21, 24, 28)
(8, 9, 15, 16, 22, 23)
(1, 5, 8, 23, 26, 30)
(7, 8, 11, 20, 23, 24)
(1, 8, 14, 17, 23, 30)
(2, 10, 12, 19, 21, 29)
(2, 4, 14, 17, 27, 29)
(2, 12, 15, 16, 19, 29)
(10, 12, 15, 16, 19, 21)
(1, 8, 10, 21, 23, 30)
(1, 2, 9, 22, 29, 30)
(2, 3, 14, 17, 28, 29)
(6, 10, 15, 16, 21, 25)
(6, 8, 11, 20, 23, 25)
(4, 10, 13, 18, 21, 27)
(2, 5, 10, 21, 26, 29)
(4, 7, 8, 23, 24, 27)
(5, 7, 15, 16, 24, 26)
(3, 4, 9, 22, 27, 28)
(4, 6, 7, 24, 25, 27)
(6, 7, 9, 22, 24, 25)
(7, 10, 14, 17, 21, 24)
(1, 7, 13, 18, 24, 30)
(7, 8, 12, 19, 23, 24)
(3, 10, 11, 20, 21, 28)
(1, 2, 8, 23, 29, 30)
(1, 6, 15, 16, 25, 30)
(1, 10, 11, 20, 21, 30)
(1, 6, 8, 23, 25, 30)
(2, 3, 15, 16, 28, 29)
(2, 7, 11, 20, 24, 29)
(2, 6, 15, 16, 25, 29)
(8, 10, 14, 17, 21, 23)
(2, 3, 12, 19, 28, 29)
(5, 7, 11, 20, 24, 26)
(5, 14, 15, 16, 17, 26)
(1, 9, 11, 20, 22, 30)
(3, 10, 13, 18, 21, 28)
(2, 10, 13, 18, 21, 29)
(2, 10, 14, 17, 21, 29)
(9, 10, 11, 20, 21, 22)
(1, 3, 8, 23, 28, 30)
(2, 8, 11, 20, 23, 29)
(1, 3, 5, 26, 28, 30)
(1, 9, 12, 19, 22, 30)
(3, 7, 13, 18, 24, 28)
(4, 5, 12, 19, 26, 27)
(5, 7, 14, 17, 24, 26)
(4, 9, 15, 16, 22, 27)
(4, 9, 11, 20, 22, 27)
(5, 12, 15, 16, 19, 26)
(2, 7, 9, 22, 24, 29)
(2, 9, 12, 19, 22, 29)
(8, 12, 15, 16, 19, 23)
(1, 3, 14, 17, 28, 30)
(2, 4, 12, 19, 27, 29)
(3, 9, 14, 17, 22, 28)
(6, 7, 8, 23, 24, 25)
(1, 4, 5, 26, 27, 30)
(3, 7, 14, 17, 24, 28)
(2, 3, 10, 21, 28, 29)
(2, 11, 14, 17, 20, 29)
(6, 12, 13, 18, 19, 25)
(5, 9, 15, 16, 22, 26)
(2, 7, 8, 23, 24, 29)
(5, 6, 15, 16, 25, 26)
(4, 7, 15, 16, 24, 27)
(9, 10, 13, 18, 21, 22)
(4, 6, 10, 21, 25, 27)
(2, 3, 5, 26, 28, 29)
(2, 6, 12, 19, 25, 29)
(5, 13, 15, 16, 18, 26)
(6, 9, 10, 21, 22, 25)
(7, 14, 15, 16, 17, 24)
(8, 9, 12, 19, 22, 23)
(4, 8, 15, 16, 23, 27)
(2, 10, 15, 16, 21, 29)
(2, 3, 7, 24, 28, 29)
(2, 3, 9, 22, 28, 29)
(6, 8, 9, 22, 23, 25)
(11, 13, 15, 16, 18, 20)
(4, 5, 6, 25, 26, 27)
(4, 14, 15, 16, 17, 27)
(1, 2, 12, 19, 29, 30)
(2, 4, 15, 16, 27, 29)
(5, 7, 8, 23, 24, 26)
(4, 6, 12, 19, 25, 27)
(3, 4, 10, 21, 27, 28)
(1, 6, 9, 22, 25, 30)
(3, 9, 12, 19, 22, 28)
(1, 9, 13, 18, 22, 30)
(2, 8, 13, 18, 23, 29)
(2, 11, 13, 18, 20, 29)
(8, 10, 15, 16, 21, 23)
(3, 4, 12, 19, 27, 28)
(3, 11, 12, 19, 20, 28)
(3, 4, 14, 17, 27, 28)
(6, 10, 12, 19, 21, 25)
(7, 12, 14, 17, 19, 24)
(3, 12, 15, 16, 19, 28)
(1, 6, 11, 20, 25, 30)
(4, 13, 14, 17, 18, 27)
(4, 8, 12, 19, 23, 27)
(7, 9, 13, 18, 22, 24)
(3, 12, 13, 18, 19, 28)
(7, 10, 13, 18, 21, 24)
(3, 6, 11, 20, 25, 28)
(11, 14, 15, 16, 17, 20)
(2, 5, 12, 19, 26, 29)
(4, 11, 13, 18, 20, 27)
(1, 7, 12, 19, 24, 30)
(1, 5, 14, 17, 26, 30)
(2, 3, 8, 23, 28, 29)
(3, 5, 14, 17, 26, 28)
(2, 8, 12, 19, 23, 29)
(1, 12, 13, 18, 19, 30)
(1, 2, 4, 27, 29, 30)
(4, 9, 14, 17, 22, 27)
(2, 7, 10, 21, 24, 29)
(5, 10, 13, 18, 21, 26)
(1, 4, 15, 16, 27, 30)
(7, 12, 13, 18, 19, 24)
(5, 10, 12, 19, 21, 26)
(6, 7, 12, 19, 24, 25)
(2, 12, 13, 18, 19, 29)
(5, 8, 11, 20, 23, 26)
(7, 13, 14, 17, 18, 24)
(4, 6, 15, 16, 25, 27)
(5, 8, 13, 18, 23, 26)
(6, 11, 14, 17, 20, 25)
(3, 8, 9, 22, 23, 28)
(5, 7, 12, 19, 24, 26)
(6, 9, 11, 20, 22, 25)
(3, 4, 5, 26, 27, 28)
(3, 8, 15, 16, 23, 28)
(1, 2, 13, 18, 29, 30)
(2, 9, 15, 16, 22, 29)
(3, 8, 10, 21, 23, 28)
(1, 10, 15, 16, 21, 30)
(1, 12, 14, 17, 19, 30)
(12, 13, 15, 16, 18, 19)
(1, 10, 13, 18, 21, 30)
(6, 7, 13, 18, 24, 25)
(10, 13, 14, 17, 18, 21)
(1, 5, 15, 16, 26, 30)
(4, 7, 10, 21, 24, 27)
(12, 13, 14, 17, 18, 19)
(1, 3, 6, 25, 28, 30)
(5, 6, 11, 20, 25, 26)
(2, 4, 11, 20, 27, 29)
(1, 2, 14, 17, 29, 30)
(2, 8, 10, 21, 23, 29)
(1, 3, 7, 24, 28, 30)
(4, 6, 14, 17, 25, 27)
(1, 6, 13, 18, 25, 30)
(3, 12, 14, 17, 19, 28)
(5, 9, 13, 18, 22, 26)
(1, 9, 14, 17, 22, 30)
(3, 9, 15, 16, 22, 28)
(4, 11, 14, 17, 20, 27)
(5, 9, 11, 20, 22, 26)
(3, 5, 7, 24, 26, 28)
(1, 3, 13, 18, 28, 30)
(2, 5, 8, 23, 26, 29)
(7, 9, 15, 16, 22, 24)
(1, 12, 15, 16, 19, 30)
(3, 6, 12, 19, 25, 28)
(1, 9, 10, 21, 22, 30)
(2, 6, 11, 20, 25, 29)
(6, 8, 12, 19, 23, 25)
(5, 7, 13, 18, 24, 26)
(1, 7, 14, 17, 24, 30)
(3, 11, 14, 17, 20, 28)
(4, 5, 15, 16, 26, 27)
(8, 11, 15, 16, 20, 23)
(1, 3, 15, 16, 28, 30)
(5, 8, 14, 17, 23, 26)
(3, 5, 6, 25, 26, 28)
(9, 12, 14, 17, 19, 22)
(7, 9, 11, 20, 22, 24)
(4, 7, 13, 18, 24, 27)
(6, 10, 14, 17, 21, 25)
(5, 11, 15, 16, 20, 26)
(10, 13, 15, 16, 18, 21)
(1, 11, 13, 18, 20, 30)
(5, 10, 14, 17, 21, 26)
(10, 11, 15, 16, 20, 21)
(1, 6, 10, 21, 25, 30)
(5, 6, 10, 21, 25, 26)
(9, 12, 15, 16, 19, 22)
(5, 6, 9, 22, 25, 26)
(5, 6, 13, 18, 25, 26)
(9, 10, 14, 17, 21, 22)
(4, 8, 11, 20, 23, 27)
(4, 12, 15, 16, 19, 27)
(8, 10, 13, 18, 21, 23)
(2, 5, 11, 20, 26, 29)
(9, 13, 14, 17, 18, 22)
(5, 6, 14, 17, 25, 26)
(6, 9, 12, 19, 22, 25)
(3, 8, 11, 20, 23, 28)
(6, 12, 14, 17, 19, 25)
(4, 7, 12, 19, 24, 27)
(5, 12, 14, 17, 19, 26)
(3, 13, 14, 17, 18, 28)
(1, 5, 10, 21, 26, 30)
(8, 10, 11, 20, 21, 23)
(3, 5, 11, 20, 26, 28)
(1, 7, 15, 16, 24, 30)
(4, 10, 14, 17, 21, 27)
(4, 5, 9, 22, 26, 27)
(2, 11, 12, 19, 20, 29)
(3, 5, 13, 18, 26, 28)
(5, 7, 9, 22, 24, 26)
(1, 2, 15, 16, 29, 30)
(5, 6, 7, 24, 25, 26)
(1, 7, 9, 22, 24, 30)
(1, 4, 14, 17, 27, 30)
(1, 13, 14, 17, 18, 30)
(10, 12, 14, 17, 19, 21)
(5, 9, 10, 21, 22, 26)
(5, 11, 14, 17, 20, 26)
(2, 3, 11, 20, 28, 29)
(1, 3, 4, 27, 28, 30)
(1, 4, 9, 22, 27, 30)
(1, 5, 9, 22, 26, 30)
(3, 6, 9, 22, 25, 28)
(1, 4, 11, 20, 27, 30)
(7, 8, 15, 16, 23, 24)
(7, 10, 15, 16, 21, 24)
(3, 5, 12, 19, 26, 28)
(2, 7, 14, 17, 24, 29)
(3, 10, 14, 17, 21, 28)
(1, 6, 12, 19, 25, 30)
(3, 6, 14, 17, 25, 28)
(4, 6, 9, 22, 25, 27)
(2, 6, 13, 18, 25, 29)
(7, 8, 13, 18, 23, 24)
(4, 9, 10, 21, 22, 27)
(7, 8, 14, 17, 23, 24)
(2, 6, 8, 23, 25, 29)
(3, 8, 12, 19, 23, 28)
(3, 8, 13, 18, 23, 28)
(1, 11, 15, 16, 20, 30)
(3, 4, 6, 25, 27, 28)
(1, 14, 15, 16, 17, 30)
(5, 10, 15, 16, 21, 26)
(3, 6, 10, 21, 25, 28)
(4, 6, 8, 23, 25, 27)
(4, 8, 9, 22, 23, 27)
(1, 3, 9, 22, 28, 30)
(2, 9, 14, 17, 22, 29)
(3, 5, 9, 22, 26, 28)
(4, 7, 9, 22, 24, 27)
(1, 5, 13, 18, 26, 30)
(8, 10, 12, 19, 21, 23)
(2, 6, 9, 22, 25, 29)
(4, 7, 11, 20, 24, 27)
(5, 12, 13, 18, 19, 26)
(2, 4, 5, 26, 27, 29)
(7, 10, 11, 20, 21, 24)
(1, 8, 9, 22, 23, 30)
(6, 7, 15, 16, 24, 25)
(4, 10, 12, 19, 21, 27)
(10, 11, 14, 17, 20, 21)
(2, 7, 13, 18, 24, 29)
(3, 7, 12, 19, 24, 28)
(4, 11, 15, 16, 20, 27)
(13, 14, 15, 16, 17, 18)
(6, 9, 15, 16, 22, 25)
(2, 3, 13, 18, 28, 29)
(1, 8, 11, 20, 23, 30)
(3, 6, 13, 18, 25, 28)
(6, 11, 15, 16, 20, 25)
(2, 14, 15, 16, 17, 29)
(3, 5, 10, 21, 26, 28)
(7, 11, 14, 17, 20, 24)
(1, 4, 13, 18, 27, 30)
(4, 5, 13, 18, 26, 27)
(1, 5, 6, 25, 26, 30)
(5, 13, 14, 17, 18, 26)
(2, 9, 13, 18, 22, 29)
(5, 8, 9, 22, 23, 26)
(8, 13, 15, 16, 18, 23)
(6, 14, 15, 16, 17, 25)
(8, 12, 14, 17, 19, 23)
(7, 11, 12, 19, 20, 24)
(2, 5, 9, 22, 26, 29)
(10, 11, 12, 19, 20, 21)
(1, 7, 8, 23, 24, 30)
(1, 2, 6, 25, 29, 30)
(1, 5, 7, 24, 26, 30)
(8, 9, 14, 17, 22, 23)
(4, 5, 11, 20, 26, 27)
(1, 2, 11, 20, 29, 30)
(1, 4, 10, 21, 27, 30)
(9, 13, 15, 16, 18, 22)
(9, 14, 15, 16, 17, 22)
(1, 2, 3, 28, 29, 30)
(9, 11, 15, 16, 20, 22)
(6, 8, 10, 21, 23, 25)
(9, 11, 12, 19, 20, 22)
(11, 12, 14, 17, 19, 20)
(2, 5, 15, 16, 26, 29)
(10, 11, 13, 18, 20, 21)
(5, 8, 12, 19, 23, 26)
(2, 8, 9, 22, 23, 29)
(2, 4, 9, 22, 27, 29)
(3, 4, 15, 16, 27, 28)
(2, 6, 10, 21, 25, 29)
(8, 11, 14, 17, 20, 23)
(2, 4, 8, 23, 27, 29)
(4, 10, 11, 20, 21, 27)
(2, 4, 7, 24, 27, 29)
(6, 13, 14, 17, 18, 25)
(3, 11, 15, 16, 20, 28)
(2, 13, 14, 17, 18, 29)
(9, 10, 15, 16, 21, 22)
(1, 2, 10, 21, 29, 30)
(4, 8, 13, 18, 23, 27)
(8, 9, 13, 18, 22, 23)
(7, 8, 9, 22, 23, 24)
(1, 4, 7, 24, 27, 30)
(4, 8, 14, 17, 23, 27)
(4, 9, 13, 18, 22, 27)
(3, 7, 15, 16, 24, 28)
(3, 9, 13, 18, 22, 28)
(2, 8, 15, 16, 23, 29)
(5, 7, 10, 21, 24, 26)
(4, 6, 11, 20, 25, 27)
(2, 5, 14, 17, 26, 29)
(3, 14, 15, 16, 17, 28)
(7, 13, 15, 16, 18, 24)
(1, 4, 12, 19, 27, 30)
(1, 6, 14, 17, 25, 30)
(2, 4, 13, 18, 27, 29)
(7, 9, 10, 21, 22, 24)
(6, 7, 11, 20, 24, 25)
(3, 6, 7, 24, 25, 28)
(2, 6, 7, 24, 25, 29)
(2, 12, 14, 17, 19, 29)
(3, 4, 13, 18, 27, 28)
(4, 13, 15, 16, 18, 27)
(2, 11, 15, 16, 20, 29)
(3, 10, 15, 16, 21, 28)
(2, 6, 14, 17, 25, 29)
(4, 12, 14, 17, 19, 27)
(9, 11, 13, 18, 20, 22)
(4, 5, 7, 24, 26, 27)
(4, 10, 15, 16, 21, 27)
(1, 4, 8, 23, 27, 30)
(7, 12, 15, 16, 19, 24)
(4, 5, 8, 23, 26, 27)
(7, 11, 15, 16, 20, 24)
(4, 7, 14, 17, 24, 27)
(8, 11, 13, 18, 20, 23)
(8, 13, 14, 17, 18, 23)
(2, 9, 11, 20, 22, 29)
(3, 8, 14, 17, 23, 28)
(8, 9, 11, 20, 22, 23)
(2, 13, 15, 16, 18, 29)
(3, 11, 13, 18, 20, 28)
(8, 14, 15, 16, 17, 23)
(4, 8, 10, 21, 23, 27)
(1, 6, 7, 24, 25, 30)
(3, 4, 8, 23, 27, 28)
(2, 5, 7, 24, 26, 29)
(1, 10, 14, 17, 21, 30)
(6, 9, 13, 18, 22, 25)
(6, 10, 13, 18, 21, 25)
(1, 3, 11, 20, 28, 30)
(6, 10, 11, 20, 21, 25)
(4, 11, 12, 19, 20, 27)
(1, 8, 15, 16, 23, 30)
(1, 10, 12, 19, 21, 30)
(3, 7, 8, 23, 24, 28)
(5, 11, 13, 18, 20, 26)
(4, 5, 14, 17, 26, 27)
(5, 10, 11, 20, 21, 26)
(6, 7, 10, 21, 24, 25)
(1, 11, 14, 17, 20, 30)
(7, 9, 14, 17, 22, 24)
(3, 5, 8, 23, 26, 28)
(7, 9, 12, 19, 22, 24)
}

Print some_are_pairs (contains 0 tuples): {
}

Print none_are_pairs (contains 0 tuples): {
}

Print indecomposable (contains 0 tuples): {
}

Print decomposable but no pairs (contains 0 tuples): {
}

Print exceptional cycles (contains 0 tuples): {
}

method validate_set_V(31, 3) ran to completion.
