Running method validate_set_V(m = 23, d = 5) and generating using halves:

Summary:
given m = 23, d = 5
Calculations took 0 days, 0 hours, 0 minutes, 0 seconds, 10 miliseconds, 998 microseconds, 0 nanoseconds.
Z/mZ:  [0, 1, 2, 3, 4, 5, 6, 7, 8, 9, 10, 11, 12, 13, 14, 15, 16, 17, 18, 19, 20, 21, 22]
Z/mZ*: [1, 2, 3, 4, 5, 6, 7, 8, 9, 10, 11, 12, 13, 14, 15, 16, 17, 18, 19, 20, 21, 22]
All ascending & non-repeating tuple (size 10) combinations possible for the U set: 646646
                      V set: contains 462 tuples
          all_are_pairs set: contains 462 tuples
         some_are_pairs set: contains 0 tuples
         none_are_pairs set: contains 0 tuples
         indecomposable set: contains 0 tuples
decomposable & no pairs set: contains 0 tuples
     exceptional_cycles set: contains 0 tuples

Print V set (contains 462 tuples): {
(1, 2, 3, 4, 5, 18, 19, 20, 21, 22)
(1, 2, 3, 4, 6, 17, 19, 20, 21, 22)
(1, 2, 3, 4, 7, 16, 19, 20, 21, 22)
(1, 2, 3, 4, 8, 15, 19, 20, 21, 22)
(1, 2, 3, 4, 9, 14, 19, 20, 21, 22)
(1, 2, 3, 4, 10, 13, 19, 20, 21, 22)
(1, 2, 3, 4, 11, 12, 19, 20, 21, 22)
(1, 2, 3, 5, 6, 17, 18, 20, 21, 22)
(1, 2, 3, 5, 7, 16, 18, 20, 21, 22)
(1, 2, 3, 5, 8, 15, 18, 20, 21, 22)
(1, 2, 3, 5, 9, 14, 18, 20, 21, 22)
(1, 2, 3, 5, 10, 13, 18, 20, 21, 22)
(1, 2, 3, 5, 11, 12, 18, 20, 21, 22)
(1, 2, 3, 6, 7, 16, 17, 20, 21, 22)
(1, 2, 3, 6, 8, 15, 17, 20, 21, 22)
(1, 2, 3, 6, 9, 14, 17, 20, 21, 22)
(1, 2, 3, 6, 10, 13, 17, 20, 21, 22)
(1, 2, 3, 6, 11, 12, 17, 20, 21, 22)
(1, 2, 3, 7, 8, 15, 16, 20, 21, 22)
(1, 2, 3, 7, 9, 14, 16, 20, 21, 22)
(1, 2, 3, 7, 10, 13, 16, 20, 21, 22)
(1, 2, 3, 7, 11, 12, 16, 20, 21, 22)
(1, 2, 3, 8, 9, 14, 15, 20, 21, 22)
(1, 2, 3, 8, 10, 13, 15, 20, 21, 22)
(1, 2, 3, 8, 11, 12, 15, 20, 21, 22)
(1, 2, 3, 9, 10, 13, 14, 20, 21, 22)
(1, 2, 3, 9, 11, 12, 14, 20, 21, 22)
(1, 2, 3, 10, 11, 12, 13, 20, 21, 22)
(1, 2, 4, 5, 6, 17, 18, 19, 21, 22)
(1, 2, 4, 5, 7, 16, 18, 19, 21, 22)
(1, 2, 4, 5, 8, 15, 18, 19, 21, 22)
(1, 2, 4, 5, 9, 14, 18, 19, 21, 22)
(1, 2, 4, 5, 10, 13, 18, 19, 21, 22)
(1, 2, 4, 5, 11, 12, 18, 19, 21, 22)
(1, 2, 4, 6, 7, 16, 17, 19, 21, 22)
(1, 2, 4, 6, 8, 15, 17, 19, 21, 22)
(1, 2, 4, 6, 9, 14, 17, 19, 21, 22)
(1, 2, 4, 6, 10, 13, 17, 19, 21, 22)
(1, 2, 4, 6, 11, 12, 17, 19, 21, 22)
(1, 2, 4, 7, 8, 15, 16, 19, 21, 22)
(1, 2, 4, 7, 9, 14, 16, 19, 21, 22)
(1, 2, 4, 7, 10, 13, 16, 19, 21, 22)
(1, 2, 4, 7, 11, 12, 16, 19, 21, 22)
(1, 2, 4, 8, 9, 14, 15, 19, 21, 22)
(1, 2, 4, 8, 10, 13, 15, 19, 21, 22)
(1, 2, 4, 8, 11, 12, 15, 19, 21, 22)
(1, 2, 4, 9, 10, 13, 14, 19, 21, 22)
(1, 2, 4, 9, 11, 12, 14, 19, 21, 22)
(1, 2, 4, 10, 11, 12, 13, 19, 21, 22)
(1, 2, 5, 6, 7, 16, 17, 18, 21, 22)
(1, 2, 5, 6, 8, 15, 17, 18, 21, 22)
(1, 2, 5, 6, 9, 14, 17, 18, 21, 22)
(1, 2, 5, 6, 10, 13, 17, 18, 21, 22)
(1, 2, 5, 6, 11, 12, 17, 18, 21, 22)
(1, 2, 5, 7, 8, 15, 16, 18, 21, 22)
(1, 2, 5, 7, 9, 14, 16, 18, 21, 22)
(1, 2, 5, 7, 10, 13, 16, 18, 21, 22)
(1, 2, 5, 7, 11, 12, 16, 18, 21, 22)
(1, 2, 5, 8, 9, 14, 15, 18, 21, 22)
(1, 2, 5, 8, 10, 13, 15, 18, 21, 22)
(1, 2, 5, 8, 11, 12, 15, 18, 21, 22)
(1, 2, 5, 9, 10, 13, 14, 18, 21, 22)
(1, 2, 5, 9, 11, 12, 14, 18, 21, 22)
(1, 2, 5, 10, 11, 12, 13, 18, 21, 22)
(1, 2, 6, 7, 8, 15, 16, 17, 21, 22)
(1, 2, 6, 7, 9, 14, 16, 17, 21, 22)
(1, 2, 6, 7, 10, 13, 16, 17, 21, 22)
(1, 2, 6, 7, 11, 12, 16, 17, 21, 22)
(1, 2, 6, 8, 9, 14, 15, 17, 21, 22)
(1, 2, 6, 8, 10, 13, 15, 17, 21, 22)
(1, 2, 6, 8, 11, 12, 15, 17, 21, 22)
(1, 2, 6, 9, 10, 13, 14, 17, 21, 22)
(1, 2, 6, 9, 11, 12, 14, 17, 21, 22)
(1, 2, 6, 10, 11, 12, 13, 17, 21, 22)
(1, 2, 7, 8, 9, 14, 15, 16, 21, 22)
(1, 2, 7, 8, 10, 13, 15, 16, 21, 22)
(1, 2, 7, 8, 11, 12, 15, 16, 21, 22)
(1, 2, 7, 9, 10, 13, 14, 16, 21, 22)
(1, 2, 7, 9, 11, 12, 14, 16, 21, 22)
(1, 2, 7, 10, 11, 12, 13, 16, 21, 22)
(1, 2, 8, 9, 10, 13, 14, 15, 21, 22)
(1, 2, 8, 9, 11, 12, 14, 15, 21, 22)
(1, 2, 8, 10, 11, 12, 13, 15, 21, 22)
(1, 2, 9, 10, 11, 12, 13, 14, 21, 22)
(1, 3, 4, 5, 6, 17, 18, 19, 20, 22)
(1, 3, 4, 5, 7, 16, 18, 19, 20, 22)
(1, 3, 4, 5, 8, 15, 18, 19, 20, 22)
(1, 3, 4, 5, 9, 14, 18, 19, 20, 22)
(1, 3, 4, 5, 10, 13, 18, 19, 20, 22)
(1, 3, 4, 5, 11, 12, 18, 19, 20, 22)
(1, 3, 4, 6, 7, 16, 17, 19, 20, 22)
(1, 3, 4, 6, 8, 15, 17, 19, 20, 22)
(1, 3, 4, 6, 9, 14, 17, 19, 20, 22)
(1, 3, 4, 6, 10, 13, 17, 19, 20, 22)
(1, 3, 4, 6, 11, 12, 17, 19, 20, 22)
(1, 3, 4, 7, 8, 15, 16, 19, 20, 22)
(1, 3, 4, 7, 9, 14, 16, 19, 20, 22)
(1, 3, 4, 7, 10, 13, 16, 19, 20, 22)
(1, 3, 4, 7, 11, 12, 16, 19, 20, 22)
(1, 3, 4, 8, 9, 14, 15, 19, 20, 22)
(1, 3, 4, 8, 10, 13, 15, 19, 20, 22)
(1, 3, 4, 8, 11, 12, 15, 19, 20, 22)
(1, 3, 4, 9, 10, 13, 14, 19, 20, 22)
(1, 3, 4, 9, 11, 12, 14, 19, 20, 22)
(1, 3, 4, 10, 11, 12, 13, 19, 20, 22)
(1, 3, 5, 6, 7, 16, 17, 18, 20, 22)
(1, 3, 5, 6, 8, 15, 17, 18, 20, 22)
(1, 3, 5, 6, 9, 14, 17, 18, 20, 22)
(1, 3, 5, 6, 10, 13, 17, 18, 20, 22)
(1, 3, 5, 6, 11, 12, 17, 18, 20, 22)
(1, 3, 5, 7, 8, 15, 16, 18, 20, 22)
(1, 3, 5, 7, 9, 14, 16, 18, 20, 22)
(1, 3, 5, 7, 10, 13, 16, 18, 20, 22)
(1, 3, 5, 7, 11, 12, 16, 18, 20, 22)
(1, 3, 5, 8, 9, 14, 15, 18, 20, 22)
(1, 3, 5, 8, 10, 13, 15, 18, 20, 22)
(1, 3, 5, 8, 11, 12, 15, 18, 20, 22)
(1, 3, 5, 9, 10, 13, 14, 18, 20, 22)
(1, 3, 5, 9, 11, 12, 14, 18, 20, 22)
(1, 3, 5, 10, 11, 12, 13, 18, 20, 22)
(1, 3, 6, 7, 8, 15, 16, 17, 20, 22)
(1, 3, 6, 7, 9, 14, 16, 17, 20, 22)
(1, 3, 6, 7, 10, 13, 16, 17, 20, 22)
(1, 3, 6, 7, 11, 12, 16, 17, 20, 22)
(1, 3, 6, 8, 9, 14, 15, 17, 20, 22)
(1, 3, 6, 8, 10, 13, 15, 17, 20, 22)
(1, 3, 6, 8, 11, 12, 15, 17, 20, 22)
(1, 3, 6, 9, 10, 13, 14, 17, 20, 22)
(1, 3, 6, 9, 11, 12, 14, 17, 20, 22)
(1, 3, 6, 10, 11, 12, 13, 17, 20, 22)
(1, 3, 7, 8, 9, 14, 15, 16, 20, 22)
(1, 3, 7, 8, 10, 13, 15, 16, 20, 22)
(1, 3, 7, 8, 11, 12, 15, 16, 20, 22)
(1, 3, 7, 9, 10, 13, 14, 16, 20, 22)
(1, 3, 7, 9, 11, 12, 14, 16, 20, 22)
(1, 3, 7, 10, 11, 12, 13, 16, 20, 22)
(1, 3, 8, 9, 10, 13, 14, 15, 20, 22)
(1, 3, 8, 9, 11, 12, 14, 15, 20, 22)
(1, 3, 8, 10, 11, 12, 13, 15, 20, 22)
(1, 3, 9, 10, 11, 12, 13, 14, 20, 22)
(1, 4, 5, 6, 7, 16, 17, 18, 19, 22)
(1, 4, 5, 6, 8, 15, 17, 18, 19, 22)
(1, 4, 5, 6, 9, 14, 17, 18, 19, 22)
(1, 4, 5, 6, 10, 13, 17, 18, 19, 22)
(1, 4, 5, 6, 11, 12, 17, 18, 19, 22)
(1, 4, 5, 7, 8, 15, 16, 18, 19, 22)
(1, 4, 5, 7, 9, 14, 16, 18, 19, 22)
(1, 4, 5, 7, 10, 13, 16, 18, 19, 22)
(1, 4, 5, 7, 11, 12, 16, 18, 19, 22)
(1, 4, 5, 8, 9, 14, 15, 18, 19, 22)
(1, 4, 5, 8, 10, 13, 15, 18, 19, 22)
(1, 4, 5, 8, 11, 12, 15, 18, 19, 22)
(1, 4, 5, 9, 10, 13, 14, 18, 19, 22)
(1, 4, 5, 9, 11, 12, 14, 18, 19, 22)
(1, 4, 5, 10, 11, 12, 13, 18, 19, 22)
(1, 4, 6, 7, 8, 15, 16, 17, 19, 22)
(1, 4, 6, 7, 9, 14, 16, 17, 19, 22)
(1, 4, 6, 7, 10, 13, 16, 17, 19, 22)
(1, 4, 6, 7, 11, 12, 16, 17, 19, 22)
(1, 4, 6, 8, 9, 14, 15, 17, 19, 22)
(1, 4, 6, 8, 10, 13, 15, 17, 19, 22)
(1, 4, 6, 8, 11, 12, 15, 17, 19, 22)
(1, 4, 6, 9, 10, 13, 14, 17, 19, 22)
(1, 4, 6, 9, 11, 12, 14, 17, 19, 22)
(1, 4, 6, 10, 11, 12, 13, 17, 19, 22)
(1, 4, 7, 8, 9, 14, 15, 16, 19, 22)
(1, 4, 7, 8, 10, 13, 15, 16, 19, 22)
(1, 4, 7, 8, 11, 12, 15, 16, 19, 22)
(1, 4, 7, 9, 10, 13, 14, 16, 19, 22)
(1, 4, 7, 9, 11, 12, 14, 16, 19, 22)
(1, 4, 7, 10, 11, 12, 13, 16, 19, 22)
(1, 4, 8, 9, 10, 13, 14, 15, 19, 22)
(1, 4, 8, 9, 11, 12, 14, 15, 19, 22)
(1, 4, 8, 10, 11, 12, 13, 15, 19, 22)
(1, 4, 9, 10, 11, 12, 13, 14, 19, 22)
(1, 5, 6, 7, 8, 15, 16, 17, 18, 22)
(1, 5, 6, 7, 9, 14, 16, 17, 18, 22)
(1, 5, 6, 7, 10, 13, 16, 17, 18, 22)
(1, 5, 6, 7, 11, 12, 16, 17, 18, 22)
(1, 5, 6, 8, 9, 14, 15, 17, 18, 22)
(1, 5, 6, 8, 10, 13, 15, 17, 18, 22)
(1, 5, 6, 8, 11, 12, 15, 17, 18, 22)
(1, 5, 6, 9, 10, 13, 14, 17, 18, 22)
(1, 5, 6, 9, 11, 12, 14, 17, 18, 22)
(1, 5, 6, 10, 11, 12, 13, 17, 18, 22)
(1, 5, 7, 8, 9, 14, 15, 16, 18, 22)
(1, 5, 7, 8, 10, 13, 15, 16, 18, 22)
(1, 5, 7, 8, 11, 12, 15, 16, 18, 22)
(1, 5, 7, 9, 10, 13, 14, 16, 18, 22)
(1, 5, 7, 9, 11, 12, 14, 16, 18, 22)
(1, 5, 7, 10, 11, 12, 13, 16, 18, 22)
(1, 5, 8, 9, 10, 13, 14, 15, 18, 22)
(1, 5, 8, 9, 11, 12, 14, 15, 18, 22)
(1, 5, 8, 10, 11, 12, 13, 15, 18, 22)
(1, 5, 9, 10, 11, 12, 13, 14, 18, 22)
(1, 6, 7, 8, 9, 14, 15, 16, 17, 22)
(1, 6, 7, 8, 10, 13, 15, 16, 17, 22)
(1, 6, 7, 8, 11, 12, 15, 16, 17, 22)
(1, 6, 7, 9, 10, 13, 14, 16, 17, 22)
(1, 6, 7, 9, 11, 12, 14, 16, 17, 22)
(1, 6, 7, 10, 11, 12, 13, 16, 17, 22)
(1, 6, 8, 9, 10, 13, 14, 15, 17, 22)
(1, 6, 8, 9, 11, 12, 14, 15, 17, 22)
(1, 6, 8, 10, 11, 12, 13, 15, 17, 22)
(1, 6, 9, 10, 11, 12, 13, 14, 17, 22)
(1, 7, 8, 9, 10, 13, 14, 15, 16, 22)
(1, 7, 8, 9, 11, 12, 14, 15, 16, 22)
(1, 7, 8, 10, 11, 12, 13, 15, 16, 22)
(1, 7, 9, 10, 11, 12, 13, 14, 16, 22)
(1, 8, 9, 10, 11, 12, 13, 14, 15, 22)
(2, 3, 4, 5, 6, 17, 18, 19, 20, 21)
(2, 3, 4, 5, 7, 16, 18, 19, 20, 21)
(2, 3, 4, 5, 8, 15, 18, 19, 20, 21)
(2, 3, 4, 5, 9, 14, 18, 19, 20, 21)
(2, 3, 4, 5, 10, 13, 18, 19, 20, 21)
(2, 3, 4, 5, 11, 12, 18, 19, 20, 21)
(2, 3, 4, 6, 7, 16, 17, 19, 20, 21)
(2, 3, 4, 6, 8, 15, 17, 19, 20, 21)
(2, 3, 4, 6, 9, 14, 17, 19, 20, 21)
(2, 3, 4, 6, 10, 13, 17, 19, 20, 21)
(2, 3, 4, 6, 11, 12, 17, 19, 20, 21)
(2, 3, 4, 7, 8, 15, 16, 19, 20, 21)
(2, 3, 4, 7, 9, 14, 16, 19, 20, 21)
(2, 3, 4, 7, 10, 13, 16, 19, 20, 21)
(2, 3, 4, 7, 11, 12, 16, 19, 20, 21)
(2, 3, 4, 8, 9, 14, 15, 19, 20, 21)
(2, 3, 4, 8, 10, 13, 15, 19, 20, 21)
(2, 3, 4, 8, 11, 12, 15, 19, 20, 21)
(2, 3, 4, 9, 10, 13, 14, 19, 20, 21)
(2, 3, 4, 9, 11, 12, 14, 19, 20, 21)
(2, 3, 4, 10, 11, 12, 13, 19, 20, 21)
(2, 3, 5, 6, 7, 16, 17, 18, 20, 21)
(2, 3, 5, 6, 8, 15, 17, 18, 20, 21)
(2, 3, 5, 6, 9, 14, 17, 18, 20, 21)
(2, 3, 5, 6, 10, 13, 17, 18, 20, 21)
(2, 3, 5, 6, 11, 12, 17, 18, 20, 21)
(2, 3, 5, 7, 8, 15, 16, 18, 20, 21)
(2, 3, 5, 7, 9, 14, 16, 18, 20, 21)
(2, 3, 5, 7, 10, 13, 16, 18, 20, 21)
(2, 3, 5, 7, 11, 12, 16, 18, 20, 21)
(2, 3, 5, 8, 9, 14, 15, 18, 20, 21)
(2, 3, 5, 8, 10, 13, 15, 18, 20, 21)
(2, 3, 5, 8, 11, 12, 15, 18, 20, 21)
(2, 3, 5, 9, 10, 13, 14, 18, 20, 21)
(2, 3, 5, 9, 11, 12, 14, 18, 20, 21)
(2, 3, 5, 10, 11, 12, 13, 18, 20, 21)
(2, 3, 6, 7, 8, 15, 16, 17, 20, 21)
(2, 3, 6, 7, 9, 14, 16, 17, 20, 21)
(2, 3, 6, 7, 10, 13, 16, 17, 20, 21)
(2, 3, 6, 7, 11, 12, 16, 17, 20, 21)
(2, 3, 6, 8, 9, 14, 15, 17, 20, 21)
(2, 3, 6, 8, 10, 13, 15, 17, 20, 21)
(2, 3, 6, 8, 11, 12, 15, 17, 20, 21)
(2, 3, 6, 9, 10, 13, 14, 17, 20, 21)
(2, 3, 6, 9, 11, 12, 14, 17, 20, 21)
(2, 3, 6, 10, 11, 12, 13, 17, 20, 21)
(2, 3, 7, 8, 9, 14, 15, 16, 20, 21)
(2, 3, 7, 8, 10, 13, 15, 16, 20, 21)
(2, 3, 7, 8, 11, 12, 15, 16, 20, 21)
(2, 3, 7, 9, 10, 13, 14, 16, 20, 21)
(2, 3, 7, 9, 11, 12, 14, 16, 20, 21)
(2, 3, 7, 10, 11, 12, 13, 16, 20, 21)
(2, 3, 8, 9, 10, 13, 14, 15, 20, 21)
(2, 3, 8, 9, 11, 12, 14, 15, 20, 21)
(2, 3, 8, 10, 11, 12, 13, 15, 20, 21)
(2, 3, 9, 10, 11, 12, 13, 14, 20, 21)
(2, 4, 5, 6, 7, 16, 17, 18, 19, 21)
(2, 4, 5, 6, 8, 15, 17, 18, 19, 21)
(2, 4, 5, 6, 9, 14, 17, 18, 19, 21)
(2, 4, 5, 6, 10, 13, 17, 18, 19, 21)
(2, 4, 5, 6, 11, 12, 17, 18, 19, 21)
(2, 4, 5, 7, 8, 15, 16, 18, 19, 21)
(2, 4, 5, 7, 9, 14, 16, 18, 19, 21)
(2, 4, 5, 7, 10, 13, 16, 18, 19, 21)
(2, 4, 5, 7, 11, 12, 16, 18, 19, 21)
(2, 4, 5, 8, 9, 14, 15, 18, 19, 21)
(2, 4, 5, 8, 10, 13, 15, 18, 19, 21)
(2, 4, 5, 8, 11, 12, 15, 18, 19, 21)
(2, 4, 5, 9, 10, 13, 14, 18, 19, 21)
(2, 4, 5, 9, 11, 12, 14, 18, 19, 21)
(2, 4, 5, 10, 11, 12, 13, 18, 19, 21)
(2, 4, 6, 7, 8, 15, 16, 17, 19, 21)
(2, 4, 6, 7, 9, 14, 16, 17, 19, 21)
(2, 4, 6, 7, 10, 13, 16, 17, 19, 21)
(2, 4, 6, 7, 11, 12, 16, 17, 19, 21)
(2, 4, 6, 8, 9, 14, 15, 17, 19, 21)
(2, 4, 6, 8, 10, 13, 15, 17, 19, 21)
(2, 4, 6, 8, 11, 12, 15, 17, 19, 21)
(2, 4, 6, 9, 10, 13, 14, 17, 19, 21)
(2, 4, 6, 9, 11, 12, 14, 17, 19, 21)
(2, 4, 6, 10, 11, 12, 13, 17, 19, 21)
(2, 4, 7, 8, 9, 14, 15, 16, 19, 21)
(2, 4, 7, 8, 10, 13, 15, 16, 19, 21)
(2, 4, 7, 8, 11, 12, 15, 16, 19, 21)
(2, 4, 7, 9, 10, 13, 14, 16, 19, 21)
(2, 4, 7, 9, 11, 12, 14, 16, 19, 21)
(2, 4, 7, 10, 11, 12, 13, 16, 19, 21)
(2, 4, 8, 9, 10, 13, 14, 15, 19, 21)
(2, 4, 8, 9, 11, 12, 14, 15, 19, 21)
(2, 4, 8, 10, 11, 12, 13, 15, 19, 21)
(2, 4, 9, 10, 11, 12, 13, 14, 19, 21)
(2, 5, 6, 7, 8, 15, 16, 17, 18, 21)
(2, 5, 6, 7, 9, 14, 16, 17, 18, 21)
(2, 5, 6, 7, 10, 13, 16, 17, 18, 21)
(2, 5, 6, 7, 11, 12, 16, 17, 18, 21)
(2, 5, 6, 8, 9, 14, 15, 17, 18, 21)
(2, 5, 6, 8, 10, 13, 15, 17, 18, 21)
(2, 5, 6, 8, 11, 12, 15, 17, 18, 21)
(2, 5, 6, 9, 10, 13, 14, 17, 18, 21)
(2, 5, 6, 9, 11, 12, 14, 17, 18, 21)
(2, 5, 6, 10, 11, 12, 13, 17, 18, 21)
(2, 5, 7, 8, 9, 14, 15, 16, 18, 21)
(2, 5, 7, 8, 10, 13, 15, 16, 18, 21)
(2, 5, 7, 8, 11, 12, 15, 16, 18, 21)
(2, 5, 7, 9, 10, 13, 14, 16, 18, 21)
(2, 5, 7, 9, 11, 12, 14, 16, 18, 21)
(2, 5, 7, 10, 11, 12, 13, 16, 18, 21)
(2, 5, 8, 9, 10, 13, 14, 15, 18, 21)
(2, 5, 8, 9, 11, 12, 14, 15, 18, 21)
(2, 5, 8, 10, 11, 12, 13, 15, 18, 21)
(2, 5, 9, 10, 11, 12, 13, 14, 18, 21)
(2, 6, 7, 8, 9, 14, 15, 16, 17, 21)
(2, 6, 7, 8, 10, 13, 15, 16, 17, 21)
(2, 6, 7, 8, 11, 12, 15, 16, 17, 21)
(2, 6, 7, 9, 10, 13, 14, 16, 17, 21)
(2, 6, 7, 9, 11, 12, 14, 16, 17, 21)
(2, 6, 7, 10, 11, 12, 13, 16, 17, 21)
(2, 6, 8, 9, 10, 13, 14, 15, 17, 21)
(2, 6, 8, 9, 11, 12, 14, 15, 17, 21)
(2, 6, 8, 10, 11, 12, 13, 15, 17, 21)
(2, 6, 9, 10, 11, 12, 13, 14, 17, 21)
(2, 7, 8, 9, 10, 13, 14, 15, 16, 21)
(2, 7, 8, 9, 11, 12, 14, 15, 16, 21)
(2, 7, 8, 10, 11, 12, 13, 15, 16, 21)
(2, 7, 9, 10, 11, 12, 13, 14, 16, 21)
(2, 8, 9, 10, 11, 12, 13, 14, 15, 21)
(3, 4, 5, 6, 7, 16, 17, 18, 19, 20)
(3, 4, 5, 6, 8, 15, 17, 18, 19, 20)
(3, 4, 5, 6, 9, 14, 17, 18, 19, 20)
(3, 4, 5, 6, 10, 13, 17, 18, 19, 20)
(3, 4, 5, 6, 11, 12, 17, 18, 19, 20)
(3, 4, 5, 7, 8, 15, 16, 18, 19, 20)
(3, 4, 5, 7, 9, 14, 16, 18, 19, 20)
(3, 4, 5, 7, 10, 13, 16, 18, 19, 20)
(3, 4, 5, 7, 11, 12, 16, 18, 19, 20)
(3, 4, 5, 8, 9, 14, 15, 18, 19, 20)
(3, 4, 5, 8, 10, 13, 15, 18, 19, 20)
(3, 4, 5, 8, 11, 12, 15, 18, 19, 20)
(3, 4, 5, 9, 10, 13, 14, 18, 19, 20)
(3, 4, 5, 9, 11, 12, 14, 18, 19, 20)
(3, 4, 5, 10, 11, 12, 13, 18, 19, 20)
(3, 4, 6, 7, 8, 15, 16, 17, 19, 20)
(3, 4, 6, 7, 9, 14, 16, 17, 19, 20)
(3, 4, 6, 7, 10, 13, 16, 17, 19, 20)
(3, 4, 6, 7, 11, 12, 16, 17, 19, 20)
(3, 4, 6, 8, 9, 14, 15, 17, 19, 20)
(3, 4, 6, 8, 10, 13, 15, 17, 19, 20)
(3, 4, 6, 8, 11, 12, 15, 17, 19, 20)
(3, 4, 6, 9, 10, 13, 14, 17, 19, 20)
(3, 4, 6, 9, 11, 12, 14, 17, 19, 20)
(3, 4, 6, 10, 11, 12, 13, 17, 19, 20)
(3, 4, 7, 8, 9, 14, 15, 16, 19, 20)
(3, 4, 7, 8, 10, 13, 15, 16, 19, 20)
(3, 4, 7, 8, 11, 12, 15, 16, 19, 20)
(3, 4, 7, 9, 10, 13, 14, 16, 19, 20)
(3, 4, 7, 9, 11, 12, 14, 16, 19, 20)
(3, 4, 7, 10, 11, 12, 13, 16, 19, 20)
(3, 4, 8, 9, 10, 13, 14, 15, 19, 20)
(3, 4, 8, 9, 11, 12, 14, 15, 19, 20)
(3, 4, 8, 10, 11, 12, 13, 15, 19, 20)
(3, 4, 9, 10, 11, 12, 13, 14, 19, 20)
(3, 5, 6, 7, 8, 15, 16, 17, 18, 20)
(3, 5, 6, 7, 9, 14, 16, 17, 18, 20)
(3, 5, 6, 7, 10, 13, 16, 17, 18, 20)
(3, 5, 6, 7, 11, 12, 16, 17, 18, 20)
(3, 5, 6, 8, 9, 14, 15, 17, 18, 20)
(3, 5, 6, 8, 10, 13, 15, 17, 18, 20)
(3, 5, 6, 8, 11, 12, 15, 17, 18, 20)
(3, 5, 6, 9, 10, 13, 14, 17, 18, 20)
(3, 5, 6, 9, 11, 12, 14, 17, 18, 20)
(3, 5, 6, 10, 11, 12, 13, 17, 18, 20)
(3, 5, 7, 8, 9, 14, 15, 16, 18, 20)
(3, 5, 7, 8, 10, 13, 15, 16, 18, 20)
(3, 5, 7, 8, 11, 12, 15, 16, 18, 20)
(3, 5, 7, 9, 10, 13, 14, 16, 18, 20)
(3, 5, 7, 9, 11, 12, 14, 16, 18, 20)
(3, 5, 7, 10, 11, 12, 13, 16, 18, 20)
(3, 5, 8, 9, 10, 13, 14, 15, 18, 20)
(3, 5, 8, 9, 11, 12, 14, 15, 18, 20)
(3, 5, 8, 10, 11, 12, 13, 15, 18, 20)
(3, 5, 9, 10, 11, 12, 13, 14, 18, 20)
(3, 6, 7, 8, 9, 14, 15, 16, 17, 20)
(3, 6, 7, 8, 10, 13, 15, 16, 17, 20)
(3, 6, 7, 8, 11, 12, 15, 16, 17, 20)
(3, 6, 7, 9, 10, 13, 14, 16, 17, 20)
(3, 6, 7, 9, 11, 12, 14, 16, 17, 20)
(3, 6, 7, 10, 11, 12, 13, 16, 17, 20)
(3, 6, 8, 9, 10, 13, 14, 15, 17, 20)
(3, 6, 8, 9, 11, 12, 14, 15, 17, 20)
(3, 6, 8, 10, 11, 12, 13, 15, 17, 20)
(3, 6, 9, 10, 11, 12, 13, 14, 17, 20)
(3, 7, 8, 9, 10, 13, 14, 15, 16, 20)
(3, 7, 8, 9, 11, 12, 14, 15, 16, 20)
(3, 7, 8, 10, 11, 12, 13, 15, 16, 20)
(3, 7, 9, 10, 11, 12, 13, 14, 16, 20)
(3, 8, 9, 10, 11, 12, 13, 14, 15, 20)
(4, 5, 6, 7, 8, 15, 16, 17, 18, 19)
(4, 5, 6, 7, 9, 14, 16, 17, 18, 19)
(4, 5, 6, 7, 10, 13, 16, 17, 18, 19)
(4, 5, 6, 7, 11, 12, 16, 17, 18, 19)
(4, 5, 6, 8, 9, 14, 15, 17, 18, 19)
(4, 5, 6, 8, 10, 13, 15, 17, 18, 19)
(4, 5, 6, 8, 11, 12, 15, 17, 18, 19)
(4, 5, 6, 9, 10, 13, 14, 17, 18, 19)
(4, 5, 6, 9, 11, 12, 14, 17, 18, 19)
(4, 5, 6, 10, 11, 12, 13, 17, 18, 19)
(4, 5, 7, 8, 9, 14, 15, 16, 18, 19)
(4, 5, 7, 8, 10, 13, 15, 16, 18, 19)
(4, 5, 7, 8, 11, 12, 15, 16, 18, 19)
(4, 5, 7, 9, 10, 13, 14, 16, 18, 19)
(4, 5, 7, 9, 11, 12, 14, 16, 18, 19)
(4, 5, 7, 10, 11, 12, 13, 16, 18, 19)
(4, 5, 8, 9, 10, 13, 14, 15, 18, 19)
(4, 5, 8, 9, 11, 12, 14, 15, 18, 19)
(4, 5, 8, 10, 11, 12, 13, 15, 18, 19)
(4, 5, 9, 10, 11, 12, 13, 14, 18, 19)
(4, 6, 7, 8, 9, 14, 15, 16, 17, 19)
(4, 6, 7, 8, 10, 13, 15, 16, 17, 19)
(4, 6, 7, 8, 11, 12, 15, 16, 17, 19)
(4, 6, 7, 9, 10, 13, 14, 16, 17, 19)
(4, 6, 7, 9, 11, 12, 14, 16, 17, 19)
(4, 6, 7, 10, 11, 12, 13, 16, 17, 19)
(4, 6, 8, 9, 10, 13, 14, 15, 17, 19)
(4, 6, 8, 9, 11, 12, 14, 15, 17, 19)
(4, 6, 8, 10, 11, 12, 13, 15, 17, 19)
(4, 6, 9, 10, 11, 12, 13, 14, 17, 19)
(4, 7, 8, 9, 10, 13, 14, 15, 16, 19)
(4, 7, 8, 9, 11, 12, 14, 15, 16, 19)
(4, 7, 8, 10, 11, 12, 13, 15, 16, 19)
(4, 7, 9, 10, 11, 12, 13, 14, 16, 19)
(4, 8, 9, 10, 11, 12, 13, 14, 15, 19)
(5, 6, 7, 8, 9, 14, 15, 16, 17, 18)
(5, 6, 7, 8, 10, 13, 15, 16, 17, 18)
(5, 6, 7, 8, 11, 12, 15, 16, 17, 18)
(5, 6, 7, 9, 10, 13, 14, 16, 17, 18)
(5, 6, 7, 9, 11, 12, 14, 16, 17, 18)
(5, 6, 7, 10, 11, 12, 13, 16, 17, 18)
(5, 6, 8, 9, 10, 13, 14, 15, 17, 18)
(5, 6, 8, 9, 11, 12, 14, 15, 17, 18)
(5, 6, 8, 10, 11, 12, 13, 15, 17, 18)
(5, 6, 9, 10, 11, 12, 13, 14, 17, 18)
(5, 7, 8, 9, 10, 13, 14, 15, 16, 18)
(5, 7, 8, 9, 11, 12, 14, 15, 16, 18)
(5, 7, 8, 10, 11, 12, 13, 15, 16, 18)
(5, 7, 9, 10, 11, 12, 13, 14, 16, 18)
(5, 8, 9, 10, 11, 12, 13, 14, 15, 18)
(6, 7, 8, 9, 10, 13, 14, 15, 16, 17)
(6, 7, 8, 9, 11, 12, 14, 15, 16, 17)
(6, 7, 8, 10, 11, 12, 13, 15, 16, 17)
(6, 7, 9, 10, 11, 12, 13, 14, 16, 17)
(6, 8, 9, 10, 11, 12, 13, 14, 15, 17)
(7, 8, 9, 10, 11, 12, 13, 14, 15, 16)
}

Print all_are_pairs (contains 462 tuples): {
(3, 6, 7, 8, 10, 13, 15, 16, 17, 20)
(1, 2, 7, 8, 11, 12, 15, 16, 21, 22)
(1, 3, 4, 6, 10, 13, 17, 19, 20, 22)
(1, 3, 5, 9, 10, 13, 14, 18, 20, 22)
(1, 4, 5, 8, 11, 12, 15, 18, 19, 22)
(1, 4, 8, 9, 10, 13, 14, 15, 19, 22)
(1, 5, 8, 10, 11, 12, 13, 15, 18, 22)
(1, 3, 5, 7, 11, 12, 16, 18, 20, 22)
(1, 2, 3, 5, 7, 16, 18, 20, 21, 22)
(2, 3, 6, 8, 9, 14, 15, 17, 20, 21)
(1, 3, 6, 7, 10, 13, 16, 17, 20, 22)
(3, 5, 7, 8, 11, 12, 15, 16, 18, 20)
(3, 8, 9, 10, 11, 12, 13, 14, 15, 20)
(6, 7, 9, 10, 11, 12, 13, 14, 16, 17)
(2, 3, 7, 8, 9, 14, 15, 16, 20, 21)
(1, 3, 9, 10, 11, 12, 13, 14, 20, 22)
(4, 5, 7, 8, 11, 12, 15, 16, 18, 19)
(6, 7, 8, 10, 11, 12, 13, 15, 16, 17)
(5, 7, 8, 10, 11, 12, 13, 15, 16, 18)
(1, 2, 7, 9, 10, 13, 14, 16, 21, 22)
(1, 4, 6, 7, 10, 13, 16, 17, 19, 22)
(1, 5, 7, 10, 11, 12, 13, 16, 18, 22)
(4, 5, 6, 7, 11, 12, 16, 17, 18, 19)
(4, 6, 8, 9, 11, 12, 14, 15, 17, 19)
(2, 3, 4, 8, 11, 12, 15, 19, 20, 21)
(1, 2, 3, 9, 10, 13, 14, 20, 21, 22)
(1, 4, 5, 9, 10, 13, 14, 18, 19, 22)
(1, 4, 5, 6, 9, 14, 17, 18, 19, 22)
(2, 6, 7, 9, 10, 13, 14, 16, 17, 21)
(3, 5, 7, 9, 10, 13, 14, 16, 18, 20)
(3, 5, 6, 7, 9, 14, 16, 17, 18, 20)
(1, 2, 4, 9, 11, 12, 14, 19, 21, 22)
(1, 4, 6, 8, 9, 14, 15, 17, 19, 22)
(2, 6, 7, 10, 11, 12, 13, 16, 17, 21)
(4, 6, 7, 8, 10, 13, 15, 16, 17, 19)
(1, 5, 7, 9, 10, 13, 14, 16, 18, 22)
(1, 4, 6, 8, 10, 13, 15, 17, 19, 22)
(2, 5, 8, 9, 10, 13, 14, 15, 18, 21)
(1, 2, 5, 6, 11, 12, 17, 18, 21, 22)
(1, 6, 8, 9, 10, 13, 14, 15, 17, 22)
(2, 5, 6, 8, 9, 14, 15, 17, 18, 21)
(1, 5, 6, 7, 8, 15, 16, 17, 18, 22)
(1, 2, 3, 6, 9, 14, 17, 20, 21, 22)
(3, 4, 8, 9, 11, 12, 14, 15, 19, 20)
(1, 2, 4, 6, 10, 13, 17, 19, 21, 22)
(6, 7, 8, 9, 11, 12, 14, 15, 16, 17)
(1, 6, 8, 9, 11, 12, 14, 15, 17, 22)
(2, 4, 5, 6, 10, 13, 17, 18, 19, 21)
(1, 2, 4, 10, 11, 12, 13, 19, 21, 22)
(2, 5, 6, 10, 11, 12, 13, 17, 18, 21)
(3, 4, 5, 10, 11, 12, 13, 18, 19, 20)
(1, 3, 7, 8, 11, 12, 15, 16, 20, 22)
(1, 5, 8, 9, 11, 12, 14, 15, 18, 22)
(1, 7, 8, 9, 10, 13, 14, 15, 16, 22)
(2, 3, 4, 7, 10, 13, 16, 19, 20, 21)
(4, 5, 6, 8, 10, 13, 15, 17, 18, 19)
(2, 3, 4, 7, 11, 12, 16, 19, 20, 21)
(2, 4, 8, 10, 11, 12, 13, 15, 19, 21)
(1, 5, 6, 7, 10, 13, 16, 17, 18, 22)
(1, 2, 4, 6, 11, 12, 17, 19, 21, 22)
(2, 4, 5, 6, 9, 14, 17, 18, 19, 21)
(1, 2, 4, 5, 10, 13, 18, 19, 21, 22)
(2, 4, 6, 8, 9, 14, 15, 17, 19, 21)
(2, 3, 4, 5, 9, 14, 18, 19, 20, 21)
(3, 5, 8, 10, 11, 12, 13, 15, 18, 20)
(1, 2, 3, 6, 11, 12, 17, 20, 21, 22)
(2, 6, 7, 8, 9, 14, 15, 16, 17, 21)
(1, 4, 5, 10, 11, 12, 13, 18, 19, 22)
(2, 4, 7, 8, 11, 12, 15, 16, 19, 21)
(2, 5, 7, 8, 11, 12, 15, 16, 18, 21)
(2, 5, 6, 8, 11, 12, 15, 17, 18, 21)
(1, 2, 4, 8, 9, 14, 15, 19, 21, 22)
(2, 3, 4, 7, 9, 14, 16, 19, 20, 21)
(3, 5, 7, 8, 9, 14, 15, 16, 18, 20)
(2, 4, 8, 9, 11, 12, 14, 15, 19, 21)
(1, 4, 6, 9, 11, 12, 14, 17, 19, 22)
(1, 3, 4, 5, 11, 12, 18, 19, 20, 22)
(1, 3, 5, 10, 11, 12, 13, 18, 20, 22)
(2, 3, 4, 8, 9, 14, 15, 19, 20, 21)
(1, 2, 5, 10, 11, 12, 13, 18, 21, 22)
(1, 2, 4, 5, 11, 12, 18, 19, 21, 22)
(2, 3, 6, 8, 10, 13, 15, 17, 20, 21)
(2, 5, 6, 7, 11, 12, 16, 17, 18, 21)
(2, 3, 6, 7, 8, 15, 16, 17, 20, 21)
(4, 5, 7, 9, 11, 12, 14, 16, 18, 19)
(4, 6, 7, 9, 10, 13, 14, 16, 17, 19)
(1, 2, 3, 7, 9, 14, 16, 20, 21, 22)
(1, 2, 8, 9, 10, 13, 14, 15, 21, 22)
(3, 4, 8, 10, 11, 12, 13, 15, 19, 20)
(2, 3, 5, 6, 11, 12, 17, 18, 20, 21)
(4, 6, 8, 9, 10, 13, 14, 15, 17, 19)
(1, 3, 8, 9, 10, 13, 14, 15, 20, 22)
(2, 3, 4, 6, 11, 12, 17, 19, 20, 21)
(1, 5, 6, 10, 11, 12, 13, 17, 18, 22)
(1, 4, 7, 10, 11, 12, 13, 16, 19, 22)
(4, 6, 9, 10, 11, 12, 13, 14, 17, 19)
(3, 4, 9, 10, 11, 12, 13, 14, 19, 20)
(1, 3, 4, 5, 10, 13, 18, 19, 20, 22)
(2, 4, 6, 10, 11, 12, 13, 17, 19, 21)
(1, 2, 3, 7, 11, 12, 16, 20, 21, 22)
(2, 5, 7, 9, 11, 12, 14, 16, 18, 21)
(1, 3, 4, 7, 8, 15, 16, 19, 20, 22)
(1, 3, 6, 10, 11, 12, 13, 17, 20, 22)
(4, 7, 8, 10, 11, 12, 13, 15, 16, 19)
(3, 4, 5, 6, 8, 15, 17, 18, 19, 20)
(2, 5, 9, 10, 11, 12, 13, 14, 18, 21)
(2, 3, 6, 9, 10, 13, 14, 17, 20, 21)
(1, 6, 7, 9, 10, 13, 14, 16, 17, 22)
(1, 2, 6, 8, 11, 12, 15, 17, 21, 22)
(1, 2, 4, 5, 9, 14, 18, 19, 21, 22)
(2, 4, 6, 7, 10, 13, 16, 17, 19, 21)
(5, 8, 9, 10, 11, 12, 13, 14, 15, 18)
(2, 6, 7, 8, 10, 13, 15, 16, 17, 21)
(1, 2, 5, 9, 11, 12, 14, 18, 21, 22)
(1, 5, 7, 8, 10, 13, 15, 16, 18, 22)
(2, 3, 4, 6, 8, 15, 17, 19, 20, 21)
(2, 3, 4, 9, 11, 12, 14, 19, 20, 21)
(1, 2, 4, 6, 7, 16, 17, 19, 21, 22)
(1, 2, 5, 7, 8, 15, 16, 18, 21, 22)
(3, 7, 8, 9, 10, 13, 14, 15, 16, 20)
(2, 3, 5, 7, 9, 14, 16, 18, 20, 21)
(2, 4, 7, 9, 10, 13, 14, 16, 19, 21)
(2, 5, 6, 8, 10, 13, 15, 17, 18, 21)
(2, 4, 7, 8, 10, 13, 15, 16, 19, 21)
(3, 6, 7, 9, 10, 13, 14, 16, 17, 20)
(1, 3, 6, 7, 8, 15, 16, 17, 20, 22)
(2, 3, 6, 7, 9, 14, 16, 17, 20, 21)
(4, 7, 8, 9, 11, 12, 14, 15, 16, 19)
(2, 3, 6, 8, 11, 12, 15, 17, 20, 21)
(1, 3, 5, 9, 11, 12, 14, 18, 20, 22)
(3, 4, 6, 8, 10, 13, 15, 17, 19, 20)
(1, 2, 5, 8, 11, 12, 15, 18, 21, 22)
(4, 6, 7, 9, 11, 12, 14, 16, 17, 19)
(1, 3, 4, 5, 8, 15, 18, 19, 20, 22)
(2, 4, 5, 8, 10, 13, 15, 18, 19, 21)
(2, 3, 4, 7, 8, 15, 16, 19, 20, 21)
(2, 4, 7, 9, 11, 12, 14, 16, 19, 21)
(1, 3, 5, 7, 8, 15, 16, 18, 20, 22)
(1, 3, 4, 7, 10, 13, 16, 19, 20, 22)
(2, 3, 4, 5, 6, 17, 18, 19, 20, 21)
(3, 4, 6, 7, 10, 13, 16, 17, 19, 20)
(1, 4, 7, 8, 9, 14, 15, 16, 19, 22)
(2, 3, 7, 8, 10, 13, 15, 16, 20, 21)
(5, 7, 8, 9, 11, 12, 14, 15, 16, 18)
(1, 2, 5, 8, 10, 13, 15, 18, 21, 22)
(1, 3, 5, 6, 11, 12, 17, 18, 20, 22)
(1, 2, 8, 10, 11, 12, 13, 15, 21, 22)
(1, 6, 8, 10, 11, 12, 13, 15, 17, 22)
(3, 6, 7, 8, 9, 14, 15, 16, 17, 20)
(1, 2, 3, 4, 7, 16, 19, 20, 21, 22)
(1, 2, 6, 7, 8, 15, 16, 17, 21, 22)
(1, 3, 5, 8, 11, 12, 15, 18, 20, 22)
(2, 3, 4, 5, 11, 12, 18, 19, 20, 21)
(2, 3, 5, 8, 9, 14, 15, 18, 20, 21)
(1, 2, 5, 8, 9, 14, 15, 18, 21, 22)
(1, 2, 3, 6, 10, 13, 17, 20, 21, 22)
(1, 2, 7, 10, 11, 12, 13, 16, 21, 22)
(1, 5, 7, 8, 11, 12, 15, 16, 18, 22)
(4, 6, 7, 10, 11, 12, 13, 16, 17, 19)
(1, 3, 6, 8, 9, 14, 15, 17, 20, 22)
(1, 6, 7, 10, 11, 12, 13, 16, 17, 22)
(2, 4, 6, 8, 11, 12, 15, 17, 19, 21)
(1, 4, 5, 8, 10, 13, 15, 18, 19, 22)
(2, 4, 5, 9, 10, 13, 14, 18, 19, 21)
(5, 6, 7, 8, 9, 14, 15, 16, 17, 18)
(2, 5, 7, 9, 10, 13, 14, 16, 18, 21)
(2, 6, 8, 9, 11, 12, 14, 15, 17, 21)
(1, 2, 9, 10, 11, 12, 13, 14, 21, 22)
(1, 4, 7, 9, 11, 12, 14, 16, 19, 22)
(2, 7, 8, 9, 10, 13, 14, 15, 16, 21)
(1, 3, 4, 8, 11, 12, 15, 19, 20, 22)
(1, 4, 7, 8, 10, 13, 15, 16, 19, 22)
(2, 3, 4, 6, 9, 14, 17, 19, 20, 21)
(1, 4, 5, 9, 11, 12, 14, 18, 19, 22)
(1, 2, 3, 8, 10, 13, 15, 20, 21, 22)
(1, 3, 5, 7, 9, 14, 16, 18, 20, 22)
(1, 2, 3, 5, 9, 14, 18, 20, 21, 22)
(1, 3, 4, 8, 10, 13, 15, 19, 20, 22)
(1, 2, 4, 7, 10, 13, 16, 19, 21, 22)
(1, 2, 7, 8, 10, 13, 15, 16, 21, 22)
(3, 4, 5, 6, 11, 12, 17, 18, 19, 20)
(1, 5, 9, 10, 11, 12, 13, 14, 18, 22)
(2, 3, 6, 10, 11, 12, 13, 17, 20, 21)
(2, 6, 7, 8, 11, 12, 15, 16, 17, 21)
(1, 2, 3, 9, 11, 12, 14, 20, 21, 22)
(2, 4, 6, 8, 10, 13, 15, 17, 19, 21)
(3, 4, 5, 8, 9, 14, 15, 18, 19, 20)
(4, 6, 7, 8, 11, 12, 15, 16, 17, 19)
(5, 6, 7, 8, 10, 13, 15, 16, 17, 18)
(2, 3, 5, 7, 11, 12, 16, 18, 20, 21)
(4, 5, 6, 8, 9, 14, 15, 17, 18, 19)
(1, 2, 3, 4, 10, 13, 19, 20, 21, 22)
(4, 5, 8, 9, 10, 13, 14, 15, 18, 19)
(1, 2, 3, 4, 9, 14, 19, 20, 21, 22)
(1, 2, 3, 4, 8, 15, 19, 20, 21, 22)
(1, 5, 6, 7, 11, 12, 16, 17, 18, 22)
(1, 3, 6, 8, 10, 13, 15, 17, 20, 22)
(2, 3, 5, 6, 7, 16, 17, 18, 20, 21)
(1, 2, 6, 8, 10, 13, 15, 17, 21, 22)
(3, 4, 5, 9, 11, 12, 14, 18, 19, 20)
(2, 4, 8, 9, 10, 13, 14, 15, 19, 21)
(1, 3, 6, 8, 11, 12, 15, 17, 20, 22)
(1, 3, 4, 7, 11, 12, 16, 19, 20, 22)
(3, 4, 8, 9, 10, 13, 14, 15, 19, 20)
(2, 5, 7, 10, 11, 12, 13, 16, 18, 21)
(4, 5, 6, 9, 11, 12, 14, 17, 18, 19)
(4, 5, 7, 8, 10, 13, 15, 16, 18, 19)
(5, 6, 7, 10, 11, 12, 13, 16, 17, 18)
(2, 7, 9, 10, 11, 12, 13, 14, 16, 21)
(2, 5, 8, 10, 11, 12, 13, 15, 18, 21)
(3, 4, 5, 7, 9, 14, 16, 18, 19, 20)
(5, 6, 9, 10, 11, 12, 13, 14, 17, 18)
(3, 5, 8, 9, 11, 12, 14, 15, 18, 20)
(4, 5, 6, 9, 10, 13, 14, 17, 18, 19)
(1, 3, 7, 8, 10, 13, 15, 16, 20, 22)
(2, 4, 5, 8, 11, 12, 15, 18, 19, 21)
(4, 8, 9, 10, 11, 12, 13, 14, 15, 19)
(2, 4, 5, 10, 11, 12, 13, 18, 19, 21)
(2, 3, 5, 10, 11, 12, 13, 18, 20, 21)
(3, 5, 6, 7, 11, 12, 16, 17, 18, 20)
(2, 3, 7, 8, 11, 12, 15, 16, 20, 21)
(3, 4, 7, 8, 9, 14, 15, 16, 19, 20)
(1, 4, 6, 8, 11, 12, 15, 17, 19, 22)
(2, 3, 5, 7, 8, 15, 16, 18, 20, 21)
(1, 3, 7, 10, 11, 12, 13, 16, 20, 22)
(1, 4, 5, 7, 8, 15, 16, 18, 19, 22)
(1, 3, 4, 5, 7, 16, 18, 19, 20, 22)
(2, 3, 8, 9, 11, 12, 14, 15, 20, 21)
(1, 2, 6, 9, 11, 12, 14, 17, 21, 22)
(1, 6, 7, 8, 11, 12, 15, 16, 17, 22)
(2, 6, 7, 9, 11, 12, 14, 16, 17, 21)
(1, 5, 6, 9, 10, 13, 14, 17, 18, 22)
(4, 5, 6, 7, 8, 15, 16, 17, 18, 19)
(1, 6, 9, 10, 11, 12, 13, 14, 17, 22)
(2, 4, 6, 9, 10, 13, 14, 17, 19, 21)
(7, 8, 9, 10, 11, 12, 13, 14, 15, 16)
(4, 5, 7, 10, 11, 12, 13, 16, 18, 19)
(1, 5, 7, 8, 9, 14, 15, 16, 18, 22)
(1, 4, 5, 7, 11, 12, 16, 18, 19, 22)
(3, 5, 6, 8, 9, 14, 15, 17, 18, 20)
(1, 4, 9, 10, 11, 12, 13, 14, 19, 22)
(2, 3, 4, 6, 7, 16, 17, 19, 20, 21)
(4, 6, 8, 10, 11, 12, 13, 15, 17, 19)
(1, 3, 4, 5, 9, 14, 18, 19, 20, 22)
(1, 2, 6, 7, 10, 13, 16, 17, 21, 22)
(4, 5, 8, 9, 11, 12, 14, 15, 18, 19)
(1, 2, 7, 9, 11, 12, 14, 16, 21, 22)
(2, 7, 8, 9, 11, 12, 14, 15, 16, 21)
(2, 3, 5, 7, 10, 13, 16, 18, 20, 21)
(1, 2, 3, 5, 11, 12, 18, 20, 21, 22)
(1, 3, 5, 6, 7, 16, 17, 18, 20, 22)
(4, 7, 9, 10, 11, 12, 13, 14, 16, 19)
(1, 2, 6, 7, 11, 12, 16, 17, 21, 22)
(2, 4, 5, 9, 11, 12, 14, 18, 19, 21)
(1, 2, 5, 7, 9, 14, 16, 18, 21, 22)
(4, 5, 6, 8, 11, 12, 15, 17, 18, 19)
(1, 3, 5, 8, 9, 14, 15, 18, 20, 22)
(1, 3, 4, 10, 11, 12, 13, 19, 20, 22)
(1, 3, 7, 8, 9, 14, 15, 16, 20, 22)
(1, 2, 4, 5, 7, 16, 18, 19, 21, 22)
(3, 4, 7, 8, 11, 12, 15, 16, 19, 20)
(5, 6, 7, 9, 11, 12, 14, 16, 17, 18)
(1, 3, 8, 10, 11, 12, 13, 15, 20, 22)
(1, 4, 5, 6, 7, 16, 17, 18, 19, 22)
(1, 4, 6, 7, 11, 12, 16, 17, 19, 22)
(2, 3, 8, 9, 10, 13, 14, 15, 20, 21)
(1, 8, 9, 10, 11, 12, 13, 14, 15, 22)
(1, 2, 6, 8, 9, 14, 15, 17, 21, 22)
(6, 7, 8, 9, 10, 13, 14, 15, 16, 17)
(3, 5, 9, 10, 11, 12, 13, 14, 18, 20)
(1, 2, 4, 8, 10, 13, 15, 19, 21, 22)
(1, 4, 6, 7, 9, 14, 16, 17, 19, 22)
(1, 3, 6, 9, 10, 13, 14, 17, 20, 22)
(2, 4, 7, 10, 11, 12, 13, 16, 19, 21)
(3, 6, 7, 10, 11, 12, 13, 16, 17, 20)
(2, 5, 6, 9, 11, 12, 14, 17, 18, 21)
(3, 5, 7, 10, 11, 12, 13, 16, 18, 20)
(3, 4, 6, 9, 11, 12, 14, 17, 19, 20)
(1, 3, 6, 7, 11, 12, 16, 17, 20, 22)
(1, 2, 5, 6, 8, 15, 17, 18, 21, 22)
(1, 2, 4, 7, 8, 15, 16, 19, 21, 22)
(2, 4, 5, 7, 9, 14, 16, 18, 19, 21)
(1, 5, 6, 7, 9, 14, 16, 17, 18, 22)
(3, 4, 6, 7, 8, 15, 16, 17, 19, 20)
(3, 4, 5, 9, 10, 13, 14, 18, 19, 20)
(3, 4, 7, 9, 11, 12, 14, 16, 19, 20)
(2, 3, 4, 10, 11, 12, 13, 19, 20, 21)
(1, 2, 5, 6, 7, 16, 17, 18, 21, 22)
(1, 2, 5, 6, 10, 13, 17, 18, 21, 22)
(1, 2, 3, 8, 11, 12, 15, 20, 21, 22)
(1, 2, 8, 9, 11, 12, 14, 15, 21, 22)
(1, 3, 4, 7, 9, 14, 16, 19, 20, 22)
(2, 5, 6, 7, 10, 13, 16, 17, 18, 21)
(3, 4, 6, 10, 11, 12, 13, 17, 19, 20)
(1, 2, 3, 8, 9, 14, 15, 20, 21, 22)
(3, 6, 9, 10, 11, 12, 13, 14, 17, 20)
(3, 7, 9, 10, 11, 12, 13, 14, 16, 20)
(1, 3, 4, 6, 7, 16, 17, 19, 20, 22)
(3, 4, 5, 6, 7, 16, 17, 18, 19, 20)
(2, 3, 4, 5, 8, 15, 18, 19, 20, 21)
(2, 5, 7, 8, 10, 13, 15, 16, 18, 21)
(2, 3, 6, 7, 10, 13, 16, 17, 20, 21)
(1, 2, 4, 6, 9, 14, 17, 19, 21, 22)
(1, 2, 4, 7, 11, 12, 16, 19, 21, 22)
(1, 2, 6, 10, 11, 12, 13, 17, 21, 22)
(3, 7, 8, 10, 11, 12, 13, 15, 16, 20)
(1, 3, 4, 8, 9, 14, 15, 19, 20, 22)
(2, 4, 5, 6, 11, 12, 17, 18, 19, 21)
(3, 4, 5, 8, 10, 13, 15, 18, 19, 20)
(1, 2, 5, 9, 10, 13, 14, 18, 21, 22)
(1, 2, 5, 7, 11, 12, 16, 18, 21, 22)
(2, 3, 4, 9, 10, 13, 14, 19, 20, 21)
(1, 2, 4, 5, 8, 15, 18, 19, 21, 22)
(1, 5, 6, 9, 11, 12, 14, 17, 18, 22)
(2, 6, 8, 10, 11, 12, 13, 15, 17, 21)
(1, 4, 7, 9, 10, 13, 14, 16, 19, 22)
(1, 5, 6, 8, 11, 12, 15, 17, 18, 22)
(3, 4, 6, 9, 10, 13, 14, 17, 19, 20)
(2, 3, 5, 9, 11, 12, 14, 18, 20, 21)
(2, 3, 5, 8, 10, 13, 15, 18, 20, 21)
(4, 6, 7, 8, 9, 14, 15, 16, 17, 19)
(5, 6, 8, 9, 10, 13, 14, 15, 17, 18)
(1, 2, 5, 6, 9, 14, 17, 18, 21, 22)
(3, 4, 5, 7, 11, 12, 16, 18, 19, 20)
(3, 6, 7, 8, 11, 12, 15, 16, 17, 20)
(3, 6, 8, 10, 11, 12, 13, 15, 17, 20)
(6, 8, 9, 10, 11, 12, 13, 14, 15, 17)
(1, 7, 8, 10, 11, 12, 13, 15, 16, 22)
(3, 4, 5, 7, 10, 13, 16, 18, 19, 20)
(1, 4, 5, 6, 11, 12, 17, 18, 19, 22)
(3, 5, 7, 9, 11, 12, 14, 16, 18, 20)
(2, 3, 7, 10, 11, 12, 13, 16, 20, 21)
(2, 4, 9, 10, 11, 12, 13, 14, 19, 21)
(3, 6, 8, 9, 11, 12, 14, 15, 17, 20)
(1, 4, 5, 6, 8, 15, 17, 18, 19, 22)
(1, 7, 8, 9, 11, 12, 14, 15, 16, 22)
(1, 2, 3, 6, 7, 16, 17, 20, 21, 22)
(1, 3, 4, 6, 9, 14, 17, 19, 20, 22)
(3, 4, 6, 8, 11, 12, 15, 17, 19, 20)
(3, 4, 7, 8, 10, 13, 15, 16, 19, 20)
(1, 2, 4, 5, 6, 17, 18, 19, 21, 22)
(1, 3, 6, 7, 9, 14, 16, 17, 20, 22)
(1, 2, 3, 6, 8, 15, 17, 20, 21, 22)
(2, 7, 8, 10, 11, 12, 13, 15, 16, 21)
(3, 5, 6, 7, 8, 15, 16, 17, 18, 20)
(1, 3, 8, 9, 11, 12, 14, 15, 20, 22)
(1, 3, 5, 8, 10, 13, 15, 18, 20, 22)
(3, 4, 5, 6, 9, 14, 17, 18, 19, 20)
(1, 2, 3, 4, 6, 17, 19, 20, 21, 22)
(1, 5, 6, 8, 9, 14, 15, 17, 18, 22)
(2, 6, 9, 10, 11, 12, 13, 14, 17, 21)
(1, 2, 3, 5, 8, 15, 18, 20, 21, 22)
(4, 5, 6, 7, 10, 13, 16, 17, 18, 19)
(2, 5, 7, 8, 9, 14, 15, 16, 18, 21)
(1, 2, 5, 7, 10, 13, 16, 18, 21, 22)
(2, 8, 9, 10, 11, 12, 13, 14, 15, 21)
(2, 4, 6, 7, 9, 14, 16, 17, 19, 21)
(3, 5, 6, 9, 10, 13, 14, 17, 18, 20)
(2, 3, 5, 6, 8, 15, 17, 18, 20, 21)
(2, 4, 7, 8, 9, 14, 15, 16, 19, 21)
(1, 6, 7, 8, 9, 14, 15, 16, 17, 22)
(3, 5, 8, 9, 10, 13, 14, 15, 18, 20)
(1, 2, 6, 7, 9, 14, 16, 17, 21, 22)
(3, 5, 6, 10, 11, 12, 13, 17, 18, 20)
(3, 4, 5, 6, 10, 13, 17, 18, 19, 20)
(2, 4, 5, 7, 8, 15, 16, 18, 19, 21)
(2, 3, 5, 8, 11, 12, 15, 18, 20, 21)
(2, 3, 6, 9, 11, 12, 14, 17, 20, 21)
(1, 2, 4, 7, 9, 14, 16, 19, 21, 22)
(3, 5, 6, 8, 10, 13, 15, 17, 18, 20)
(3, 6, 7, 9, 11, 12, 14, 16, 17, 20)
(1, 3, 7, 9, 10, 13, 14, 16, 20, 22)
(1, 3, 5, 7, 10, 13, 16, 18, 20, 22)
(1, 5, 8, 9, 10, 13, 14, 15, 18, 22)
(4, 5, 6, 10, 11, 12, 13, 17, 18, 19)
(5, 6, 8, 10, 11, 12, 13, 15, 17, 18)
(3, 5, 6, 9, 11, 12, 14, 17, 18, 20)
(5, 7, 9, 10, 11, 12, 13, 14, 16, 18)
(4, 5, 6, 7, 9, 14, 16, 17, 18, 19)
(1, 3, 5, 6, 9, 14, 17, 18, 20, 22)
(1, 2, 4, 9, 10, 13, 14, 19, 21, 22)
(3, 5, 7, 8, 10, 13, 15, 16, 18, 20)
(1, 2, 3, 5, 6, 17, 18, 20, 21, 22)
(1, 2, 3, 5, 10, 13, 18, 20, 21, 22)
(1, 2, 4, 6, 8, 15, 17, 19, 21, 22)
(1, 2, 3, 4, 5, 18, 19, 20, 21, 22)
(1, 5, 6, 8, 10, 13, 15, 17, 18, 22)
(1, 2, 4, 8, 11, 12, 15, 19, 21, 22)
(1, 2, 3, 7, 10, 13, 16, 20, 21, 22)
(2, 3, 4, 6, 10, 13, 17, 19, 20, 21)
(2, 4, 5, 8, 9, 14, 15, 18, 19, 21)
(1, 5, 7, 9, 11, 12, 14, 16, 18, 22)
(1, 4, 5, 7, 9, 14, 16, 18, 19, 22)
(3, 4, 5, 7, 8, 15, 16, 18, 19, 20)
(3, 4, 5, 8, 11, 12, 15, 18, 19, 20)
(2, 3, 4, 8, 10, 13, 15, 19, 20, 21)
(1, 3, 6, 9, 11, 12, 14, 17, 20, 22)
(2, 3, 4, 5, 10, 13, 18, 19, 20, 21)
(2, 3, 5, 9, 10, 13, 14, 18, 20, 21)
(1, 3, 4, 9, 10, 13, 14, 19, 20, 22)
(1, 4, 7, 8, 11, 12, 15, 16, 19, 22)
(1, 6, 7, 9, 11, 12, 14, 16, 17, 22)
(2, 4, 5, 6, 7, 16, 17, 18, 19, 21)
(1, 2, 7, 8, 9, 14, 15, 16, 21, 22)
(1, 2, 6, 9, 10, 13, 14, 17, 21, 22)
(2, 3, 8, 10, 11, 12, 13, 15, 20, 21)
(2, 4, 6, 9, 11, 12, 14, 17, 19, 21)
(1, 4, 5, 6, 10, 13, 17, 18, 19, 22)
(5, 6, 8, 9, 11, 12, 14, 15, 17, 18)
(1, 3, 5, 6, 10, 13, 17, 18, 20, 22)
(1, 7, 9, 10, 11, 12, 13, 14, 16, 22)
(1, 6, 7, 8, 10, 13, 15, 16, 17, 22)
(4, 7, 8, 9, 10, 13, 14, 15, 16, 19)
(1, 4, 6, 7, 8, 15, 16, 17, 19, 22)
(3, 5, 6, 7, 10, 13, 16, 17, 18, 20)
(2, 5, 8, 9, 11, 12, 14, 15, 18, 21)
(4, 5, 7, 9, 10, 13, 14, 16, 18, 19)
(3, 5, 6, 8, 11, 12, 15, 17, 18, 20)
(1, 2, 3, 10, 11, 12, 13, 20, 21, 22)
(1, 4, 6, 10, 11, 12, 13, 17, 19, 22)
(2, 4, 5, 6, 8, 15, 17, 18, 19, 21)
(1, 3, 4, 5, 6, 17, 18, 19, 20, 22)
(2, 3, 9, 10, 11, 12, 13, 14, 20, 21)
(4, 5, 7, 8, 9, 14, 15, 16, 18, 19)
(3, 4, 6, 7, 9, 14, 16, 17, 19, 20)
(1, 4, 8, 9, 11, 12, 14, 15, 19, 22)
(3, 4, 6, 8, 9, 14, 15, 17, 19, 20)
(2, 3, 5, 6, 9, 14, 17, 18, 20, 21)
(2, 5, 6, 9, 10, 13, 14, 17, 18, 21)
(1, 2, 3, 7, 8, 15, 16, 20, 21, 22)
(4, 5, 9, 10, 11, 12, 13, 14, 18, 19)
(5, 6, 7, 9, 10, 13, 14, 16, 17, 18)
(1, 4, 8, 10, 11, 12, 13, 15, 19, 22)
(1, 3, 5, 6, 8, 15, 17, 18, 20, 22)
(5, 6, 7, 8, 11, 12, 15, 16, 17, 18)
(1, 4, 6, 9, 10, 13, 14, 17, 19, 22)
(5, 7, 8, 9, 10, 13, 14, 15, 16, 18)
(1, 2, 3, 4, 11, 12, 19, 20, 21, 22)
(3, 6, 8, 9, 10, 13, 14, 15, 17, 20)
(1, 3, 4, 6, 11, 12, 17, 19, 20, 22)
(3, 7, 8, 9, 11, 12, 14, 15, 16, 20)
(1, 4, 5, 7, 10, 13, 16, 18, 19, 22)
(1, 4, 5, 8, 9, 14, 15, 18, 19, 22)
(2, 4, 5, 7, 10, 13, 16, 18, 19, 21)
(1, 3, 4, 9, 11, 12, 14, 19, 20, 22)
(2, 3, 7, 9, 11, 12, 14, 16, 20, 21)
(2, 5, 6, 7, 8, 15, 16, 17, 18, 21)
(3, 4, 7, 10, 11, 12, 13, 16, 19, 20)
(2, 4, 5, 7, 11, 12, 16, 18, 19, 21)
(2, 3, 6, 7, 11, 12, 16, 17, 20, 21)
(2, 6, 8, 9, 10, 13, 14, 15, 17, 21)
(2, 5, 6, 7, 9, 14, 16, 17, 18, 21)
(2, 3, 4, 5, 7, 16, 18, 19, 20, 21)
(3, 4, 6, 7, 11, 12, 16, 17, 19, 20)
(2, 4, 6, 7, 8, 15, 16, 17, 19, 21)
(1, 3, 7, 9, 11, 12, 14, 16, 20, 22)
(2, 3, 5, 6, 10, 13, 17, 18, 20, 21)
(4, 5, 8, 10, 11, 12, 13, 15, 18, 19)
(1, 3, 4, 6, 8, 15, 17, 19, 20, 22)
(3, 4, 7, 9, 10, 13, 14, 16, 19, 20)
(2, 4, 6, 7, 11, 12, 16, 17, 19, 21)
(2, 3, 7, 9, 10, 13, 14, 16, 20, 21)
}

Print some_are_pairs (contains 0 tuples): {
}

Print none_are_pairs (contains 0 tuples): {
}

Print indecomposable (contains 0 tuples): {
}

Print decomposable but no pairs (contains 0 tuples): {
}

Print exceptional cycles (contains 0 tuples): {
}

method validate_set_V(23, 5) ran to completion.
