Running method validate_set_V(m = 23, d = 9) and generating using halves:

Summary:
given m = 23, d = 9
Calculations took 0 days, 0 hours, 0 minutes, 0 seconds, 5 miliseconds, 353 microseconds, 100 nanoseconds.
Z/mZ:  [0, 1, 2, 3, 4, 5, 6, 7, 8, 9, 10, 11, 12, 13, 14, 15, 16, 17, 18, 19, 20, 21, 22]
Z/mZ*: [1, 2, 3, 4, 5, 6, 7, 8, 9, 10, 11, 12, 13, 14, 15, 16, 17, 18, 19, 20, 21, 22]
All ascending & non-repeating tuple (size 18) combinations possible for the U set: 7315
                      V set: contains 55 tuples
          all_are_pairs set: contains 55 tuples
         some_are_pairs set: contains 0 tuples
         none_are_pairs set: contains 0 tuples
         indecomposable set: contains 0 tuples
decomposable & no pairs set: contains 0 tuples
     exceptional_cycles set: contains 0 tuples

Print V set (contains 55 tuples): {
(1, 2, 3, 4, 5, 6, 7, 8, 9, 14, 15, 16, 17, 18, 19, 20, 21, 22)
(1, 2, 3, 4, 5, 6, 7, 8, 10, 13, 15, 16, 17, 18, 19, 20, 21, 22)
(1, 2, 3, 4, 5, 6, 7, 8, 11, 12, 15, 16, 17, 18, 19, 20, 21, 22)
(1, 2, 3, 4, 5, 6, 7, 9, 10, 13, 14, 16, 17, 18, 19, 20, 21, 22)
(1, 2, 3, 4, 5, 6, 7, 9, 11, 12, 14, 16, 17, 18, 19, 20, 21, 22)
(1, 2, 3, 4, 5, 6, 7, 10, 11, 12, 13, 16, 17, 18, 19, 20, 21, 22)
(1, 2, 3, 4, 5, 6, 8, 9, 10, 13, 14, 15, 17, 18, 19, 20, 21, 22)
(1, 2, 3, 4, 5, 6, 8, 9, 11, 12, 14, 15, 17, 18, 19, 20, 21, 22)
(1, 2, 3, 4, 5, 6, 8, 10, 11, 12, 13, 15, 17, 18, 19, 20, 21, 22)
(1, 2, 3, 4, 5, 6, 9, 10, 11, 12, 13, 14, 17, 18, 19, 20, 21, 22)
(1, 2, 3, 4, 5, 7, 8, 9, 10, 13, 14, 15, 16, 18, 19, 20, 21, 22)
(1, 2, 3, 4, 5, 7, 8, 9, 11, 12, 14, 15, 16, 18, 19, 20, 21, 22)
(1, 2, 3, 4, 5, 7, 8, 10, 11, 12, 13, 15, 16, 18, 19, 20, 21, 22)
(1, 2, 3, 4, 5, 7, 9, 10, 11, 12, 13, 14, 16, 18, 19, 20, 21, 22)
(1, 2, 3, 4, 5, 8, 9, 10, 11, 12, 13, 14, 15, 18, 19, 20, 21, 22)
(1, 2, 3, 4, 6, 7, 8, 9, 10, 13, 14, 15, 16, 17, 19, 20, 21, 22)
(1, 2, 3, 4, 6, 7, 8, 9, 11, 12, 14, 15, 16, 17, 19, 20, 21, 22)
(1, 2, 3, 4, 6, 7, 8, 10, 11, 12, 13, 15, 16, 17, 19, 20, 21, 22)
(1, 2, 3, 4, 6, 7, 9, 10, 11, 12, 13, 14, 16, 17, 19, 20, 21, 22)
(1, 2, 3, 4, 6, 8, 9, 10, 11, 12, 13, 14, 15, 17, 19, 20, 21, 22)
(1, 2, 3, 4, 7, 8, 9, 10, 11, 12, 13, 14, 15, 16, 19, 20, 21, 22)
(1, 2, 3, 5, 6, 7, 8, 9, 10, 13, 14, 15, 16, 17, 18, 20, 21, 22)
(1, 2, 3, 5, 6, 7, 8, 9, 11, 12, 14, 15, 16, 17, 18, 20, 21, 22)
(1, 2, 3, 5, 6, 7, 8, 10, 11, 12, 13, 15, 16, 17, 18, 20, 21, 22)
(1, 2, 3, 5, 6, 7, 9, 10, 11, 12, 13, 14, 16, 17, 18, 20, 21, 22)
(1, 2, 3, 5, 6, 8, 9, 10, 11, 12, 13, 14, 15, 17, 18, 20, 21, 22)
(1, 2, 3, 5, 7, 8, 9, 10, 11, 12, 13, 14, 15, 16, 18, 20, 21, 22)
(1, 2, 3, 6, 7, 8, 9, 10, 11, 12, 13, 14, 15, 16, 17, 20, 21, 22)
(1, 2, 4, 5, 6, 7, 8, 9, 10, 13, 14, 15, 16, 17, 18, 19, 21, 22)
(1, 2, 4, 5, 6, 7, 8, 9, 11, 12, 14, 15, 16, 17, 18, 19, 21, 22)
(1, 2, 4, 5, 6, 7, 8, 10, 11, 12, 13, 15, 16, 17, 18, 19, 21, 22)
(1, 2, 4, 5, 6, 7, 9, 10, 11, 12, 13, 14, 16, 17, 18, 19, 21, 22)
(1, 2, 4, 5, 6, 8, 9, 10, 11, 12, 13, 14, 15, 17, 18, 19, 21, 22)
(1, 2, 4, 5, 7, 8, 9, 10, 11, 12, 13, 14, 15, 16, 18, 19, 21, 22)
(1, 2, 4, 6, 7, 8, 9, 10, 11, 12, 13, 14, 15, 16, 17, 19, 21, 22)
(1, 2, 5, 6, 7, 8, 9, 10, 11, 12, 13, 14, 15, 16, 17, 18, 21, 22)
(1, 3, 4, 5, 6, 7, 8, 9, 10, 13, 14, 15, 16, 17, 18, 19, 20, 22)
(1, 3, 4, 5, 6, 7, 8, 9, 11, 12, 14, 15, 16, 17, 18, 19, 20, 22)
(1, 3, 4, 5, 6, 7, 8, 10, 11, 12, 13, 15, 16, 17, 18, 19, 20, 22)
(1, 3, 4, 5, 6, 7, 9, 10, 11, 12, 13, 14, 16, 17, 18, 19, 20, 22)
(1, 3, 4, 5, 6, 8, 9, 10, 11, 12, 13, 14, 15, 17, 18, 19, 20, 22)
(1, 3, 4, 5, 7, 8, 9, 10, 11, 12, 13, 14, 15, 16, 18, 19, 20, 22)
(1, 3, 4, 6, 7, 8, 9, 10, 11, 12, 13, 14, 15, 16, 17, 19, 20, 22)
(1, 3, 5, 6, 7, 8, 9, 10, 11, 12, 13, 14, 15, 16, 17, 18, 20, 22)
(1, 4, 5, 6, 7, 8, 9, 10, 11, 12, 13, 14, 15, 16, 17, 18, 19, 22)
(2, 3, 4, 5, 6, 7, 8, 9, 10, 13, 14, 15, 16, 17, 18, 19, 20, 21)
(2, 3, 4, 5, 6, 7, 8, 9, 11, 12, 14, 15, 16, 17, 18, 19, 20, 21)
(2, 3, 4, 5, 6, 7, 8, 10, 11, 12, 13, 15, 16, 17, 18, 19, 20, 21)
(2, 3, 4, 5, 6, 7, 9, 10, 11, 12, 13, 14, 16, 17, 18, 19, 20, 21)
(2, 3, 4, 5, 6, 8, 9, 10, 11, 12, 13, 14, 15, 17, 18, 19, 20, 21)
(2, 3, 4, 5, 7, 8, 9, 10, 11, 12, 13, 14, 15, 16, 18, 19, 20, 21)
(2, 3, 4, 6, 7, 8, 9, 10, 11, 12, 13, 14, 15, 16, 17, 19, 20, 21)
(2, 3, 5, 6, 7, 8, 9, 10, 11, 12, 13, 14, 15, 16, 17, 18, 20, 21)
(2, 4, 5, 6, 7, 8, 9, 10, 11, 12, 13, 14, 15, 16, 17, 18, 19, 21)
(3, 4, 5, 6, 7, 8, 9, 10, 11, 12, 13, 14, 15, 16, 17, 18, 19, 20)
}

Print all_are_pairs (contains 55 tuples): {
(2, 3, 4, 5, 6, 7, 8, 9, 10, 13, 14, 15, 16, 17, 18, 19, 20, 21)
(1, 3, 5, 6, 7, 8, 9, 10, 11, 12, 13, 14, 15, 16, 17, 18, 20, 22)
(1, 2, 3, 4, 5, 6, 7, 10, 11, 12, 13, 16, 17, 18, 19, 20, 21, 22)
(3, 4, 5, 6, 7, 8, 9, 10, 11, 12, 13, 14, 15, 16, 17, 18, 19, 20)
(2, 3, 4, 5, 7, 8, 9, 10, 11, 12, 13, 14, 15, 16, 18, 19, 20, 21)
(1, 3, 4, 5, 6, 8, 9, 10, 11, 12, 13, 14, 15, 17, 18, 19, 20, 22)
(1, 2, 3, 4, 5, 7, 8, 9, 11, 12, 14, 15, 16, 18, 19, 20, 21, 22)
(1, 2, 3, 5, 6, 8, 9, 10, 11, 12, 13, 14, 15, 17, 18, 20, 21, 22)
(1, 3, 4, 5, 6, 7, 8, 9, 10, 13, 14, 15, 16, 17, 18, 19, 20, 22)
(1, 4, 5, 6, 7, 8, 9, 10, 11, 12, 13, 14, 15, 16, 17, 18, 19, 22)
(1, 2, 4, 5, 6, 7, 8, 9, 11, 12, 14, 15, 16, 17, 18, 19, 21, 22)
(1, 2, 3, 4, 5, 6, 9, 10, 11, 12, 13, 14, 17, 18, 19, 20, 21, 22)
(2, 3, 4, 5, 6, 7, 8, 9, 11, 12, 14, 15, 16, 17, 18, 19, 20, 21)
(1, 2, 4, 6, 7, 8, 9, 10, 11, 12, 13, 14, 15, 16, 17, 19, 21, 22)
(1, 2, 3, 4, 6, 7, 9, 10, 11, 12, 13, 14, 16, 17, 19, 20, 21, 22)
(1, 2, 3, 4, 5, 6, 7, 8, 11, 12, 15, 16, 17, 18, 19, 20, 21, 22)
(1, 3, 4, 5, 6, 7, 9, 10, 11, 12, 13, 14, 16, 17, 18, 19, 20, 22)
(1, 2, 3, 5, 6, 7, 9, 10, 11, 12, 13, 14, 16, 17, 18, 20, 21, 22)
(2, 3, 4, 5, 6, 7, 8, 10, 11, 12, 13, 15, 16, 17, 18, 19, 20, 21)
(1, 2, 3, 6, 7, 8, 9, 10, 11, 12, 13, 14, 15, 16, 17, 20, 21, 22)
(1, 2, 3, 4, 5, 6, 8, 10, 11, 12, 13, 15, 17, 18, 19, 20, 21, 22)
(1, 2, 3, 4, 5, 6, 7, 9, 11, 12, 14, 16, 17, 18, 19, 20, 21, 22)
(1, 2, 3, 5, 6, 7, 8, 10, 11, 12, 13, 15, 16, 17, 18, 20, 21, 22)
(1, 2, 3, 4, 5, 6, 7, 8, 10, 13, 15, 16, 17, 18, 19, 20, 21, 22)
(1, 3, 4, 5, 6, 7, 8, 9, 11, 12, 14, 15, 16, 17, 18, 19, 20, 22)
(2, 3, 5, 6, 7, 8, 9, 10, 11, 12, 13, 14, 15, 16, 17, 18, 20, 21)
(2, 4, 5, 6, 7, 8, 9, 10, 11, 12, 13, 14, 15, 16, 17, 18, 19, 21)
(2, 3, 4, 5, 6, 8, 9, 10, 11, 12, 13, 14, 15, 17, 18, 19, 20, 21)
(1, 2, 3, 4, 5, 6, 7, 8, 9, 14, 15, 16, 17, 18, 19, 20, 21, 22)
(1, 2, 4, 5, 6, 7, 9, 10, 11, 12, 13, 14, 16, 17, 18, 19, 21, 22)
(1, 2, 3, 4, 5, 6, 8, 9, 11, 12, 14, 15, 17, 18, 19, 20, 21, 22)
(1, 2, 3, 4, 5, 7, 8, 10, 11, 12, 13, 15, 16, 18, 19, 20, 21, 22)
(1, 2, 3, 4, 7, 8, 9, 10, 11, 12, 13, 14, 15, 16, 19, 20, 21, 22)
(1, 2, 5, 6, 7, 8, 9, 10, 11, 12, 13, 14, 15, 16, 17, 18, 21, 22)
(1, 2, 3, 4, 6, 8, 9, 10, 11, 12, 13, 14, 15, 17, 19, 20, 21, 22)
(1, 2, 4, 5, 6, 7, 8, 10, 11, 12, 13, 15, 16, 17, 18, 19, 21, 22)
(1, 2, 3, 4, 5, 7, 8, 9, 10, 13, 14, 15, 16, 18, 19, 20, 21, 22)
(1, 2, 3, 5, 7, 8, 9, 10, 11, 12, 13, 14, 15, 16, 18, 20, 21, 22)
(1, 2, 3, 5, 6, 7, 8, 9, 11, 12, 14, 15, 16, 17, 18, 20, 21, 22)
(1, 2, 4, 5, 7, 8, 9, 10, 11, 12, 13, 14, 15, 16, 18, 19, 21, 22)
(1, 2, 3, 4, 6, 7, 8, 9, 11, 12, 14, 15, 16, 17, 19, 20, 21, 22)
(1, 2, 4, 5, 6, 7, 8, 9, 10, 13, 14, 15, 16, 17, 18, 19, 21, 22)
(1, 2, 3, 4, 5, 7, 9, 10, 11, 12, 13, 14, 16, 18, 19, 20, 21, 22)
(1, 2, 3, 5, 6, 7, 8, 9, 10, 13, 14, 15, 16, 17, 18, 20, 21, 22)
(1, 3, 4, 5, 6, 7, 8, 10, 11, 12, 13, 15, 16, 17, 18, 19, 20, 22)
(1, 2, 3, 4, 5, 6, 7, 9, 10, 13, 14, 16, 17, 18, 19, 20, 21, 22)
(2, 3, 4, 5, 6, 7, 9, 10, 11, 12, 13, 14, 16, 17, 18, 19, 20, 21)
(2, 3, 4, 6, 7, 8, 9, 10, 11, 12, 13, 14, 15, 16, 17, 19, 20, 21)
(1, 2, 3, 4, 6, 7, 8, 9, 10, 13, 14, 15, 16, 17, 19, 20, 21, 22)
(1, 2, 3, 4, 6, 7, 8, 10, 11, 12, 13, 15, 16, 17, 19, 20, 21, 22)
(1, 2, 3, 4, 5, 8, 9, 10, 11, 12, 13, 14, 15, 18, 19, 20, 21, 22)
(1, 2, 3, 4, 5, 6, 8, 9, 10, 13, 14, 15, 17, 18, 19, 20, 21, 22)
(1, 3, 4, 5, 7, 8, 9, 10, 11, 12, 13, 14, 15, 16, 18, 19, 20, 22)
(1, 3, 4, 6, 7, 8, 9, 10, 11, 12, 13, 14, 15, 16, 17, 19, 20, 22)
(1, 2, 4, 5, 6, 8, 9, 10, 11, 12, 13, 14, 15, 17, 18, 19, 21, 22)
}

Print some_are_pairs (contains 0 tuples): {
}

Print none_are_pairs (contains 0 tuples): {
}

Print indecomposable (contains 0 tuples): {
}

Print decomposable but no pairs (contains 0 tuples): {
}

Print exceptional cycles (contains 0 tuples): {
}

method validate_set_V(23, 9) ran to completion.
