Running method validate_set_V(m = 63, d = 5) and generating using halves:

Summary:
given m = 63, d = 5
Calculations took 0 days, 0 hours, 1 minute, 42 seconds, 836 miliseconds, 606 microseconds, 600 nanoseconds.
Z/mZ:  [0, 1, 2, 3, 4, 5, 6, 7, 8, 9, 10, 11, 12, 13, 14, 15, 16, 17, 18, 19, 20, 21, 22, 23, 24, 25, 26, 27, 28, 29, 30, 31, 32, 33, 34, 35, 36, 37, 38, 39, 40, 41, 42, 43, 44, 45, 46, 47, 48, 49, 50, 51, 52, 53, 54, 55, 56, 57, 58, 59, 60, 61, 62]
Z/mZ*: [1, 2, 4, 5, 8, 10, 11, 13, 16, 17, 19, 20, 22, 23, 25, 26, 29, 31, 32, 34, 37, 38, 40, 41, 43, 44, 46, 47, 50, 52, 53, 55, 58, 59, 61, 62]
All ascending & non-repeating tuple (size 10) combinations possible for the U set: 107518933731
                      V set: contains 289869 tuples
          all_are_pairs set: contains 169911 tuples
         some_are_pairs set: contains 119328 tuples
         none_are_pairs set: contains 630 tuples
         indecomposable set: contains 18 tuples
decomposable & no pairs set: contains 612 tuples
     exceptional_cycles set: contains 119958 tuples

Print none_are_pairs (contains 630 tuples): {
(1, 12, 13, 22, 30, 34, 43, 48, 55, 57)
(6, 13, 20, 24, 27, 33, 34, 41, 55, 62)
(3, 12, 16, 27, 30, 37, 39, 45, 48, 58)
(6, 15, 18, 19, 20, 33, 40, 41, 61, 62)
(5, 6, 24, 26, 27, 33, 45, 47, 48, 54)
(1, 5, 22, 24, 26, 43, 45, 47, 48, 54)
(6, 7, 17, 24, 28, 38, 42, 45, 49, 59)
(3, 5, 20, 24, 26, 33, 41, 47, 54, 62)
(3, 4, 7, 25, 28, 42, 46, 49, 54, 57)
(9, 13, 15, 16, 18, 34, 37, 55, 58, 60)
(4, 13, 16, 25, 27, 34, 37, 46, 55, 58)
(3, 12, 15, 18, 19, 36, 40, 54, 57, 61)
(3, 4, 13, 24, 25, 34, 46, 54, 55, 57)
(2, 11, 23, 24, 27, 32, 44, 45, 53, 54)
(1, 6, 9, 22, 30, 43, 45, 48, 51, 60)
(7, 12, 18, 19, 28, 39, 40, 42, 49, 61)
(6, 9, 11, 17, 30, 32, 38, 53, 59, 60)
(9, 12, 13, 18, 27, 34, 39, 48, 55, 60)
(3, 10, 12, 17, 31, 38, 45, 48, 52, 59)
(7, 14, 16, 23, 25, 34, 43, 44, 52, 57)
(6, 11, 15, 19, 24, 32, 40, 53, 54, 61)
(11, 12, 13, 24, 27, 32, 34, 53, 54, 55)
(3, 8, 12, 19, 29, 39, 40, 50, 54, 61)
(3, 8, 16, 29, 30, 37, 39, 45, 50, 58)
(4, 9, 18, 20, 25, 39, 41, 46, 51, 62)
(2, 15, 16, 23, 24, 37, 44, 45, 51, 58)
(7, 11, 12, 27, 28, 32, 42, 49, 53, 54)
(6, 9, 11, 27, 30, 32, 39, 48, 53, 60)
(2, 6, 23, 24, 27, 33, 44, 45, 51, 60)
(5, 9, 18, 20, 26, 39, 41, 47, 48, 62)
(4, 13, 18, 19, 25, 34, 40, 46, 55, 61)
(1, 2, 22, 23, 24, 43, 44, 45, 51, 60)
(6, 9, 10, 16, 31, 37, 45, 51, 52, 58)
(3, 14, 21, 24, 30, 35, 36, 45, 51, 56)
(3, 9, 10, 20, 31, 39, 41, 48, 52, 62)
(1, 6, 17, 22, 24, 38, 43, 45, 59, 60)
(1, 3, 22, 24, 30, 36, 43, 45, 54, 57)
(2, 7, 9, 23, 28, 42, 44, 49, 51, 60)
(3, 6, 8, 20, 29, 41, 45, 50, 51, 62)
(2, 12, 18, 23, 27, 33, 39, 44, 57, 60)
(1, 2, 22, 23, 30, 43, 44, 45, 48, 57)
(6, 9, 15, 16, 17, 37, 38, 58, 59, 60)
(3, 8, 15, 16, 29, 37, 45, 50, 54, 58)
(5, 8, 18, 26, 29, 33, 39, 47, 50, 60)
(1, 2, 22, 23, 27, 43, 44, 45, 48, 60)
(6, 8, 9, 29, 30, 39, 45, 48, 50, 51)
(3, 4, 16, 25, 27, 37, 45, 46, 54, 58)
(4, 15, 18, 19, 25, 36, 40, 46, 51, 61)
(11, 12, 18, 19, 30, 32, 39, 40, 53, 61)
(2, 3, 20, 23, 24, 41, 44, 45, 51, 62)
(4, 11, 13, 22, 30, 35, 40, 49, 53, 58)
(2, 4, 23, 25, 27, 39, 44, 46, 48, 57)
(6, 11, 17, 24, 30, 32, 38, 45, 53, 59)
(6, 14, 16, 21, 27, 35, 37, 45, 56, 58)
(6, 9, 10, 17, 31, 38, 45, 48, 52, 59)
(3, 4, 16, 25, 30, 37, 39, 46, 57, 58)
(1, 4, 22, 25, 27, 43, 45, 46, 48, 54)
(3, 10, 12, 19, 31, 33, 40, 52, 54, 61)
(2, 15, 17, 23, 24, 36, 38, 44, 57, 59)
(4, 7, 18, 25, 28, 39, 42, 46, 49, 57)
(2, 11, 23, 24, 30, 32, 44, 45, 51, 53)
(6, 8, 11, 27, 29, 32, 45, 50, 53, 54)
(6, 9, 10, 17, 31, 33, 38, 52, 59, 60)
(2, 14, 21, 23, 24, 35, 44, 45, 51, 56)
(2, 12, 16, 23, 27, 37, 39, 44, 57, 58)
(5, 11, 12, 18, 26, 32, 47, 53, 54, 57)
(3, 10, 13, 24, 31, 34, 36, 52, 55, 57)
(9, 10, 12, 17, 31, 38, 39, 48, 52, 59)
(2, 9, 15, 16, 23, 37, 44, 51, 58, 60)
(1, 6, 19, 22, 30, 40, 43, 45, 48, 61)
(5, 11, 12, 26, 27, 32, 47, 48, 53, 54)
(2, 10, 23, 27, 31, 33, 44, 45, 48, 52)
(6, 7, 20, 27, 28, 33, 41, 42, 49, 62)
(7, 12, 14, 16, 17, 34, 43, 52, 59, 61)
(2, 3, 23, 24, 30, 36, 44, 45, 51, 57)
(9, 15, 16, 17, 30, 36, 37, 38, 58, 59)
(9, 12, 17, 18, 20, 38, 39, 41, 59, 62)
(5, 6, 17, 24, 26, 38, 45, 47, 48, 59)
(3, 5, 19, 24, 26, 36, 40, 47, 54, 61)
(6, 11, 15, 24, 27, 32, 33, 53, 54, 60)
(3, 12, 16, 19, 30, 37, 39, 40, 58, 61)
(10, 12, 18, 19, 31, 33, 39, 40, 52, 61)
(1, 4, 22, 25, 27, 33, 43, 46, 54, 60)
(5, 11, 18, 26, 30, 32, 36, 47, 53, 57)
(5, 7, 18, 26, 28, 33, 42, 47, 49, 60)
(5, 6, 8, 26, 29, 33, 47, 50, 51, 60)
(5, 12, 18, 19, 26, 39, 40, 47, 48, 61)
(3, 12, 16, 17, 30, 37, 38, 45, 58, 59)
(9, 13, 14, 21, 30, 34, 35, 48, 55, 56)
(7, 14, 16, 25, 30, 32, 34, 43, 53, 61)
(4, 5, 18, 25, 26, 39, 46, 47, 48, 57)
(6, 7, 24, 27, 28, 33, 42, 45, 49, 54)
(1, 7, 12, 22, 28, 42, 43, 49, 54, 57)
(7, 9, 13, 28, 30, 34, 42, 48, 49, 55)
(3, 8, 17, 29, 30, 36, 38, 45, 50, 59)
(9, 12, 17, 18, 30, 36, 38, 39, 57, 59)
(3, 15, 18, 19, 20, 36, 40, 41, 61, 62)
(3, 7, 16, 28, 30, 37, 42, 45, 49, 58)
(5, 12, 17, 18, 26, 33, 38, 47, 59, 60)
(6, 9, 15, 18, 19, 36, 40, 51, 60, 61)
(1, 12, 13, 18, 22, 34, 43, 55, 57, 60)
(2, 8, 23, 27, 29, 39, 44, 45, 48, 50)
(9, 10, 18, 19, 31, 36, 39, 40, 52, 61)
(6, 8, 10, 29, 31, 33, 45, 50, 51, 52)
(3, 11, 12, 19, 30, 32, 40, 53, 54, 61)
(5, 10, 18, 26, 31, 33, 36, 47, 52, 57)
(8, 12, 15, 18, 29, 33, 39, 50, 54, 57)
(6, 15, 17, 20, 24, 33, 38, 41, 59, 62)
(1, 8, 22, 29, 30, 36, 43, 45, 50, 51)
(7, 9, 10, 28, 31, 36, 42, 49, 51, 52)
(6, 8, 20, 27, 29, 33, 39, 41, 50, 62)
(2, 11, 12, 23, 27, 32, 44, 53, 54, 57)
(1, 4, 18, 22, 25, 39, 43, 46, 57, 60)
(2, 13, 23, 24, 27, 33, 34, 44, 55, 60)
(9, 10, 13, 18, 31, 34, 36, 52, 55, 57)
(9, 12, 13, 17, 18, 34, 38, 55, 59, 60)
(2, 4, 23, 25, 27, 33, 44, 46, 54, 57)
(4, 11, 18, 25, 27, 32, 39, 46, 53, 60)
(6, 15, 16, 17, 24, 37, 38, 45, 58, 59)
(7, 12, 13, 18, 28, 34, 42, 49, 55, 57)
(6, 11, 15, 16, 27, 32, 37, 53, 58, 60)
(3, 4, 15, 16, 25, 37, 46, 54, 57, 58)
(6, 8, 9, 20, 29, 39, 41, 50, 51, 62)
(1, 11, 22, 24, 30, 32, 43, 45, 53, 54)
(11, 12, 13, 18, 27, 32, 34, 53, 55, 60)
(4, 5, 24, 25, 26, 33, 46, 47, 51, 54)
(3, 7, 10, 28, 31, 36, 42, 49, 52, 57)
(2, 15, 16, 23, 27, 33, 37, 44, 58, 60)
(6, 15, 16, 24, 27, 33, 37, 45, 54, 58)
(3, 6, 8, 19, 29, 40, 45, 50, 54, 61)
(1, 12, 15, 18, 22, 33, 43, 54, 57, 60)
(13, 15, 18, 20, 24, 33, 34, 41, 55, 62)
(2, 9, 17, 23, 30, 36, 38, 44, 57, 59)
(9, 14, 18, 20, 21, 35, 39, 41, 56, 62)
(1, 10, 16, 22, 31, 37, 43, 45, 52, 58)
(1, 11, 12, 22, 30, 32, 43, 53, 54, 57)
(5, 6, 11, 24, 26, 32, 47, 51, 53, 60)
(11, 14, 15, 18, 21, 32, 35, 53, 56, 60)
(2, 5, 23, 24, 26, 36, 44, 47, 51, 57)
(11, 15, 17, 24, 30, 32, 36, 38, 53, 59)
(6, 7, 16, 27, 28, 37, 42, 45, 49, 58)
(3, 7, 10, 28, 31, 42, 45, 48, 49, 52)
(5, 13, 18, 24, 26, 33, 34, 47, 55, 60)
(6, 9, 14, 21, 30, 35, 45, 48, 51, 56)
(3, 12, 13, 19, 30, 34, 40, 48, 55, 61)
(4, 11, 15, 18, 25, 32, 46, 51, 53, 60)
(1, 9, 10, 22, 31, 39, 43, 48, 52, 60)
(3, 4, 18, 20, 25, 39, 41, 46, 57, 62)
(3, 6, 10, 19, 31, 40, 45, 48, 52, 61)
(2, 5, 23, 24, 26, 44, 45, 47, 48, 51)
(1, 15, 19, 22, 24, 36, 40, 43, 54, 61)
(9, 10, 13, 24, 31, 34, 36, 51, 52, 55)
(12, 13, 17, 22, 31, 35, 38, 40, 49, 58)
(3, 9, 10, 30, 31, 36, 45, 48, 51, 52)
(12, 15, 17, 18, 20, 33, 38, 41, 59, 62)
(3, 4, 19, 25, 30, 39, 40, 46, 48, 61)
(7, 11, 15, 24, 28, 32, 42, 49, 53, 54)
(6, 12, 18, 19, 27, 33, 39, 40, 60, 61)
(2, 3, 20, 23, 27, 41, 44, 45, 48, 62)
(8, 15, 18, 19, 29, 36, 39, 40, 50, 61)
(4, 6, 20, 25, 27, 33, 41, 46, 51, 62)
(1, 12, 16, 22, 27, 37, 43, 45, 54, 58)
(14, 15, 16, 23, 28, 32, 37, 41, 50, 59)
(3, 5, 24, 26, 30, 36, 45, 47, 48, 51)
(6, 7, 15, 24, 28, 33, 42, 49, 51, 60)
(9, 15, 17, 18, 20, 36, 38, 41, 59, 62)
(6, 11, 14, 21, 27, 32, 35, 53, 56, 60)
(3, 4, 5, 25, 26, 46, 47, 48, 54, 57)
(11, 12, 15, 17, 18, 32, 38, 53, 59, 60)
(11, 13, 15, 18, 24, 32, 34, 53, 55, 60)
(9, 15, 16, 18, 30, 36, 37, 39, 57, 58)
(2, 14, 21, 23, 27, 33, 35, 44, 56, 60)
(6, 12, 17, 24, 27, 33, 38, 45, 54, 59)
(1, 5, 12, 22, 26, 43, 47, 48, 54, 57)
(5, 13, 18, 24, 26, 34, 36, 47, 55, 57)
(3, 6, 9, 20, 30, 41, 45, 48, 51, 62)
(7, 13, 17, 24, 26, 34, 35, 44, 53, 62)
(1, 15, 16, 22, 30, 36, 37, 43, 57, 58)
(7, 12, 15, 18, 28, 33, 42, 49, 54, 57)
(1, 10, 19, 28, 29, 37, 39, 46, 50, 56)
(3, 4, 20, 25, 27, 33, 41, 46, 54, 62)
(2, 9, 16, 23, 30, 37, 39, 44, 57, 58)
(3, 8, 11, 29, 30, 32, 45, 50, 53, 54)
(6, 11, 15, 17, 24, 32, 38, 53, 59, 60)
(3, 12, 16, 20, 27, 37, 39, 41, 58, 62)
(3, 10, 15, 24, 31, 33, 36, 52, 54, 57)
(2, 9, 16, 23, 30, 37, 44, 45, 51, 58)
(6, 7, 9, 20, 28, 41, 42, 49, 51, 62)
(1, 8, 15, 22, 29, 36, 43, 50, 54, 57)
(3, 13, 19, 24, 30, 34, 36, 40, 55, 61)
(4, 10, 18, 25, 31, 33, 39, 46, 52, 57)
(3, 4, 20, 25, 27, 39, 41, 46, 48, 62)
(3, 12, 13, 19, 24, 34, 40, 54, 55, 61)
(3, 9, 17, 20, 30, 36, 38, 41, 59, 62)
(3, 13, 16, 24, 30, 34, 37, 45, 55, 58)
(3, 4, 8, 25, 29, 45, 46, 50, 51, 54)
(4, 5, 18, 25, 26, 33, 46, 47, 54, 57)
(4, 14, 18, 21, 25, 35, 39, 46, 56, 57)
(2, 9, 11, 23, 30, 32, 44, 51, 53, 60)
(9, 14, 16, 21, 30, 35, 37, 39, 56, 58)
(1, 13, 22, 24, 30, 34, 43, 45, 48, 55)
(6, 8, 15, 17, 29, 33, 38, 50, 59, 60)
(6, 9, 13, 20, 24, 34, 41, 51, 55, 62)
(2, 5, 9, 23, 26, 44, 47, 48, 51, 60)
(5, 6, 14, 19, 28, 32, 41, 50, 59, 61)
(6, 8, 15, 16, 29, 37, 45, 50, 51, 58)
(3, 14, 19, 21, 30, 35, 36, 40, 56, 61)
(1, 12, 19, 22, 30, 39, 40, 43, 48, 61)
(6, 8, 15, 24, 29, 33, 45, 50, 51, 54)
(6, 12, 13, 19, 27, 34, 40, 48, 55, 61)
(1, 14, 21, 22, 30, 35, 36, 43, 56, 57)
(6, 14, 20, 21, 27, 33, 35, 41, 56, 62)
(1, 4, 22, 25, 30, 43, 45, 46, 48, 51)
(2, 5, 23, 24, 26, 33, 44, 47, 54, 57)
(6, 9, 17, 24, 30, 36, 38, 45, 51, 59)
(3, 4, 10, 25, 31, 39, 46, 48, 52, 57)
(11, 12, 18, 20, 27, 32, 39, 41, 53, 62)
(9, 14, 15, 18, 21, 35, 36, 51, 56, 60)
(3, 12, 15, 18, 20, 33, 41, 54, 57, 62)
(3, 8, 15, 20, 29, 33, 41, 50, 54, 62)
(3, 5, 20, 24, 26, 36, 41, 47, 51, 62)
(7, 9, 13, 18, 28, 34, 42, 49, 55, 60)
(5, 6, 9, 17, 26, 38, 47, 48, 59, 60)
(5, 14, 18, 21, 26, 35, 36, 47, 56, 57)
(1, 4, 22, 24, 25, 43, 45, 46, 51, 54)
(3, 5, 8, 26, 29, 45, 47, 48, 50, 54)
(1, 8, 15, 22, 29, 33, 43, 50, 54, 60)
(5, 9, 10, 26, 31, 36, 47, 48, 51, 52)
(2, 6, 9, 23, 27, 44, 45, 48, 51, 60)
(6, 11, 12, 19, 27, 32, 40, 53, 54, 61)
(13, 15, 18, 19, 24, 34, 36, 40, 55, 61)
(1, 12, 15, 16, 22, 37, 43, 54, 57, 58)
(2, 8, 15, 23, 29, 33, 44, 50, 51, 60)
(11, 12, 15, 16, 27, 32, 37, 53, 54, 58)
(5, 12, 18, 19, 26, 33, 40, 47, 54, 61)
(2, 11, 13, 20, 24, 38, 47, 49, 55, 56)
(5, 14, 23, 24, 28, 32, 34, 41, 55, 59)
(2, 9, 13, 23, 27, 34, 44, 48, 55, 60)
(9, 10, 13, 16, 31, 34, 37, 52, 55, 58)
(2, 9, 10, 23, 31, 44, 45, 48, 51, 52)
(3, 5, 18, 20, 26, 36, 41, 47, 57, 62)
(4, 9, 18, 25, 30, 36, 39, 46, 51, 57)
(6, 8, 16, 27, 29, 37, 39, 45, 50, 58)
(14, 15, 17, 21, 24, 35, 36, 38, 56, 59)
(9, 10, 15, 18, 31, 33, 36, 51, 52, 60)
(4, 12, 18, 25, 27, 33, 39, 46, 54, 57)
(6, 7, 8, 28, 29, 42, 45, 49, 50, 51)
(6, 11, 12, 17, 27, 32, 38, 53, 59, 60)
(3, 4, 13, 20, 31, 35, 40, 49, 58, 62)
(2, 10, 23, 24, 31, 33, 44, 45, 51, 52)
(3, 12, 15, 16, 19, 37, 40, 54, 58, 61)
(3, 11, 15, 24, 30, 32, 36, 53, 54, 57)
(6, 15, 17, 19, 24, 36, 38, 40, 59, 61)
(3, 12, 13, 24, 27, 34, 45, 48, 54, 55)
(7, 9, 15, 18, 28, 36, 42, 49, 51, 60)
(3, 10, 19, 20, 28, 37, 41, 46, 55, 56)
(3, 8, 15, 24, 29, 36, 45, 50, 51, 54)
(1, 13, 22, 24, 30, 34, 36, 43, 55, 57)
(9, 11, 13, 18, 30, 32, 34, 53, 55, 60)
(1, 11, 12, 22, 27, 32, 43, 53, 54, 60)
(6, 9, 14, 17, 21, 35, 38, 56, 59, 60)
(6, 8, 15, 20, 29, 33, 41, 50, 51, 62)
(9, 12, 13, 18, 30, 34, 39, 48, 55, 57)
(6, 12, 16, 19, 27, 37, 39, 40, 58, 61)
(10, 15, 18, 19, 31, 33, 36, 40, 52, 61)
(2, 5, 18, 23, 26, 33, 44, 47, 57, 60)
(7, 15, 17, 24, 28, 36, 38, 42, 49, 59)
(9, 10, 13, 18, 31, 33, 34, 52, 55, 60)
(6, 11, 15, 18, 19, 32, 40, 53, 60, 61)
(4, 9, 13, 25, 30, 34, 46, 48, 51, 55)
(4, 13, 22, 26, 31, 35, 40, 47, 48, 49)
(2, 8, 9, 23, 29, 39, 44, 50, 51, 60)
(9, 14, 18, 21, 30, 35, 36, 39, 56, 57)
(4, 9, 13, 18, 25, 34, 46, 51, 55, 60)
(10, 12, 13, 18, 31, 33, 34, 52, 55, 57)
(4, 5, 18, 25, 26, 33, 46, 47, 51, 60)
(4, 11, 15, 24, 25, 32, 46, 51, 53, 54)
(4, 11, 25, 27, 30, 32, 39, 46, 48, 53)
(1, 7, 22, 28, 30, 42, 43, 45, 48, 49)
(12, 13, 14, 21, 27, 34, 35, 48, 55, 56)
(5, 9, 17, 26, 30, 36, 38, 47, 48, 59)
(9, 10, 14, 21, 31, 35, 39, 48, 52, 56)
(3, 4, 15, 24, 25, 36, 46, 51, 54, 57)
(6, 11, 15, 20, 24, 32, 41, 51, 53, 62)
(3, 7, 14, 16, 25, 34, 41, 52, 61, 62)
(5, 9, 13, 18, 26, 34, 47, 48, 55, 60)
(7, 15, 18, 19, 28, 36, 40, 42, 49, 61)
(5, 8, 11, 26, 29, 32, 47, 50, 53, 54)
(6, 8, 9, 17, 29, 38, 39, 50, 59, 60)
(5, 6, 19, 24, 26, 33, 40, 47, 54, 61)
(6, 11, 19, 20, 29, 38, 40, 47, 49, 56)
(2, 9, 13, 18, 23, 34, 44, 55, 57, 60)
(4, 15, 18, 20, 25, 33, 41, 46, 51, 62)
(3, 6, 12, 19, 27, 40, 45, 48, 54, 61)
(1, 14, 21, 22, 24, 35, 43, 45, 54, 56)
(12, 14, 15, 18, 21, 33, 35, 54, 56, 57)
(1, 8, 22, 29, 30, 36, 39, 43, 50, 57)
(5, 12, 18, 26, 27, 33, 39, 47, 48, 60)
(7, 11, 15, 18, 28, 32, 42, 49, 53, 60)
(4, 14, 21, 25, 27, 33, 35, 46, 54, 56)
(9, 10, 14, 21, 31, 35, 36, 51, 52, 56)
(7, 9, 10, 28, 31, 39, 42, 48, 49, 52)
(5, 6, 17, 24, 26, 33, 38, 47, 59, 60)
(1, 15, 16, 22, 24, 37, 43, 45, 54, 58)
(1, 5, 14, 23, 28, 32, 43, 50, 59, 60)
(1, 12, 14, 21, 22, 35, 43, 54, 56, 57)
(6, 14, 17, 21, 24, 35, 38, 45, 56, 59)
(3, 12, 18, 19, 30, 36, 39, 40, 57, 61)
(9, 12, 13, 17, 30, 34, 38, 48, 55, 59)
(5, 7, 24, 26, 28, 36, 42, 47, 49, 51)
(3, 12, 15, 17, 24, 36, 38, 54, 57, 59)
(1, 12, 13, 22, 24, 34, 43, 54, 55, 57)
(6, 12, 16, 17, 27, 37, 38, 45, 58, 59)
(4, 6, 19, 25, 27, 33, 40, 46, 54, 61)
(7, 8, 15, 28, 29, 33, 42, 49, 50, 54)
(2, 3, 16, 23, 30, 37, 44, 45, 57, 58)
(14, 15, 18, 20, 21, 33, 35, 41, 56, 62)
(5, 7, 24, 26, 28, 33, 42, 47, 49, 54)
(11, 15, 18, 19, 30, 32, 36, 40, 53, 61)
(2, 11, 23, 27, 30, 32, 44, 45, 48, 53)
(3, 12, 14, 21, 27, 35, 45, 48, 54, 56)
(6, 8, 15, 19, 29, 33, 40, 50, 54, 61)
(1, 12, 18, 19, 22, 39, 40, 43, 60, 61)
(3, 12, 13, 18, 20, 34, 41, 55, 57, 62)
(6, 11, 16, 27, 30, 32, 37, 45, 53, 58)
(8, 11, 15, 18, 29, 32, 39, 50, 53, 60)
(6, 9, 11, 20, 30, 32, 41, 51, 53, 62)
(6, 9, 16, 27, 30, 37, 39, 45, 48, 58)
(2, 7, 23, 27, 28, 33, 42, 44, 49, 60)
(12, 15, 16, 18, 19, 37, 39, 40, 58, 61)
(6, 9, 13, 20, 27, 34, 41, 48, 55, 62)
(2, 11, 15, 18, 23, 32, 44, 53, 57, 60)
(5, 8, 17, 26, 29, 36, 38, 47, 50, 59)
(1, 12, 16, 22, 27, 37, 39, 43, 58, 60)
(3, 10, 14, 21, 31, 35, 45, 48, 52, 56)
(9, 14, 17, 21, 30, 35, 36, 38, 56, 59)
(1, 17, 22, 24, 30, 36, 38, 43, 45, 59)
(1, 12, 17, 22, 24, 38, 43, 45, 54, 59)
(6, 8, 11, 27, 29, 32, 39, 50, 53, 60)
(9, 10, 18, 20, 31, 33, 39, 41, 52, 62)
(1, 12, 16, 22, 30, 37, 39, 43, 57, 58)
(6, 9, 15, 18, 20, 33, 41, 51, 60, 62)
(7, 8, 17, 22, 26, 35, 43, 44, 53, 60)
(6, 8, 11, 15, 29, 32, 50, 51, 53, 60)
(6, 9, 18, 20, 27, 33, 39, 41, 60, 62)
(5, 6, 8, 26, 29, 45, 47, 48, 50, 51)
(1, 6, 16, 22, 27, 37, 43, 45, 58, 60)
(1, 10, 12, 22, 31, 39, 43, 48, 52, 57)
(3, 9, 13, 20, 30, 34, 41, 48, 55, 62)
(10, 15, 17, 24, 31, 33, 36, 38, 52, 59)
(2, 9, 16, 23, 27, 37, 39, 44, 58, 60)
(5, 6, 11, 26, 27, 32, 47, 48, 53, 60)
(5, 7, 18, 26, 28, 36, 42, 47, 49, 57)
(12, 14, 18, 21, 27, 33, 35, 39, 56, 60)
(3, 6, 19, 24, 30, 36, 40, 45, 51, 61)
(1, 9, 18, 22, 30, 36, 39, 43, 57, 60)
(2, 8, 15, 23, 29, 33, 44, 50, 54, 57)
(3, 6, 20, 24, 27, 33, 41, 45, 54, 62)
(3, 8, 10, 29, 31, 36, 45, 50, 51, 52)
(4, 6, 11, 25, 27, 32, 46, 51, 53, 60)
(4, 7, 8, 25, 26, 35, 44, 51, 53, 62)
(3, 8, 12, 27, 29, 39, 45, 48, 50, 54)
(3, 15, 17, 20, 24, 36, 38, 41, 59, 62)
(2, 12, 13, 23, 27, 34, 44, 48, 55, 57)
(6, 9, 16, 19, 30, 37, 39, 40, 58, 61)
(3, 10, 12, 16, 31, 37, 39, 52, 57, 58)
(3, 11, 12, 20, 27, 32, 41, 53, 54, 62)
(9, 13, 14, 18, 21, 34, 35, 55, 56, 60)
(3, 4, 10, 25, 31, 33, 46, 52, 54, 57)
(3, 6, 16, 20, 27, 37, 41, 45, 58, 62)
(1, 14, 21, 22, 30, 35, 43, 45, 48, 56)
(3, 10, 15, 16, 31, 36, 37, 52, 57, 58)
(6, 9, 16, 17, 30, 37, 38, 45, 58, 59)
(3, 10, 12, 27, 31, 33, 45, 48, 52, 54)
(4, 9, 16, 25, 30, 37, 39, 46, 51, 58)
(4, 18, 20, 25, 27, 33, 39, 41, 46, 62)
(8, 14, 15, 21, 29, 33, 35, 50, 54, 56)
(3, 4, 10, 25, 31, 45, 46, 48, 51, 52)
(12, 14, 18, 19, 21, 35, 39, 40, 56, 61)
(1, 5, 18, 22, 26, 36, 43, 47, 57, 60)
(1, 5, 22, 24, 26, 36, 43, 47, 51, 60)
(5, 7, 14, 25, 26, 34, 43, 48, 52, 61)
(6, 7, 11, 27, 28, 32, 42, 49, 53, 60)
(4, 13, 18, 25, 27, 33, 34, 46, 55, 60)
(5, 14, 21, 24, 26, 35, 36, 47, 51, 56)
(3, 4, 8, 25, 29, 39, 46, 50, 54, 57)
(2, 9, 13, 23, 24, 34, 44, 51, 55, 60)
(2, 9, 20, 23, 27, 39, 41, 44, 48, 62)
(4, 7, 25, 27, 28, 39, 42, 46, 48, 49)
(9, 10, 15, 16, 31, 36, 37, 51, 52, 58)
(10, 12, 16, 27, 31, 33, 37, 39, 52, 58)
(3, 8, 15, 19, 29, 36, 40, 50, 54, 61)
(2, 4, 23, 25, 27, 44, 45, 46, 48, 51)
(9, 11, 18, 20, 30, 32, 39, 41, 53, 62)
(8, 12, 15, 17, 29, 33, 38, 50, 54, 59)
(3, 9, 10, 20, 31, 36, 41, 51, 52, 62)
(6, 9, 14, 21, 27, 35, 39, 48, 56, 60)
(2, 15, 20, 23, 24, 33, 41, 44, 51, 62)
(7, 9, 18, 28, 30, 36, 39, 42, 49, 57)
(5, 14, 18, 21, 26, 33, 35, 47, 56, 60)
(1, 11, 15, 22, 24, 32, 43, 53, 54, 60)
(1, 7, 22, 28, 30, 36, 42, 43, 49, 57)
(6, 9, 13, 24, 30, 34, 45, 48, 51, 55)
(3, 7, 12, 27, 28, 42, 45, 48, 49, 54)
(5, 11, 24, 26, 30, 32, 36, 47, 51, 53)
(14, 15, 18, 19, 21, 35, 36, 40, 56, 61)
(2, 3, 12, 23, 27, 44, 45, 48, 54, 57)
(4, 8, 22, 29, 31, 35, 39, 40, 49, 58)
(1, 10, 22, 24, 31, 36, 43, 45, 51, 52)
(7, 12, 16, 27, 28, 37, 39, 42, 49, 58)
(6, 9, 10, 20, 31, 33, 41, 51, 52, 62)
(11, 12, 15, 18, 19, 32, 40, 53, 54, 61)
(2, 4, 11, 20, 29, 46, 47, 49, 51, 56)
(4, 6, 16, 25, 27, 37, 45, 46, 51, 58)
(4, 10, 25, 27, 31, 33, 39, 46, 48, 52)
(12, 15, 17, 18, 19, 36, 38, 40, 59, 61)
(4, 13, 24, 25, 27, 33, 34, 46, 54, 55)
(5, 6, 20, 26, 27, 33, 41, 47, 48, 62)
(3, 7, 12, 19, 28, 40, 42, 49, 54, 61)
(2, 8, 23, 27, 29, 33, 39, 44, 50, 60)
(6, 7, 9, 17, 28, 38, 42, 49, 59, 60)
(3, 12, 17, 19, 30, 36, 38, 40, 59, 61)
(1, 9, 13, 22, 30, 34, 43, 48, 55, 60)
(2, 5, 23, 26, 27, 33, 44, 47, 48, 60)
(5, 11, 18, 20, 26, 32, 41, 47, 53, 62)
(3, 10, 12, 13, 31, 34, 48, 52, 55, 57)
(3, 9, 18, 20, 30, 36, 39, 41, 57, 62)
(6, 14, 15, 21, 24, 33, 35, 51, 56, 60)
(3, 4, 12, 25, 27, 39, 46, 48, 54, 57)
(2, 11, 15, 23, 24, 32, 44, 53, 54, 57)
(11, 14, 15, 21, 24, 32, 35, 53, 54, 56)
(2, 9, 15, 18, 23, 36, 44, 51, 57, 60)
(2, 8, 17, 23, 29, 38, 44, 45, 50, 59)
(3, 8, 10, 29, 31, 33, 45, 50, 52, 54)
(1, 7, 22, 24, 28, 42, 43, 45, 49, 54)
(8, 11, 12, 27, 29, 32, 39, 50, 53, 54)
(6, 11, 13, 24, 27, 32, 34, 53, 55, 60)
(2, 3, 10, 23, 31, 44, 45, 48, 52, 57)
(1, 6, 8, 22, 29, 43, 45, 50, 51, 60)
(1, 4, 22, 25, 30, 36, 43, 46, 51, 57)
(9, 13, 15, 18, 24, 34, 36, 51, 55, 60)
(9, 11, 15, 18, 30, 32, 36, 51, 53, 60)
(5, 14, 21, 24, 26, 33, 35, 47, 54, 56)
(3, 8, 10, 29, 31, 39, 45, 48, 50, 52)
(2, 10, 20, 29, 31, 33, 38, 47, 49, 56)
(2, 9, 17, 23, 30, 38, 44, 45, 48, 59)
(1, 4, 19, 22, 25, 40, 43, 46, 54, 61)
(2, 11, 15, 23, 24, 32, 44, 51, 53, 60)
(2, 4, 23, 25, 27, 33, 44, 46, 51, 60)
(1, 2, 10, 23, 28, 37, 46, 55, 56, 57)
(3, 8, 15, 20, 29, 36, 41, 50, 51, 62)
(1, 9, 17, 22, 30, 36, 38, 43, 59, 60)
(6, 7, 9, 28, 30, 42, 45, 48, 49, 51)
(1, 12, 17, 22, 30, 38, 43, 45, 48, 59)
(2, 9, 10, 23, 31, 33, 44, 51, 52, 60)
(2, 3, 8, 23, 29, 44, 45, 50, 54, 57)
(2, 12, 17, 23, 27, 33, 38, 44, 59, 60)
(9, 12, 16, 17, 30, 37, 38, 39, 58, 59)
(1, 12, 17, 22, 30, 36, 38, 43, 57, 59)
(1, 9, 16, 22, 30, 37, 39, 43, 58, 60)
(1, 15, 17, 22, 24, 36, 38, 43, 59, 60)
(2, 11, 20, 23, 27, 32, 41, 44, 53, 62)
(3, 7, 12, 28, 30, 39, 42, 48, 49, 57)
(8, 10, 15, 29, 31, 33, 36, 50, 51, 52)
(3, 7, 24, 28, 30, 36, 42, 45, 49, 51)
(8, 15, 18, 20, 29, 33, 39, 41, 50, 62)
(1, 11, 19, 28, 30, 32, 37, 46, 55, 56)
(9, 15, 16, 18, 20, 37, 39, 41, 58, 62)
(2, 7, 23, 27, 28, 42, 44, 45, 48, 49)
(3, 4, 16, 25, 30, 37, 45, 46, 51, 58)
(4, 15, 16, 18, 25, 37, 39, 46, 57, 58)
(2, 9, 10, 23, 31, 36, 44, 51, 52, 57)
(9, 13, 18, 19, 30, 34, 36, 40, 55, 61)
(4, 15, 16, 25, 27, 33, 37, 46, 54, 58)
(1, 10, 19, 22, 31, 36, 40, 43, 52, 61)
(11, 12, 13, 27, 30, 32, 34, 48, 53, 55)
(6, 14, 21, 24, 27, 33, 35, 45, 54, 56)
(12, 15, 16, 18, 27, 33, 37, 39, 58, 60)
(1, 5, 22, 26, 30, 36, 43, 47, 48, 57)
(3, 8, 12, 17, 29, 38, 45, 50, 54, 59)
(4, 9, 10, 25, 31, 39, 46, 48, 51, 52)
(1, 10, 12, 19, 28, 37, 38, 55, 56, 59)
(3, 10, 17, 24, 31, 36, 38, 45, 52, 59)
(11, 12, 15, 18, 27, 32, 33, 53, 54, 60)
(6, 9, 15, 16, 20, 37, 41, 51, 58, 62)
(3, 4, 11, 25, 30, 32, 46, 53, 54, 57)
(10, 12, 13, 27, 31, 33, 34, 48, 52, 55)
(5, 15, 18, 24, 26, 33, 36, 47, 54, 57)
(4, 6, 24, 25, 27, 33, 45, 46, 51, 54)
(12, 13, 15, 16, 18, 34, 37, 55, 57, 58)
(4, 11, 15, 18, 25, 32, 46, 53, 54, 57)
(2, 9, 13, 23, 30, 34, 44, 48, 55, 57)
(1, 3, 12, 22, 30, 43, 45, 48, 54, 57)
(6, 9, 10, 27, 31, 33, 39, 48, 52, 60)
(4, 11, 18, 25, 30, 32, 39, 46, 53, 57)
(6, 9, 13, 17, 24, 34, 38, 55, 59, 60)
(7, 8, 15, 16, 17, 35, 44, 53, 58, 62)
(8, 9, 10, 29, 31, 36, 39, 50, 51, 52)
(1, 5, 22, 24, 26, 36, 43, 47, 54, 57)
(11, 12, 14, 21, 27, 32, 35, 53, 54, 56)
(2, 15, 18, 20, 23, 33, 41, 44, 57, 62)
(3, 6, 17, 20, 24, 38, 41, 45, 59, 62)
(6, 9, 12, 17, 27, 38, 39, 48, 59, 60)
(3, 8, 19, 29, 30, 36, 39, 40, 50, 61)
(6, 9, 15, 17, 24, 36, 38, 51, 59, 60)
(7, 12, 13, 27, 28, 34, 42, 48, 49, 55)
(5, 10, 24, 26, 31, 33, 36, 47, 51, 52)
(7, 8, 15, 28, 29, 36, 42, 49, 50, 51)
(2, 13, 23, 24, 27, 34, 44, 45, 48, 55)
(1, 10, 22, 24, 31, 33, 43, 45, 52, 54)
(3, 12, 14, 19, 21, 35, 40, 54, 56, 61)
(5, 6, 19, 24, 26, 36, 40, 47, 51, 61)
(6, 7, 8, 17, 26, 35, 40, 53, 61, 62)
(2, 9, 14, 21, 23, 35, 44, 51, 56, 60)
(1, 6, 22, 24, 27, 33, 43, 45, 54, 60)
(5, 15, 18, 24, 26, 33, 36, 47, 51, 60)
(1, 4, 22, 25, 27, 39, 43, 46, 48, 60)
(3, 12, 13, 20, 27, 34, 41, 48, 55, 62)
(6, 10, 16, 27, 31, 33, 37, 45, 52, 58)
(5, 6, 9, 20, 26, 41, 47, 48, 51, 62)
(7, 9, 18, 20, 28, 39, 41, 42, 49, 62)
(11, 12, 16, 27, 30, 32, 37, 39, 53, 58)
(4, 14, 21, 25, 27, 35, 39, 46, 48, 56)
(2, 11, 15, 20, 29, 37, 38, 49, 56, 58)
(6, 12, 17, 20, 27, 33, 38, 41, 59, 62)
(3, 9, 16, 20, 30, 37, 39, 41, 58, 62)
(2, 5, 23, 24, 26, 33, 44, 47, 51, 60)
(2, 7, 23, 24, 28, 42, 44, 45, 49, 51)
(6, 8, 11, 29, 30, 32, 45, 50, 51, 53)
(3, 14, 15, 21, 24, 35, 36, 54, 56, 57)
(6, 9, 10, 19, 31, 36, 40, 51, 52, 61)
(3, 10, 12, 17, 31, 36, 38, 52, 57, 59)
(12, 13, 14, 18, 21, 34, 35, 55, 56, 57)
(1, 8, 15, 22, 29, 36, 43, 50, 51, 60)
(5, 9, 18, 20, 26, 36, 41, 47, 51, 62)
(3, 9, 10, 30, 31, 36, 39, 48, 52, 57)
(6, 9, 13, 19, 30, 34, 40, 48, 55, 61)
(1, 2, 22, 23, 24, 43, 44, 45, 54, 57)
(5, 14, 23, 25, 28, 32, 41, 46, 50, 51)
(3, 4, 14, 21, 25, 35, 46, 54, 56, 57)
(6, 9, 13, 18, 19, 34, 40, 55, 60, 61)
(5, 12, 17, 18, 26, 36, 38, 47, 57, 59)
(8, 11, 15, 29, 30, 32, 36, 50, 51, 53)
(5, 9, 17, 18, 26, 36, 38, 47, 59, 60)
(7, 8, 17, 26, 31, 33, 35, 44, 52, 62)
(6, 7, 9, 27, 28, 39, 42, 48, 49, 60)
(3, 12, 13, 16, 30, 34, 37, 55, 57, 58)
(3, 6, 16, 19, 30, 37, 40, 45, 58, 61)
(1, 12, 13, 22, 27, 34, 43, 48, 55, 60)
(3, 12, 18, 19, 20, 39, 40, 41, 61, 62)
(8, 14, 15, 21, 29, 35, 36, 50, 51, 56)
(3, 4, 19, 25, 30, 36, 40, 46, 51, 61)
(3, 12, 14, 21, 30, 35, 39, 48, 56, 57)
(3, 14, 16, 21, 30, 35, 37, 45, 56, 58)
(4, 8, 25, 27, 29, 33, 39, 46, 50, 54)
(12, 13, 18, 20, 27, 33, 34, 41, 55, 62)
(1, 8, 12, 22, 29, 39, 43, 50, 54, 57)
(1, 8, 22, 29, 30, 39, 43, 45, 48, 50)
(4, 5, 18, 25, 26, 36, 46, 47, 51, 57)
(2, 9, 10, 23, 31, 39, 44, 48, 52, 57)
(11, 12, 15, 17, 24, 32, 38, 53, 54, 59)
(12, 14, 16, 21, 27, 35, 37, 39, 56, 58)
(4, 8, 15, 25, 29, 33, 46, 50, 51, 54)
(4, 6, 19, 25, 27, 39, 40, 46, 48, 61)
(3, 8, 14, 21, 29, 35, 45, 50, 54, 56)
(6, 8, 15, 19, 29, 36, 40, 50, 51, 61)
(2, 4, 13, 22, 31, 35, 44, 49, 57, 58)
(1, 15, 18, 19, 22, 36, 40, 43, 60, 61)
(6, 9, 16, 20, 27, 37, 39, 41, 58, 62)
(1, 5, 10, 19, 28, 46, 47, 48, 55, 56)
(3, 5, 19, 26, 30, 36, 40, 47, 48, 61)
(5, 12, 17, 24, 26, 33, 38, 47, 54, 59)
(5, 9, 18, 26, 30, 36, 39, 47, 48, 57)
(6, 10, 17, 24, 31, 33, 38, 45, 52, 59)
(2, 8, 23, 27, 29, 33, 44, 45, 50, 54)
(11, 12, 13, 18, 30, 32, 34, 53, 55, 57)
(6, 13, 16, 24, 27, 34, 37, 45, 55, 58)
(1, 10, 12, 22, 31, 33, 43, 52, 54, 57)
(3, 5, 8, 26, 29, 36, 47, 50, 54, 57)
(6, 9, 13, 16, 27, 34, 37, 55, 58, 60)
(6, 9, 10, 19, 31, 39, 40, 48, 52, 61)
(5, 6, 18, 19, 26, 33, 40, 47, 60, 61)
(6, 9, 17, 19, 30, 36, 38, 40, 59, 61)
(6, 9, 18, 19, 20, 39, 40, 41, 61, 62)
(5, 10, 14, 23, 28, 33, 41, 50, 52, 59)
(3, 10, 14, 21, 31, 35, 36, 52, 56, 57)
(4, 6, 9, 25, 27, 39, 46, 48, 51, 60)
(3, 5, 12, 19, 26, 40, 47, 48, 54, 61)
(4, 15, 18, 19, 25, 33, 40, 46, 54, 61)
(3, 10, 13, 24, 31, 34, 45, 48, 52, 55)
(7, 8, 14, 16, 25, 39, 43, 50, 52, 61)
(8, 9, 15, 18, 29, 36, 39, 50, 51, 60)
(5, 6, 20, 24, 26, 33, 41, 47, 51, 62)
(7, 9, 16, 28, 30, 37, 39, 42, 49, 58)
(3, 11, 12, 27, 30, 32, 45, 48, 53, 54)
(7, 15, 18, 20, 28, 33, 41, 42, 49, 62)
(4, 7, 25, 27, 28, 33, 42, 46, 49, 54)
(1, 2, 11, 22, 29, 38, 47, 49, 56, 60)
(3, 4, 13, 25, 30, 34, 46, 48, 55, 57)
(5, 12, 13, 18, 26, 34, 47, 48, 55, 57)
(4, 5, 25, 26, 27, 33, 46, 47, 48, 54)
(3, 7, 15, 24, 28, 36, 42, 49, 54, 57)
(12, 13, 15, 18, 24, 33, 34, 54, 55, 57)
(2, 15, 17, 23, 24, 33, 38, 44, 59, 60)
(6, 8, 14, 21, 29, 35, 45, 50, 51, 56)
(1, 4, 22, 25, 30, 39, 43, 46, 48, 57)
(2, 8, 15, 23, 29, 36, 44, 50, 51, 57)
(2, 14, 21, 23, 27, 35, 44, 45, 48, 56)
(8, 9, 17, 29, 30, 36, 38, 39, 50, 59)
(3, 10, 12, 19, 31, 39, 40, 48, 52, 61)
(1, 5, 22, 24, 26, 33, 43, 47, 54, 60)
(1, 6, 19, 22, 24, 40, 43, 45, 54, 61)
(3, 5, 10, 26, 31, 36, 47, 48, 52, 57)
(7, 9, 17, 28, 30, 36, 38, 42, 49, 59)
(6, 15, 16, 20, 27, 33, 37, 41, 58, 62)
(5, 8, 18, 26, 29, 36, 39, 47, 50, 57)
(3, 4, 10, 25, 31, 36, 46, 51, 52, 57)
(2, 12, 17, 23, 27, 38, 44, 45, 48, 59)
(6, 9, 14, 20, 21, 35, 41, 51, 56, 62)
(3, 11, 15, 20, 24, 32, 41, 53, 54, 62)
(7, 12, 18, 27, 28, 33, 39, 42, 49, 60)
(3, 7, 19, 28, 30, 36, 40, 42, 49, 61)
(3, 7, 8, 28, 29, 42, 45, 49, 50, 54)
(9, 13, 17, 24, 30, 34, 36, 38, 55, 59)
(1, 9, 10, 22, 31, 36, 43, 51, 52, 60)
(2, 9, 18, 20, 23, 39, 41, 44, 57, 62)
(2, 9, 17, 20, 23, 38, 41, 44, 59, 62)
(3, 8, 10, 29, 31, 36, 39, 50, 52, 57)
(3, 15, 16, 19, 30, 36, 37, 40, 58, 61)
(3, 15, 16, 24, 30, 36, 37, 45, 51, 58)
}

Print indecomposable (contains 18 tuples): {
(3, 10, 17, 24, 31, 36, 38, 45, 52, 59)
(3, 10, 12, 16, 31, 37, 39, 52, 57, 58)
(5, 12, 18, 19, 26, 33, 40, 47, 54, 61)
(4, 11, 18, 25, 27, 32, 39, 46, 53, 60)
(1, 10, 12, 22, 31, 39, 43, 48, 52, 57)
(3, 12, 13, 16, 30, 34, 37, 55, 57, 58)
(2, 15, 20, 23, 24, 33, 41, 44, 51, 62)
(3, 4, 19, 25, 30, 39, 40, 46, 48, 61)
(6, 9, 13, 20, 27, 34, 41, 48, 55, 62)
(3, 4, 13, 25, 30, 34, 46, 48, 55, 57)
(2, 9, 16, 23, 30, 37, 44, 45, 51, 58)
(6, 8, 15, 17, 29, 33, 38, 50, 59, 60)
(1, 8, 15, 22, 29, 36, 43, 50, 54, 57)
(6, 11, 15, 20, 24, 32, 41, 51, 53, 62)
(2, 15, 17, 23, 24, 33, 38, 44, 59, 60)
(5, 6, 8, 26, 29, 33, 47, 50, 51, 60)
(1, 12, 19, 22, 30, 39, 40, 43, 48, 61)
(5, 6, 11, 24, 26, 32, 47, 51, 53, 60)
}

Print decomposable but no pairs (contains 612 tuples): {
(1, 12, 13, 22, 30, 34, 43, 48, 55, 57)
(6, 13, 20, 24, 27, 33, 34, 41, 55, 62)
(3, 12, 16, 27, 30, 37, 39, 45, 48, 58)
(6, 15, 18, 19, 20, 33, 40, 41, 61, 62)
(5, 6, 24, 26, 27, 33, 45, 47, 48, 54)
(1, 5, 22, 24, 26, 43, 45, 47, 48, 54)
(6, 7, 17, 24, 28, 38, 42, 45, 49, 59)
(3, 5, 20, 24, 26, 33, 41, 47, 54, 62)
(3, 4, 7, 25, 28, 42, 46, 49, 54, 57)
(9, 13, 15, 16, 18, 34, 37, 55, 58, 60)
(4, 13, 16, 25, 27, 34, 37, 46, 55, 58)
(3, 12, 15, 18, 19, 36, 40, 54, 57, 61)
(3, 4, 13, 24, 25, 34, 46, 54, 55, 57)
(2, 11, 23, 24, 27, 32, 44, 45, 53, 54)
(1, 6, 9, 22, 30, 43, 45, 48, 51, 60)
(7, 12, 18, 19, 28, 39, 40, 42, 49, 61)
(6, 9, 11, 17, 30, 32, 38, 53, 59, 60)
(9, 12, 13, 18, 27, 34, 39, 48, 55, 60)
(3, 10, 12, 17, 31, 38, 45, 48, 52, 59)
(7, 14, 16, 23, 25, 34, 43, 44, 52, 57)
(6, 11, 15, 19, 24, 32, 40, 53, 54, 61)
(11, 12, 13, 24, 27, 32, 34, 53, 54, 55)
(3, 8, 12, 19, 29, 39, 40, 50, 54, 61)
(3, 8, 16, 29, 30, 37, 39, 45, 50, 58)
(4, 9, 18, 20, 25, 39, 41, 46, 51, 62)
(2, 15, 16, 23, 24, 37, 44, 45, 51, 58)
(7, 11, 12, 27, 28, 32, 42, 49, 53, 54)
(6, 9, 11, 27, 30, 32, 39, 48, 53, 60)
(2, 6, 23, 24, 27, 33, 44, 45, 51, 60)
(5, 9, 18, 20, 26, 39, 41, 47, 48, 62)
(4, 13, 18, 19, 25, 34, 40, 46, 55, 61)
(1, 2, 22, 23, 24, 43, 44, 45, 51, 60)
(6, 9, 10, 16, 31, 37, 45, 51, 52, 58)
(3, 14, 21, 24, 30, 35, 36, 45, 51, 56)
(3, 9, 10, 20, 31, 39, 41, 48, 52, 62)
(1, 6, 17, 22, 24, 38, 43, 45, 59, 60)
(1, 3, 22, 24, 30, 36, 43, 45, 54, 57)
(2, 7, 9, 23, 28, 42, 44, 49, 51, 60)
(3, 6, 8, 20, 29, 41, 45, 50, 51, 62)
(2, 12, 18, 23, 27, 33, 39, 44, 57, 60)
(1, 2, 22, 23, 30, 43, 44, 45, 48, 57)
(6, 9, 15, 16, 17, 37, 38, 58, 59, 60)
(3, 8, 15, 16, 29, 37, 45, 50, 54, 58)
(5, 8, 18, 26, 29, 33, 39, 47, 50, 60)
(1, 2, 22, 23, 27, 43, 44, 45, 48, 60)
(6, 8, 9, 29, 30, 39, 45, 48, 50, 51)
(3, 4, 16, 25, 27, 37, 45, 46, 54, 58)
(4, 15, 18, 19, 25, 36, 40, 46, 51, 61)
(11, 12, 18, 19, 30, 32, 39, 40, 53, 61)
(2, 3, 20, 23, 24, 41, 44, 45, 51, 62)
(4, 11, 13, 22, 30, 35, 40, 49, 53, 58)
(2, 4, 23, 25, 27, 39, 44, 46, 48, 57)
(6, 11, 17, 24, 30, 32, 38, 45, 53, 59)
(6, 14, 16, 21, 27, 35, 37, 45, 56, 58)
(6, 9, 10, 17, 31, 38, 45, 48, 52, 59)
(3, 4, 16, 25, 30, 37, 39, 46, 57, 58)
(1, 4, 22, 25, 27, 43, 45, 46, 48, 54)
(3, 10, 12, 19, 31, 33, 40, 52, 54, 61)
(2, 15, 17, 23, 24, 36, 38, 44, 57, 59)
(4, 7, 18, 25, 28, 39, 42, 46, 49, 57)
(2, 11, 23, 24, 30, 32, 44, 45, 51, 53)
(6, 8, 11, 27, 29, 32, 45, 50, 53, 54)
(6, 9, 10, 17, 31, 33, 38, 52, 59, 60)
(2, 14, 21, 23, 24, 35, 44, 45, 51, 56)
(2, 12, 16, 23, 27, 37, 39, 44, 57, 58)
(5, 11, 12, 18, 26, 32, 47, 53, 54, 57)
(3, 10, 13, 24, 31, 34, 36, 52, 55, 57)
(9, 10, 12, 17, 31, 38, 39, 48, 52, 59)
(2, 9, 15, 16, 23, 37, 44, 51, 58, 60)
(1, 6, 19, 22, 30, 40, 43, 45, 48, 61)
(5, 11, 12, 26, 27, 32, 47, 48, 53, 54)
(2, 10, 23, 27, 31, 33, 44, 45, 48, 52)
(6, 7, 20, 27, 28, 33, 41, 42, 49, 62)
(7, 12, 14, 16, 17, 34, 43, 52, 59, 61)
(2, 3, 23, 24, 30, 36, 44, 45, 51, 57)
(9, 15, 16, 17, 30, 36, 37, 38, 58, 59)
(9, 12, 17, 18, 20, 38, 39, 41, 59, 62)
(5, 6, 17, 24, 26, 38, 45, 47, 48, 59)
(3, 5, 19, 24, 26, 36, 40, 47, 54, 61)
(6, 11, 15, 24, 27, 32, 33, 53, 54, 60)
(3, 12, 16, 19, 30, 37, 39, 40, 58, 61)
(10, 12, 18, 19, 31, 33, 39, 40, 52, 61)
(1, 4, 22, 25, 27, 33, 43, 46, 54, 60)
(5, 11, 18, 26, 30, 32, 36, 47, 53, 57)
(5, 7, 18, 26, 28, 33, 42, 47, 49, 60)
(5, 12, 18, 19, 26, 39, 40, 47, 48, 61)
(3, 12, 16, 17, 30, 37, 38, 45, 58, 59)
(9, 13, 14, 21, 30, 34, 35, 48, 55, 56)
(7, 14, 16, 25, 30, 32, 34, 43, 53, 61)
(4, 5, 18, 25, 26, 39, 46, 47, 48, 57)
(6, 7, 24, 27, 28, 33, 42, 45, 49, 54)
(1, 7, 12, 22, 28, 42, 43, 49, 54, 57)
(7, 9, 13, 28, 30, 34, 42, 48, 49, 55)
(3, 8, 17, 29, 30, 36, 38, 45, 50, 59)
(9, 12, 17, 18, 30, 36, 38, 39, 57, 59)
(3, 15, 18, 19, 20, 36, 40, 41, 61, 62)
(3, 7, 16, 28, 30, 37, 42, 45, 49, 58)
(5, 12, 17, 18, 26, 33, 38, 47, 59, 60)
(6, 9, 15, 18, 19, 36, 40, 51, 60, 61)
(1, 12, 13, 18, 22, 34, 43, 55, 57, 60)
(2, 8, 23, 27, 29, 39, 44, 45, 48, 50)
(9, 10, 18, 19, 31, 36, 39, 40, 52, 61)
(6, 8, 10, 29, 31, 33, 45, 50, 51, 52)
(3, 11, 12, 19, 30, 32, 40, 53, 54, 61)
(5, 10, 18, 26, 31, 33, 36, 47, 52, 57)
(8, 12, 15, 18, 29, 33, 39, 50, 54, 57)
(6, 15, 17, 20, 24, 33, 38, 41, 59, 62)
(1, 8, 22, 29, 30, 36, 43, 45, 50, 51)
(7, 9, 10, 28, 31, 36, 42, 49, 51, 52)
(6, 8, 20, 27, 29, 33, 39, 41, 50, 62)
(2, 11, 12, 23, 27, 32, 44, 53, 54, 57)
(1, 4, 18, 22, 25, 39, 43, 46, 57, 60)
(2, 13, 23, 24, 27, 33, 34, 44, 55, 60)
(9, 10, 13, 18, 31, 34, 36, 52, 55, 57)
(9, 12, 13, 17, 18, 34, 38, 55, 59, 60)
(2, 4, 23, 25, 27, 33, 44, 46, 54, 57)
(6, 15, 16, 17, 24, 37, 38, 45, 58, 59)
(7, 12, 13, 18, 28, 34, 42, 49, 55, 57)
(6, 11, 15, 16, 27, 32, 37, 53, 58, 60)
(3, 4, 15, 16, 25, 37, 46, 54, 57, 58)
(6, 8, 9, 20, 29, 39, 41, 50, 51, 62)
(1, 11, 22, 24, 30, 32, 43, 45, 53, 54)
(11, 12, 13, 18, 27, 32, 34, 53, 55, 60)
(4, 5, 24, 25, 26, 33, 46, 47, 51, 54)
(3, 7, 10, 28, 31, 36, 42, 49, 52, 57)
(2, 15, 16, 23, 27, 33, 37, 44, 58, 60)
(6, 15, 16, 24, 27, 33, 37, 45, 54, 58)
(3, 6, 8, 19, 29, 40, 45, 50, 54, 61)
(1, 12, 15, 18, 22, 33, 43, 54, 57, 60)
(13, 15, 18, 20, 24, 33, 34, 41, 55, 62)
(2, 9, 17, 23, 30, 36, 38, 44, 57, 59)
(9, 14, 18, 20, 21, 35, 39, 41, 56, 62)
(1, 10, 16, 22, 31, 37, 43, 45, 52, 58)
(1, 11, 12, 22, 30, 32, 43, 53, 54, 57)
(11, 14, 15, 18, 21, 32, 35, 53, 56, 60)
(2, 5, 23, 24, 26, 36, 44, 47, 51, 57)
(11, 15, 17, 24, 30, 32, 36, 38, 53, 59)
(6, 7, 16, 27, 28, 37, 42, 45, 49, 58)
(3, 7, 10, 28, 31, 42, 45, 48, 49, 52)
(5, 13, 18, 24, 26, 33, 34, 47, 55, 60)
(6, 9, 14, 21, 30, 35, 45, 48, 51, 56)
(3, 12, 13, 19, 30, 34, 40, 48, 55, 61)
(4, 11, 15, 18, 25, 32, 46, 51, 53, 60)
(1, 9, 10, 22, 31, 39, 43, 48, 52, 60)
(3, 4, 18, 20, 25, 39, 41, 46, 57, 62)
(3, 6, 10, 19, 31, 40, 45, 48, 52, 61)
(2, 5, 23, 24, 26, 44, 45, 47, 48, 51)
(1, 15, 19, 22, 24, 36, 40, 43, 54, 61)
(9, 10, 13, 24, 31, 34, 36, 51, 52, 55)
(12, 13, 17, 22, 31, 35, 38, 40, 49, 58)
(3, 9, 10, 30, 31, 36, 45, 48, 51, 52)
(12, 15, 17, 18, 20, 33, 38, 41, 59, 62)
(7, 11, 15, 24, 28, 32, 42, 49, 53, 54)
(6, 12, 18, 19, 27, 33, 39, 40, 60, 61)
(2, 3, 20, 23, 27, 41, 44, 45, 48, 62)
(8, 15, 18, 19, 29, 36, 39, 40, 50, 61)
(4, 6, 20, 25, 27, 33, 41, 46, 51, 62)
(1, 12, 16, 22, 27, 37, 43, 45, 54, 58)
(14, 15, 16, 23, 28, 32, 37, 41, 50, 59)
(3, 5, 24, 26, 30, 36, 45, 47, 48, 51)
(6, 7, 15, 24, 28, 33, 42, 49, 51, 60)
(9, 15, 17, 18, 20, 36, 38, 41, 59, 62)
(6, 11, 14, 21, 27, 32, 35, 53, 56, 60)
(3, 4, 5, 25, 26, 46, 47, 48, 54, 57)
(11, 12, 15, 17, 18, 32, 38, 53, 59, 60)
(11, 13, 15, 18, 24, 32, 34, 53, 55, 60)
(9, 15, 16, 18, 30, 36, 37, 39, 57, 58)
(2, 14, 21, 23, 27, 33, 35, 44, 56, 60)
(6, 12, 17, 24, 27, 33, 38, 45, 54, 59)
(1, 5, 12, 22, 26, 43, 47, 48, 54, 57)
(5, 13, 18, 24, 26, 34, 36, 47, 55, 57)
(3, 6, 9, 20, 30, 41, 45, 48, 51, 62)
(7, 13, 17, 24, 26, 34, 35, 44, 53, 62)
(1, 15, 16, 22, 30, 36, 37, 43, 57, 58)
(7, 12, 15, 18, 28, 33, 42, 49, 54, 57)
(1, 10, 19, 28, 29, 37, 39, 46, 50, 56)
(3, 4, 20, 25, 27, 33, 41, 46, 54, 62)
(2, 9, 16, 23, 30, 37, 39, 44, 57, 58)
(3, 8, 11, 29, 30, 32, 45, 50, 53, 54)
(6, 11, 15, 17, 24, 32, 38, 53, 59, 60)
(3, 12, 16, 20, 27, 37, 39, 41, 58, 62)
(3, 10, 15, 24, 31, 33, 36, 52, 54, 57)
(6, 7, 9, 20, 28, 41, 42, 49, 51, 62)
(3, 13, 19, 24, 30, 34, 36, 40, 55, 61)
(4, 10, 18, 25, 31, 33, 39, 46, 52, 57)
(3, 4, 20, 25, 27, 39, 41, 46, 48, 62)
(3, 12, 13, 19, 24, 34, 40, 54, 55, 61)
(3, 9, 17, 20, 30, 36, 38, 41, 59, 62)
(3, 13, 16, 24, 30, 34, 37, 45, 55, 58)
(3, 4, 8, 25, 29, 45, 46, 50, 51, 54)
(4, 5, 18, 25, 26, 33, 46, 47, 54, 57)
(4, 14, 18, 21, 25, 35, 39, 46, 56, 57)
(2, 9, 11, 23, 30, 32, 44, 51, 53, 60)
(9, 14, 16, 21, 30, 35, 37, 39, 56, 58)
(1, 13, 22, 24, 30, 34, 43, 45, 48, 55)
(6, 9, 13, 20, 24, 34, 41, 51, 55, 62)
(2, 5, 9, 23, 26, 44, 47, 48, 51, 60)
(5, 6, 14, 19, 28, 32, 41, 50, 59, 61)
(6, 8, 15, 16, 29, 37, 45, 50, 51, 58)
(3, 14, 19, 21, 30, 35, 36, 40, 56, 61)
(6, 8, 15, 24, 29, 33, 45, 50, 51, 54)
(6, 12, 13, 19, 27, 34, 40, 48, 55, 61)
(1, 14, 21, 22, 30, 35, 36, 43, 56, 57)
(6, 14, 20, 21, 27, 33, 35, 41, 56, 62)
(1, 4, 22, 25, 30, 43, 45, 46, 48, 51)
(2, 5, 23, 24, 26, 33, 44, 47, 54, 57)
(6, 9, 17, 24, 30, 36, 38, 45, 51, 59)
(3, 4, 10, 25, 31, 39, 46, 48, 52, 57)
(11, 12, 18, 20, 27, 32, 39, 41, 53, 62)
(9, 14, 15, 18, 21, 35, 36, 51, 56, 60)
(3, 12, 15, 18, 20, 33, 41, 54, 57, 62)
(3, 8, 15, 20, 29, 33, 41, 50, 54, 62)
(3, 5, 20, 24, 26, 36, 41, 47, 51, 62)
(7, 9, 13, 18, 28, 34, 42, 49, 55, 60)
(5, 6, 9, 17, 26, 38, 47, 48, 59, 60)
(5, 14, 18, 21, 26, 35, 36, 47, 56, 57)
(1, 4, 22, 24, 25, 43, 45, 46, 51, 54)
(3, 5, 8, 26, 29, 45, 47, 48, 50, 54)
(1, 8, 15, 22, 29, 33, 43, 50, 54, 60)
(5, 9, 10, 26, 31, 36, 47, 48, 51, 52)
(2, 6, 9, 23, 27, 44, 45, 48, 51, 60)
(6, 11, 12, 19, 27, 32, 40, 53, 54, 61)
(13, 15, 18, 19, 24, 34, 36, 40, 55, 61)
(1, 12, 15, 16, 22, 37, 43, 54, 57, 58)
(2, 8, 15, 23, 29, 33, 44, 50, 51, 60)
(11, 12, 15, 16, 27, 32, 37, 53, 54, 58)
(2, 11, 13, 20, 24, 38, 47, 49, 55, 56)
(5, 14, 23, 24, 28, 32, 34, 41, 55, 59)
(2, 9, 13, 23, 27, 34, 44, 48, 55, 60)
(9, 10, 13, 16, 31, 34, 37, 52, 55, 58)
(2, 9, 10, 23, 31, 44, 45, 48, 51, 52)
(3, 5, 18, 20, 26, 36, 41, 47, 57, 62)
(4, 9, 18, 25, 30, 36, 39, 46, 51, 57)
(6, 8, 16, 27, 29, 37, 39, 45, 50, 58)
(14, 15, 17, 21, 24, 35, 36, 38, 56, 59)
(9, 10, 15, 18, 31, 33, 36, 51, 52, 60)
(4, 12, 18, 25, 27, 33, 39, 46, 54, 57)
(6, 7, 8, 28, 29, 42, 45, 49, 50, 51)
(6, 11, 12, 17, 27, 32, 38, 53, 59, 60)
(3, 4, 13, 20, 31, 35, 40, 49, 58, 62)
(2, 10, 23, 24, 31, 33, 44, 45, 51, 52)
(3, 12, 15, 16, 19, 37, 40, 54, 58, 61)
(3, 11, 15, 24, 30, 32, 36, 53, 54, 57)
(6, 15, 17, 19, 24, 36, 38, 40, 59, 61)
(3, 12, 13, 24, 27, 34, 45, 48, 54, 55)
(7, 9, 15, 18, 28, 36, 42, 49, 51, 60)
(3, 10, 19, 20, 28, 37, 41, 46, 55, 56)
(3, 8, 15, 24, 29, 36, 45, 50, 51, 54)
(1, 13, 22, 24, 30, 34, 36, 43, 55, 57)
(9, 11, 13, 18, 30, 32, 34, 53, 55, 60)
(1, 11, 12, 22, 27, 32, 43, 53, 54, 60)
(6, 9, 14, 17, 21, 35, 38, 56, 59, 60)
(6, 8, 15, 20, 29, 33, 41, 50, 51, 62)
(9, 12, 13, 18, 30, 34, 39, 48, 55, 57)
(6, 12, 16, 19, 27, 37, 39, 40, 58, 61)
(10, 15, 18, 19, 31, 33, 36, 40, 52, 61)
(2, 5, 18, 23, 26, 33, 44, 47, 57, 60)
(7, 15, 17, 24, 28, 36, 38, 42, 49, 59)
(9, 10, 13, 18, 31, 33, 34, 52, 55, 60)
(6, 11, 15, 18, 19, 32, 40, 53, 60, 61)
(4, 9, 13, 25, 30, 34, 46, 48, 51, 55)
(4, 13, 22, 26, 31, 35, 40, 47, 48, 49)
(2, 8, 9, 23, 29, 39, 44, 50, 51, 60)
(9, 14, 18, 21, 30, 35, 36, 39, 56, 57)
(4, 9, 13, 18, 25, 34, 46, 51, 55, 60)
(10, 12, 13, 18, 31, 33, 34, 52, 55, 57)
(4, 5, 18, 25, 26, 33, 46, 47, 51, 60)
(4, 11, 15, 24, 25, 32, 46, 51, 53, 54)
(4, 11, 25, 27, 30, 32, 39, 46, 48, 53)
(1, 7, 22, 28, 30, 42, 43, 45, 48, 49)
(12, 13, 14, 21, 27, 34, 35, 48, 55, 56)
(5, 9, 17, 26, 30, 36, 38, 47, 48, 59)
(9, 10, 14, 21, 31, 35, 39, 48, 52, 56)
(3, 4, 15, 24, 25, 36, 46, 51, 54, 57)
(3, 7, 14, 16, 25, 34, 41, 52, 61, 62)
(5, 9, 13, 18, 26, 34, 47, 48, 55, 60)
(7, 15, 18, 19, 28, 36, 40, 42, 49, 61)
(5, 8, 11, 26, 29, 32, 47, 50, 53, 54)
(6, 8, 9, 17, 29, 38, 39, 50, 59, 60)
(5, 6, 19, 24, 26, 33, 40, 47, 54, 61)
(6, 11, 19, 20, 29, 38, 40, 47, 49, 56)
(2, 9, 13, 18, 23, 34, 44, 55, 57, 60)
(4, 15, 18, 20, 25, 33, 41, 46, 51, 62)
(3, 6, 12, 19, 27, 40, 45, 48, 54, 61)
(1, 14, 21, 22, 24, 35, 43, 45, 54, 56)
(12, 14, 15, 18, 21, 33, 35, 54, 56, 57)
(1, 8, 22, 29, 30, 36, 39, 43, 50, 57)
(5, 12, 18, 26, 27, 33, 39, 47, 48, 60)
(7, 11, 15, 18, 28, 32, 42, 49, 53, 60)
(4, 14, 21, 25, 27, 33, 35, 46, 54, 56)
(9, 10, 14, 21, 31, 35, 36, 51, 52, 56)
(7, 9, 10, 28, 31, 39, 42, 48, 49, 52)
(5, 6, 17, 24, 26, 33, 38, 47, 59, 60)
(1, 15, 16, 22, 24, 37, 43, 45, 54, 58)
(1, 5, 14, 23, 28, 32, 43, 50, 59, 60)
(1, 12, 14, 21, 22, 35, 43, 54, 56, 57)
(6, 14, 17, 21, 24, 35, 38, 45, 56, 59)
(3, 12, 18, 19, 30, 36, 39, 40, 57, 61)
(9, 12, 13, 17, 30, 34, 38, 48, 55, 59)
(5, 7, 24, 26, 28, 36, 42, 47, 49, 51)
(3, 12, 15, 17, 24, 36, 38, 54, 57, 59)
(1, 12, 13, 22, 24, 34, 43, 54, 55, 57)
(6, 12, 16, 17, 27, 37, 38, 45, 58, 59)
(4, 6, 19, 25, 27, 33, 40, 46, 54, 61)
(7, 8, 15, 28, 29, 33, 42, 49, 50, 54)
(2, 3, 16, 23, 30, 37, 44, 45, 57, 58)
(14, 15, 18, 20, 21, 33, 35, 41, 56, 62)
(5, 7, 24, 26, 28, 33, 42, 47, 49, 54)
(11, 15, 18, 19, 30, 32, 36, 40, 53, 61)
(2, 11, 23, 27, 30, 32, 44, 45, 48, 53)
(3, 12, 14, 21, 27, 35, 45, 48, 54, 56)
(6, 8, 15, 19, 29, 33, 40, 50, 54, 61)
(1, 12, 18, 19, 22, 39, 40, 43, 60, 61)
(3, 12, 13, 18, 20, 34, 41, 55, 57, 62)
(6, 11, 16, 27, 30, 32, 37, 45, 53, 58)
(8, 11, 15, 18, 29, 32, 39, 50, 53, 60)
(6, 9, 11, 20, 30, 32, 41, 51, 53, 62)
(6, 9, 16, 27, 30, 37, 39, 45, 48, 58)
(2, 7, 23, 27, 28, 33, 42, 44, 49, 60)
(12, 15, 16, 18, 19, 37, 39, 40, 58, 61)
(2, 11, 15, 18, 23, 32, 44, 53, 57, 60)
(5, 8, 17, 26, 29, 36, 38, 47, 50, 59)
(1, 12, 16, 22, 27, 37, 39, 43, 58, 60)
(3, 10, 14, 21, 31, 35, 45, 48, 52, 56)
(9, 14, 17, 21, 30, 35, 36, 38, 56, 59)
(1, 17, 22, 24, 30, 36, 38, 43, 45, 59)
(1, 12, 17, 22, 24, 38, 43, 45, 54, 59)
(6, 8, 11, 27, 29, 32, 39, 50, 53, 60)
(9, 10, 18, 20, 31, 33, 39, 41, 52, 62)
(1, 12, 16, 22, 30, 37, 39, 43, 57, 58)
(6, 9, 15, 18, 20, 33, 41, 51, 60, 62)
(7, 8, 17, 22, 26, 35, 43, 44, 53, 60)
(6, 8, 11, 15, 29, 32, 50, 51, 53, 60)
(6, 9, 18, 20, 27, 33, 39, 41, 60, 62)
(5, 6, 8, 26, 29, 45, 47, 48, 50, 51)
(1, 6, 16, 22, 27, 37, 43, 45, 58, 60)
(3, 9, 13, 20, 30, 34, 41, 48, 55, 62)
(10, 15, 17, 24, 31, 33, 36, 38, 52, 59)
(2, 9, 16, 23, 27, 37, 39, 44, 58, 60)
(5, 6, 11, 26, 27, 32, 47, 48, 53, 60)
(5, 7, 18, 26, 28, 36, 42, 47, 49, 57)
(12, 14, 18, 21, 27, 33, 35, 39, 56, 60)
(3, 6, 19, 24, 30, 36, 40, 45, 51, 61)
(1, 9, 18, 22, 30, 36, 39, 43, 57, 60)
(2, 8, 15, 23, 29, 33, 44, 50, 54, 57)
(3, 6, 20, 24, 27, 33, 41, 45, 54, 62)
(3, 8, 10, 29, 31, 36, 45, 50, 51, 52)
(4, 6, 11, 25, 27, 32, 46, 51, 53, 60)
(4, 7, 8, 25, 26, 35, 44, 51, 53, 62)
(3, 8, 12, 27, 29, 39, 45, 48, 50, 54)
(3, 15, 17, 20, 24, 36, 38, 41, 59, 62)
(2, 12, 13, 23, 27, 34, 44, 48, 55, 57)
(6, 9, 16, 19, 30, 37, 39, 40, 58, 61)
(3, 11, 12, 20, 27, 32, 41, 53, 54, 62)
(9, 13, 14, 18, 21, 34, 35, 55, 56, 60)
(3, 4, 10, 25, 31, 33, 46, 52, 54, 57)
(3, 6, 16, 20, 27, 37, 41, 45, 58, 62)
(1, 14, 21, 22, 30, 35, 43, 45, 48, 56)
(3, 10, 15, 16, 31, 36, 37, 52, 57, 58)
(6, 9, 16, 17, 30, 37, 38, 45, 58, 59)
(3, 10, 12, 27, 31, 33, 45, 48, 52, 54)
(4, 9, 16, 25, 30, 37, 39, 46, 51, 58)
(4, 18, 20, 25, 27, 33, 39, 41, 46, 62)
(8, 14, 15, 21, 29, 33, 35, 50, 54, 56)
(3, 4, 10, 25, 31, 45, 46, 48, 51, 52)
(12, 14, 18, 19, 21, 35, 39, 40, 56, 61)
(1, 5, 18, 22, 26, 36, 43, 47, 57, 60)
(1, 5, 22, 24, 26, 36, 43, 47, 51, 60)
(5, 7, 14, 25, 26, 34, 43, 48, 52, 61)
(6, 7, 11, 27, 28, 32, 42, 49, 53, 60)
(4, 13, 18, 25, 27, 33, 34, 46, 55, 60)
(5, 14, 21, 24, 26, 35, 36, 47, 51, 56)
(3, 4, 8, 25, 29, 39, 46, 50, 54, 57)
(2, 9, 13, 23, 24, 34, 44, 51, 55, 60)
(2, 9, 20, 23, 27, 39, 41, 44, 48, 62)
(4, 7, 25, 27, 28, 39, 42, 46, 48, 49)
(9, 10, 15, 16, 31, 36, 37, 51, 52, 58)
(10, 12, 16, 27, 31, 33, 37, 39, 52, 58)
(3, 8, 15, 19, 29, 36, 40, 50, 54, 61)
(2, 4, 23, 25, 27, 44, 45, 46, 48, 51)
(9, 11, 18, 20, 30, 32, 39, 41, 53, 62)
(8, 12, 15, 17, 29, 33, 38, 50, 54, 59)
(3, 9, 10, 20, 31, 36, 41, 51, 52, 62)
(6, 9, 14, 21, 27, 35, 39, 48, 56, 60)
(7, 9, 18, 28, 30, 36, 39, 42, 49, 57)
(5, 14, 18, 21, 26, 33, 35, 47, 56, 60)
(1, 11, 15, 22, 24, 32, 43, 53, 54, 60)
(1, 7, 22, 28, 30, 36, 42, 43, 49, 57)
(6, 9, 13, 24, 30, 34, 45, 48, 51, 55)
(3, 7, 12, 27, 28, 42, 45, 48, 49, 54)
(5, 11, 24, 26, 30, 32, 36, 47, 51, 53)
(14, 15, 18, 19, 21, 35, 36, 40, 56, 61)
(2, 3, 12, 23, 27, 44, 45, 48, 54, 57)
(4, 8, 22, 29, 31, 35, 39, 40, 49, 58)
(1, 10, 22, 24, 31, 36, 43, 45, 51, 52)
(7, 12, 16, 27, 28, 37, 39, 42, 49, 58)
(6, 9, 10, 20, 31, 33, 41, 51, 52, 62)
(11, 12, 15, 18, 19, 32, 40, 53, 54, 61)
(2, 4, 11, 20, 29, 46, 47, 49, 51, 56)
(4, 6, 16, 25, 27, 37, 45, 46, 51, 58)
(4, 10, 25, 27, 31, 33, 39, 46, 48, 52)
(12, 15, 17, 18, 19, 36, 38, 40, 59, 61)
(4, 13, 24, 25, 27, 33, 34, 46, 54, 55)
(5, 6, 20, 26, 27, 33, 41, 47, 48, 62)
(3, 7, 12, 19, 28, 40, 42, 49, 54, 61)
(2, 8, 23, 27, 29, 33, 39, 44, 50, 60)
(6, 7, 9, 17, 28, 38, 42, 49, 59, 60)
(3, 12, 17, 19, 30, 36, 38, 40, 59, 61)
(1, 9, 13, 22, 30, 34, 43, 48, 55, 60)
(2, 5, 23, 26, 27, 33, 44, 47, 48, 60)
(5, 11, 18, 20, 26, 32, 41, 47, 53, 62)
(3, 10, 12, 13, 31, 34, 48, 52, 55, 57)
(3, 9, 18, 20, 30, 36, 39, 41, 57, 62)
(6, 14, 15, 21, 24, 33, 35, 51, 56, 60)
(3, 4, 12, 25, 27, 39, 46, 48, 54, 57)
(2, 11, 15, 23, 24, 32, 44, 53, 54, 57)
(11, 14, 15, 21, 24, 32, 35, 53, 54, 56)
(2, 9, 15, 18, 23, 36, 44, 51, 57, 60)
(2, 8, 17, 23, 29, 38, 44, 45, 50, 59)
(3, 8, 10, 29, 31, 33, 45, 50, 52, 54)
(1, 7, 22, 24, 28, 42, 43, 45, 49, 54)
(8, 11, 12, 27, 29, 32, 39, 50, 53, 54)
(6, 11, 13, 24, 27, 32, 34, 53, 55, 60)
(2, 3, 10, 23, 31, 44, 45, 48, 52, 57)
(1, 6, 8, 22, 29, 43, 45, 50, 51, 60)
(1, 4, 22, 25, 30, 36, 43, 46, 51, 57)
(9, 13, 15, 18, 24, 34, 36, 51, 55, 60)
(9, 11, 15, 18, 30, 32, 36, 51, 53, 60)
(5, 14, 21, 24, 26, 33, 35, 47, 54, 56)
(3, 8, 10, 29, 31, 39, 45, 48, 50, 52)
(2, 10, 20, 29, 31, 33, 38, 47, 49, 56)
(2, 9, 17, 23, 30, 38, 44, 45, 48, 59)
(1, 4, 19, 22, 25, 40, 43, 46, 54, 61)
(2, 11, 15, 23, 24, 32, 44, 51, 53, 60)
(2, 4, 23, 25, 27, 33, 44, 46, 51, 60)
(1, 2, 10, 23, 28, 37, 46, 55, 56, 57)
(3, 8, 15, 20, 29, 36, 41, 50, 51, 62)
(1, 9, 17, 22, 30, 36, 38, 43, 59, 60)
(6, 7, 9, 28, 30, 42, 45, 48, 49, 51)
(1, 12, 17, 22, 30, 38, 43, 45, 48, 59)
(2, 9, 10, 23, 31, 33, 44, 51, 52, 60)
(2, 3, 8, 23, 29, 44, 45, 50, 54, 57)
(2, 12, 17, 23, 27, 33, 38, 44, 59, 60)
(9, 12, 16, 17, 30, 37, 38, 39, 58, 59)
(1, 12, 17, 22, 30, 36, 38, 43, 57, 59)
(1, 9, 16, 22, 30, 37, 39, 43, 58, 60)
(1, 15, 17, 22, 24, 36, 38, 43, 59, 60)
(2, 11, 20, 23, 27, 32, 41, 44, 53, 62)
(3, 7, 12, 28, 30, 39, 42, 48, 49, 57)
(8, 10, 15, 29, 31, 33, 36, 50, 51, 52)
(3, 7, 24, 28, 30, 36, 42, 45, 49, 51)
(8, 15, 18, 20, 29, 33, 39, 41, 50, 62)
(1, 11, 19, 28, 30, 32, 37, 46, 55, 56)
(9, 15, 16, 18, 20, 37, 39, 41, 58, 62)
(2, 7, 23, 27, 28, 42, 44, 45, 48, 49)
(3, 4, 16, 25, 30, 37, 45, 46, 51, 58)
(4, 15, 16, 18, 25, 37, 39, 46, 57, 58)
(2, 9, 10, 23, 31, 36, 44, 51, 52, 57)
(9, 13, 18, 19, 30, 34, 36, 40, 55, 61)
(4, 15, 16, 25, 27, 33, 37, 46, 54, 58)
(1, 10, 19, 22, 31, 36, 40, 43, 52, 61)
(11, 12, 13, 27, 30, 32, 34, 48, 53, 55)
(6, 14, 21, 24, 27, 33, 35, 45, 54, 56)
(12, 15, 16, 18, 27, 33, 37, 39, 58, 60)
(1, 5, 22, 26, 30, 36, 43, 47, 48, 57)
(3, 8, 12, 17, 29, 38, 45, 50, 54, 59)
(4, 9, 10, 25, 31, 39, 46, 48, 51, 52)
(1, 10, 12, 19, 28, 37, 38, 55, 56, 59)
(11, 12, 15, 18, 27, 32, 33, 53, 54, 60)
(6, 9, 15, 16, 20, 37, 41, 51, 58, 62)
(3, 4, 11, 25, 30, 32, 46, 53, 54, 57)
(10, 12, 13, 27, 31, 33, 34, 48, 52, 55)
(5, 15, 18, 24, 26, 33, 36, 47, 54, 57)
(4, 6, 24, 25, 27, 33, 45, 46, 51, 54)
(12, 13, 15, 16, 18, 34, 37, 55, 57, 58)
(4, 11, 15, 18, 25, 32, 46, 53, 54, 57)
(2, 9, 13, 23, 30, 34, 44, 48, 55, 57)
(1, 3, 12, 22, 30, 43, 45, 48, 54, 57)
(6, 9, 10, 27, 31, 33, 39, 48, 52, 60)
(4, 11, 18, 25, 30, 32, 39, 46, 53, 57)
(6, 9, 13, 17, 24, 34, 38, 55, 59, 60)
(7, 8, 15, 16, 17, 35, 44, 53, 58, 62)
(8, 9, 10, 29, 31, 36, 39, 50, 51, 52)
(1, 5, 22, 24, 26, 36, 43, 47, 54, 57)
(11, 12, 14, 21, 27, 32, 35, 53, 54, 56)
(2, 15, 18, 20, 23, 33, 41, 44, 57, 62)
(3, 6, 17, 20, 24, 38, 41, 45, 59, 62)
(6, 9, 12, 17, 27, 38, 39, 48, 59, 60)
(3, 8, 19, 29, 30, 36, 39, 40, 50, 61)
(6, 9, 15, 17, 24, 36, 38, 51, 59, 60)
(7, 12, 13, 27, 28, 34, 42, 48, 49, 55)
(5, 10, 24, 26, 31, 33, 36, 47, 51, 52)
(7, 8, 15, 28, 29, 36, 42, 49, 50, 51)
(2, 13, 23, 24, 27, 34, 44, 45, 48, 55)
(1, 10, 22, 24, 31, 33, 43, 45, 52, 54)
(3, 12, 14, 19, 21, 35, 40, 54, 56, 61)
(5, 6, 19, 24, 26, 36, 40, 47, 51, 61)
(6, 7, 8, 17, 26, 35, 40, 53, 61, 62)
(2, 9, 14, 21, 23, 35, 44, 51, 56, 60)
(1, 6, 22, 24, 27, 33, 43, 45, 54, 60)
(5, 15, 18, 24, 26, 33, 36, 47, 51, 60)
(1, 4, 22, 25, 27, 39, 43, 46, 48, 60)
(3, 12, 13, 20, 27, 34, 41, 48, 55, 62)
(6, 10, 16, 27, 31, 33, 37, 45, 52, 58)
(5, 6, 9, 20, 26, 41, 47, 48, 51, 62)
(7, 9, 18, 20, 28, 39, 41, 42, 49, 62)
(11, 12, 16, 27, 30, 32, 37, 39, 53, 58)
(4, 14, 21, 25, 27, 35, 39, 46, 48, 56)
(2, 11, 15, 20, 29, 37, 38, 49, 56, 58)
(6, 12, 17, 20, 27, 33, 38, 41, 59, 62)
(3, 9, 16, 20, 30, 37, 39, 41, 58, 62)
(2, 5, 23, 24, 26, 33, 44, 47, 51, 60)
(2, 7, 23, 24, 28, 42, 44, 45, 49, 51)
(6, 8, 11, 29, 30, 32, 45, 50, 51, 53)
(3, 14, 15, 21, 24, 35, 36, 54, 56, 57)
(6, 9, 10, 19, 31, 36, 40, 51, 52, 61)
(3, 10, 12, 17, 31, 36, 38, 52, 57, 59)
(12, 13, 14, 18, 21, 34, 35, 55, 56, 57)
(1, 8, 15, 22, 29, 36, 43, 50, 51, 60)
(5, 9, 18, 20, 26, 36, 41, 47, 51, 62)
(3, 9, 10, 30, 31, 36, 39, 48, 52, 57)
(6, 9, 13, 19, 30, 34, 40, 48, 55, 61)
(1, 2, 22, 23, 24, 43, 44, 45, 54, 57)
(5, 14, 23, 25, 28, 32, 41, 46, 50, 51)
(3, 4, 14, 21, 25, 35, 46, 54, 56, 57)
(6, 9, 13, 18, 19, 34, 40, 55, 60, 61)
(5, 12, 17, 18, 26, 36, 38, 47, 57, 59)
(8, 11, 15, 29, 30, 32, 36, 50, 51, 53)
(5, 9, 17, 18, 26, 36, 38, 47, 59, 60)
(7, 8, 17, 26, 31, 33, 35, 44, 52, 62)
(6, 7, 9, 27, 28, 39, 42, 48, 49, 60)
(3, 6, 16, 19, 30, 37, 40, 45, 58, 61)
(1, 12, 13, 22, 27, 34, 43, 48, 55, 60)
(3, 12, 18, 19, 20, 39, 40, 41, 61, 62)
(8, 14, 15, 21, 29, 35, 36, 50, 51, 56)
(3, 4, 19, 25, 30, 36, 40, 46, 51, 61)
(3, 12, 14, 21, 30, 35, 39, 48, 56, 57)
(3, 14, 16, 21, 30, 35, 37, 45, 56, 58)
(4, 8, 25, 27, 29, 33, 39, 46, 50, 54)
(12, 13, 18, 20, 27, 33, 34, 41, 55, 62)
(1, 8, 12, 22, 29, 39, 43, 50, 54, 57)
(1, 8, 22, 29, 30, 39, 43, 45, 48, 50)
(4, 5, 18, 25, 26, 36, 46, 47, 51, 57)
(2, 9, 10, 23, 31, 39, 44, 48, 52, 57)
(11, 12, 15, 17, 24, 32, 38, 53, 54, 59)
(12, 14, 16, 21, 27, 35, 37, 39, 56, 58)
(4, 8, 15, 25, 29, 33, 46, 50, 51, 54)
(4, 6, 19, 25, 27, 39, 40, 46, 48, 61)
(3, 8, 14, 21, 29, 35, 45, 50, 54, 56)
(6, 8, 15, 19, 29, 36, 40, 50, 51, 61)
(2, 4, 13, 22, 31, 35, 44, 49, 57, 58)
(1, 15, 18, 19, 22, 36, 40, 43, 60, 61)
(6, 9, 16, 20, 27, 37, 39, 41, 58, 62)
(1, 5, 10, 19, 28, 46, 47, 48, 55, 56)
(3, 5, 19, 26, 30, 36, 40, 47, 48, 61)
(5, 12, 17, 24, 26, 33, 38, 47, 54, 59)
(5, 9, 18, 26, 30, 36, 39, 47, 48, 57)
(6, 10, 17, 24, 31, 33, 38, 45, 52, 59)
(2, 8, 23, 27, 29, 33, 44, 45, 50, 54)
(11, 12, 13, 18, 30, 32, 34, 53, 55, 57)
(6, 13, 16, 24, 27, 34, 37, 45, 55, 58)
(1, 10, 12, 22, 31, 33, 43, 52, 54, 57)
(3, 5, 8, 26, 29, 36, 47, 50, 54, 57)
(6, 9, 13, 16, 27, 34, 37, 55, 58, 60)
(6, 9, 10, 19, 31, 39, 40, 48, 52, 61)
(5, 6, 18, 19, 26, 33, 40, 47, 60, 61)
(6, 9, 17, 19, 30, 36, 38, 40, 59, 61)
(6, 9, 18, 19, 20, 39, 40, 41, 61, 62)
(5, 10, 14, 23, 28, 33, 41, 50, 52, 59)
(3, 10, 14, 21, 31, 35, 36, 52, 56, 57)
(4, 6, 9, 25, 27, 39, 46, 48, 51, 60)
(3, 5, 12, 19, 26, 40, 47, 48, 54, 61)
(4, 15, 18, 19, 25, 33, 40, 46, 54, 61)
(3, 10, 13, 24, 31, 34, 45, 48, 52, 55)
(7, 8, 14, 16, 25, 39, 43, 50, 52, 61)
(8, 9, 15, 18, 29, 36, 39, 50, 51, 60)
(5, 6, 20, 24, 26, 33, 41, 47, 51, 62)
(7, 9, 16, 28, 30, 37, 39, 42, 49, 58)
(3, 11, 12, 27, 30, 32, 45, 48, 53, 54)
(7, 15, 18, 20, 28, 33, 41, 42, 49, 62)
(4, 7, 25, 27, 28, 33, 42, 46, 49, 54)
(1, 2, 11, 22, 29, 38, 47, 49, 56, 60)
(5, 12, 13, 18, 26, 34, 47, 48, 55, 57)
(4, 5, 25, 26, 27, 33, 46, 47, 48, 54)
(3, 7, 15, 24, 28, 36, 42, 49, 54, 57)
(12, 13, 15, 18, 24, 33, 34, 54, 55, 57)
(6, 8, 14, 21, 29, 35, 45, 50, 51, 56)
(1, 4, 22, 25, 30, 39, 43, 46, 48, 57)
(2, 8, 15, 23, 29, 36, 44, 50, 51, 57)
(2, 14, 21, 23, 27, 35, 44, 45, 48, 56)
(8, 9, 17, 29, 30, 36, 38, 39, 50, 59)
(3, 10, 12, 19, 31, 39, 40, 48, 52, 61)
(1, 5, 22, 24, 26, 33, 43, 47, 54, 60)
(1, 6, 19, 22, 24, 40, 43, 45, 54, 61)
(3, 5, 10, 26, 31, 36, 47, 48, 52, 57)
(7, 9, 17, 28, 30, 36, 38, 42, 49, 59)
(6, 15, 16, 20, 27, 33, 37, 41, 58, 62)
(5, 8, 18, 26, 29, 36, 39, 47, 50, 57)
(3, 4, 10, 25, 31, 36, 46, 51, 52, 57)
(2, 12, 17, 23, 27, 38, 44, 45, 48, 59)
(6, 9, 14, 20, 21, 35, 41, 51, 56, 62)
(3, 11, 15, 20, 24, 32, 41, 53, 54, 62)
(7, 12, 18, 27, 28, 33, 39, 42, 49, 60)
(3, 7, 19, 28, 30, 36, 40, 42, 49, 61)
(3, 7, 8, 28, 29, 42, 45, 49, 50, 54)
(9, 13, 17, 24, 30, 34, 36, 38, 55, 59)
(1, 9, 10, 22, 31, 36, 43, 51, 52, 60)
(2, 9, 18, 20, 23, 39, 41, 44, 57, 62)
(2, 9, 17, 20, 23, 38, 41, 44, 59, 62)
(3, 8, 10, 29, 31, 36, 39, 50, 52, 57)
(3, 15, 16, 19, 30, 36, 37, 40, 58, 61)
(3, 15, 16, 24, 30, 36, 37, 45, 51, 58)
}

method validate_set_V(63, 5) ran to completion.
