Running method validate_set_V(m = 57, d = 2) and generating using halves:

Summary:
given m = 57, d = 2
Calculations took 0 days, 0 hours, 0 minutes, 0 seconds, 1 milisecond, 106 microseconds, 700 nanoseconds.
Z/mZ:  [0, 1, 2, 3, 4, 5, 6, 7, 8, 9, 10, 11, 12, 13, 14, 15, 16, 17, 18, 19, 20, 21, 22, 23, 24, 25, 26, 27, 28, 29, 30, 31, 32, 33, 34, 35, 36, 37, 38, 39, 40, 41, 42, 43, 44, 45, 46, 47, 48, 49, 50, 51, 52, 53, 54, 55, 56]
Z/mZ*: [1, 2, 4, 5, 7, 8, 10, 11, 13, 14, 16, 17, 20, 22, 23, 25, 26, 28, 29, 31, 32, 34, 35, 37, 40, 41, 43, 44, 46, 47, 49, 50, 52, 53, 55, 56]
All ascending & non-repeating tuple (size 4) combinations possible for the U set: 367290
                      V set: contains 396 tuples
          all_are_pairs set: contains 378 tuples
         some_are_pairs set: contains 0 tuples
         none_are_pairs set: contains 18 tuples
         indecomposable set: contains 18 tuples
decomposable & no pairs set: contains 0 tuples
     exceptional_cycles set: contains 18 tuples

Print V set (contains 396 tuples): {
(1, 2, 55, 56)
(1, 3, 54, 56)
(1, 4, 53, 56)
(1, 5, 52, 56)
(1, 6, 51, 56)
(1, 7, 50, 56)
(1, 8, 49, 56)
(1, 9, 48, 56)
(1, 10, 47, 56)
(1, 11, 46, 56)
(1, 12, 45, 56)
(1, 13, 44, 56)
(1, 14, 43, 56)
(1, 15, 42, 56)
(1, 16, 41, 56)
(1, 17, 40, 56)
(1, 18, 39, 56)
(1, 19, 38, 56)
(1, 20, 37, 56)
(1, 20, 39, 54)
(1, 21, 36, 56)
(1, 22, 35, 56)
(1, 23, 34, 56)
(1, 24, 33, 56)
(1, 25, 32, 56)
(1, 26, 31, 56)
(1, 27, 30, 56)
(1, 28, 29, 56)
(2, 3, 54, 55)
(2, 4, 53, 55)
(2, 5, 52, 55)
(2, 6, 51, 55)
(2, 7, 50, 55)
(2, 8, 49, 55)
(2, 9, 48, 55)
(2, 10, 47, 55)
(2, 11, 46, 55)
(2, 12, 45, 55)
(2, 13, 44, 55)
(2, 14, 43, 55)
(2, 15, 42, 55)
(2, 16, 41, 55)
(2, 17, 40, 55)
(2, 18, 39, 55)
(2, 19, 38, 55)
(2, 20, 37, 55)
(2, 21, 36, 55)
(2, 21, 40, 51)
(2, 22, 35, 55)
(2, 23, 34, 55)
(2, 24, 33, 55)
(2, 25, 32, 55)
(2, 26, 31, 55)
(2, 27, 30, 55)
(2, 28, 29, 55)
(3, 4, 53, 54)
(3, 5, 52, 54)
(3, 6, 51, 54)
(3, 7, 50, 54)
(3, 8, 49, 54)
(3, 9, 48, 54)
(3, 10, 47, 54)
(3, 11, 46, 54)
(3, 12, 45, 54)
(3, 13, 44, 54)
(3, 14, 43, 54)
(3, 15, 42, 54)
(3, 16, 41, 54)
(3, 17, 40, 54)
(3, 18, 37, 56)
(3, 18, 39, 54)
(3, 19, 38, 54)
(3, 20, 37, 54)
(3, 21, 36, 54)
(3, 22, 35, 54)
(3, 22, 41, 48)
(3, 23, 34, 54)
(3, 24, 33, 54)
(3, 25, 32, 54)
(3, 26, 31, 54)
(3, 27, 30, 54)
(3, 28, 29, 54)
(4, 5, 52, 53)
(4, 6, 51, 53)
(4, 7, 50, 53)
(4, 8, 49, 53)
(4, 9, 48, 53)
(4, 10, 47, 53)
(4, 11, 46, 53)
(4, 12, 45, 53)
(4, 13, 44, 53)
(4, 14, 43, 53)
(4, 15, 42, 53)
(4, 16, 41, 53)
(4, 17, 40, 53)
(4, 18, 39, 53)
(4, 19, 38, 53)
(4, 20, 37, 53)
(4, 21, 36, 53)
(4, 22, 35, 53)
(4, 23, 34, 53)
(4, 23, 42, 45)
(4, 24, 33, 53)
(4, 25, 32, 53)
(4, 26, 31, 53)
(4, 27, 30, 53)
(4, 28, 29, 53)
(5, 6, 51, 52)
(5, 7, 50, 52)
(5, 8, 49, 52)
(5, 9, 48, 52)
(5, 10, 47, 52)
(5, 11, 46, 52)
(5, 12, 45, 52)
(5, 13, 44, 52)
(5, 14, 43, 52)
(5, 15, 42, 52)
(5, 16, 41, 52)
(5, 17, 40, 52)
(5, 18, 39, 52)
(5, 19, 38, 52)
(5, 20, 37, 52)
(5, 21, 36, 52)
(5, 22, 35, 52)
(5, 23, 34, 52)
(5, 24, 33, 52)
(5, 24, 42, 43)
(5, 25, 32, 52)
(5, 26, 31, 52)
(5, 27, 30, 52)
(5, 28, 29, 52)
(6, 7, 50, 51)
(6, 8, 49, 51)
(6, 9, 48, 51)
(6, 10, 47, 51)
(6, 11, 46, 51)
(6, 12, 45, 51)
(6, 13, 44, 51)
(6, 14, 43, 51)
(6, 15, 42, 51)
(6, 16, 41, 51)
(6, 17, 36, 55)
(6, 17, 40, 51)
(6, 18, 39, 51)
(6, 19, 38, 51)
(6, 20, 37, 51)
(6, 21, 36, 51)
(6, 22, 35, 51)
(6, 23, 34, 51)
(6, 24, 33, 51)
(6, 25, 32, 51)
(6, 25, 39, 44)
(6, 26, 31, 51)
(6, 27, 30, 51)
(6, 28, 29, 51)
(7, 8, 49, 50)
(7, 9, 48, 50)
(7, 10, 47, 50)
(7, 11, 46, 50)
(7, 12, 45, 50)
(7, 13, 44, 50)
(7, 14, 43, 50)
(7, 15, 42, 50)
(7, 16, 41, 50)
(7, 17, 40, 50)
(7, 18, 39, 50)
(7, 19, 38, 50)
(7, 20, 37, 50)
(7, 21, 36, 50)
(7, 22, 35, 50)
(7, 23, 34, 50)
(7, 24, 33, 50)
(7, 25, 32, 50)
(7, 26, 31, 50)
(7, 26, 36, 45)
(7, 27, 30, 50)
(7, 28, 29, 50)
(8, 9, 48, 49)
(8, 10, 47, 49)
(8, 11, 46, 49)
(8, 12, 45, 49)
(8, 13, 44, 49)
(8, 14, 43, 49)
(8, 15, 42, 49)
(8, 16, 41, 49)
(8, 17, 40, 49)
(8, 18, 39, 49)
(8, 19, 38, 49)
(8, 20, 37, 49)
(8, 21, 36, 49)
(8, 22, 35, 49)
(8, 23, 34, 49)
(8, 24, 33, 49)
(8, 25, 32, 49)
(8, 26, 31, 49)
(8, 27, 30, 49)
(8, 27, 33, 46)
(8, 28, 29, 49)
(9, 10, 47, 48)
(9, 11, 46, 48)
(9, 12, 45, 48)
(9, 13, 44, 48)
(9, 14, 43, 48)
(9, 15, 42, 48)
(9, 16, 35, 54)
(9, 16, 41, 48)
(9, 17, 40, 48)
(9, 18, 39, 48)
(9, 19, 38, 48)
(9, 20, 37, 48)
(9, 21, 36, 48)
(9, 22, 35, 48)
(9, 23, 34, 48)
(9, 24, 33, 48)
(9, 25, 32, 48)
(9, 26, 31, 48)
(9, 27, 30, 48)
(9, 28, 29, 48)
(9, 28, 30, 47)
(10, 11, 46, 47)
(10, 12, 45, 47)
(10, 13, 44, 47)
(10, 14, 43, 47)
(10, 15, 42, 47)
(10, 16, 41, 47)
(10, 17, 40, 47)
(10, 18, 39, 47)
(10, 19, 38, 47)
(10, 20, 37, 47)
(10, 21, 36, 47)
(10, 22, 35, 47)
(10, 23, 34, 47)
(10, 24, 33, 47)
(10, 25, 32, 47)
(10, 26, 31, 47)
(10, 27, 29, 48)
(10, 27, 30, 47)
(10, 28, 29, 47)
(11, 12, 45, 46)
(11, 13, 44, 46)
(11, 14, 43, 46)
(11, 15, 42, 46)
(11, 16, 41, 46)
(11, 17, 40, 46)
(11, 18, 39, 46)
(11, 19, 38, 46)
(11, 20, 37, 46)
(11, 21, 36, 46)
(11, 22, 35, 46)
(11, 23, 34, 46)
(11, 24, 30, 49)
(11, 24, 33, 46)
(11, 25, 32, 46)
(11, 26, 31, 46)
(11, 27, 30, 46)
(11, 28, 29, 46)
(12, 13, 44, 45)
(12, 14, 43, 45)
(12, 15, 34, 53)
(12, 15, 42, 45)
(12, 16, 41, 45)
(12, 17, 40, 45)
(12, 18, 39, 45)
(12, 19, 38, 45)
(12, 20, 37, 45)
(12, 21, 31, 50)
(12, 21, 36, 45)
(12, 22, 35, 45)
(12, 23, 34, 45)
(12, 24, 33, 45)
(12, 25, 32, 45)
(12, 26, 31, 45)
(12, 27, 30, 45)
(12, 28, 29, 45)
(13, 14, 43, 44)
(13, 15, 42, 44)
(13, 16, 41, 44)
(13, 17, 40, 44)
(13, 18, 32, 51)
(13, 18, 39, 44)
(13, 19, 38, 44)
(13, 20, 37, 44)
(13, 21, 36, 44)
(13, 22, 35, 44)
(13, 23, 34, 44)
(13, 24, 33, 44)
(13, 25, 32, 44)
(13, 26, 31, 44)
(13, 27, 30, 44)
(13, 28, 29, 44)
(14, 15, 33, 52)
(14, 15, 42, 43)
(14, 16, 41, 43)
(14, 17, 40, 43)
(14, 18, 39, 43)
(14, 19, 38, 43)
(14, 20, 37, 43)
(14, 21, 36, 43)
(14, 22, 35, 43)
(14, 23, 34, 43)
(14, 24, 33, 43)
(14, 25, 32, 43)
(14, 26, 31, 43)
(14, 27, 30, 43)
(14, 28, 29, 43)
(15, 16, 41, 42)
(15, 17, 40, 42)
(15, 18, 39, 42)
(15, 19, 38, 42)
(15, 20, 37, 42)
(15, 21, 36, 42)
(15, 22, 35, 42)
(15, 23, 34, 42)
(15, 24, 33, 42)
(15, 25, 32, 42)
(15, 26, 31, 42)
(15, 27, 30, 42)
(15, 28, 29, 42)
(16, 17, 40, 41)
(16, 18, 39, 41)
(16, 19, 38, 41)
(16, 20, 37, 41)
(16, 21, 36, 41)
(16, 22, 35, 41)
(16, 23, 34, 41)
(16, 24, 33, 41)
(16, 25, 32, 41)
(16, 26, 31, 41)
(16, 27, 30, 41)
(16, 28, 29, 41)
(17, 18, 39, 40)
(17, 19, 38, 40)
(17, 20, 37, 40)
(17, 21, 36, 40)
(17, 22, 35, 40)
(17, 23, 34, 40)
(17, 24, 33, 40)
(17, 25, 32, 40)
(17, 26, 31, 40)
(17, 27, 30, 40)
(17, 28, 29, 40)
(18, 19, 38, 39)
(18, 20, 37, 39)
(18, 21, 36, 39)
(18, 22, 35, 39)
(18, 23, 34, 39)
(18, 24, 33, 39)
(18, 25, 32, 39)
(18, 26, 31, 39)
(18, 27, 30, 39)
(18, 28, 29, 39)
(19, 20, 37, 38)
(19, 21, 36, 38)
(19, 22, 35, 38)
(19, 23, 34, 38)
(19, 24, 33, 38)
(19, 25, 32, 38)
(19, 26, 31, 38)
(19, 27, 30, 38)
(19, 28, 29, 38)
(20, 21, 36, 37)
(20, 22, 35, 37)
(20, 23, 34, 37)
(20, 24, 33, 37)
(20, 25, 32, 37)
(20, 26, 31, 37)
(20, 27, 30, 37)
(20, 28, 29, 37)
(21, 22, 35, 36)
(21, 23, 34, 36)
(21, 24, 33, 36)
(21, 25, 32, 36)
(21, 26, 31, 36)
(21, 27, 30, 36)
(21, 28, 29, 36)
(22, 23, 34, 35)
(22, 24, 33, 35)
(22, 25, 32, 35)
(22, 26, 31, 35)
(22, 27, 30, 35)
(22, 28, 29, 35)
(23, 24, 33, 34)
(23, 25, 32, 34)
(23, 26, 31, 34)
(23, 27, 30, 34)
(23, 28, 29, 34)
(24, 25, 32, 33)
(24, 26, 31, 33)
(24, 27, 30, 33)
(24, 28, 29, 33)
(25, 26, 31, 32)
(25, 27, 30, 32)
(25, 28, 29, 32)
(26, 27, 30, 31)
(26, 28, 29, 31)
(27, 28, 29, 30)
}

Print all_are_pairs (contains 378 tuples): {
(7, 10, 47, 50)
(5, 8, 49, 52)
(8, 24, 33, 49)
(22, 23, 34, 35)
(18, 20, 37, 39)
(12, 21, 36, 45)
(17, 20, 37, 40)
(2, 7, 50, 55)
(5, 14, 43, 52)
(19, 27, 30, 38)
(25, 27, 30, 32)
(20, 21, 36, 37)
(12, 17, 40, 45)
(24, 27, 30, 33)
(3, 25, 32, 54)
(2, 5, 52, 55)
(2, 13, 44, 55)
(15, 19, 38, 42)
(2, 18, 39, 55)
(8, 20, 37, 49)
(11, 17, 40, 46)
(11, 20, 37, 46)
(2, 9, 48, 55)
(5, 13, 44, 52)
(13, 22, 35, 44)
(5, 24, 33, 52)
(6, 22, 35, 51)
(4, 10, 47, 53)
(4, 24, 33, 53)
(15, 17, 40, 42)
(2, 25, 32, 55)
(14, 19, 38, 43)
(18, 26, 31, 39)
(11, 16, 41, 46)
(5, 20, 37, 52)
(3, 19, 38, 54)
(2, 28, 29, 55)
(16, 28, 29, 41)
(2, 19, 38, 55)
(2, 8, 49, 55)
(2, 26, 31, 55)
(9, 10, 47, 48)
(5, 27, 30, 52)
(10, 16, 41, 47)
(11, 25, 32, 46)
(4, 5, 52, 53)
(25, 28, 29, 32)
(2, 14, 43, 55)
(4, 28, 29, 53)
(7, 23, 34, 50)
(1, 3, 54, 56)
(15, 18, 39, 42)
(2, 27, 30, 55)
(5, 16, 41, 52)
(19, 28, 29, 38)
(3, 26, 31, 54)
(5, 25, 32, 52)
(10, 11, 46, 47)
(7, 22, 35, 50)
(11, 21, 36, 46)
(14, 27, 30, 43)
(5, 17, 40, 52)
(15, 28, 29, 42)
(1, 28, 29, 56)
(3, 22, 35, 54)
(13, 16, 41, 44)
(15, 26, 31, 42)
(17, 21, 36, 40)
(5, 7, 50, 52)
(3, 15, 42, 54)
(1, 27, 30, 56)
(24, 26, 31, 33)
(11, 23, 34, 46)
(14, 22, 35, 43)
(2, 12, 45, 55)
(10, 22, 35, 47)
(18, 23, 34, 39)
(12, 22, 35, 45)
(8, 17, 40, 49)
(20, 26, 31, 37)
(19, 25, 32, 38)
(21, 23, 34, 36)
(5, 9, 48, 52)
(6, 10, 47, 51)
(6, 26, 31, 51)
(5, 19, 38, 52)
(6, 23, 34, 51)
(26, 28, 29, 31)
(18, 28, 29, 39)
(4, 9, 48, 53)
(5, 6, 51, 52)
(4, 22, 35, 53)
(17, 18, 39, 40)
(6, 18, 39, 51)
(18, 22, 35, 39)
(11, 13, 44, 46)
(10, 12, 45, 47)
(1, 24, 33, 56)
(14, 16, 41, 43)
(17, 23, 34, 40)
(22, 24, 33, 35)
(4, 26, 31, 53)
(3, 17, 40, 54)
(2, 16, 41, 55)
(19, 22, 35, 38)
(1, 5, 52, 56)
(2, 24, 33, 55)
(13, 25, 32, 44)
(9, 25, 32, 48)
(6, 17, 40, 51)
(17, 28, 29, 40)
(3, 16, 41, 54)
(7, 26, 31, 50)
(15, 27, 30, 42)
(20, 24, 33, 37)
(6, 8, 49, 51)
(3, 28, 29, 54)
(7, 15, 42, 50)
(7, 14, 43, 50)
(6, 19, 38, 51)
(18, 27, 30, 39)
(16, 26, 31, 41)
(9, 20, 37, 48)
(13, 20, 37, 44)
(12, 20, 37, 45)
(8, 21, 36, 49)
(18, 24, 33, 39)
(12, 26, 31, 45)
(7, 25, 32, 50)
(11, 19, 38, 46)
(6, 24, 33, 51)
(5, 26, 31, 52)
(21, 26, 31, 36)
(20, 25, 32, 37)
(9, 19, 38, 48)
(23, 26, 31, 34)
(2, 10, 47, 55)
(15, 16, 41, 42)
(16, 21, 36, 41)
(3, 11, 46, 54)
(7, 27, 30, 50)
(13, 15, 42, 44)
(19, 23, 34, 38)
(13, 27, 30, 44)
(1, 7, 50, 56)
(1, 26, 31, 56)
(6, 14, 43, 51)
(15, 21, 36, 42)
(17, 27, 30, 40)
(9, 22, 35, 48)
(6, 27, 30, 51)
(3, 10, 47, 54)
(7, 19, 38, 50)
(3, 6, 51, 54)
(16, 20, 37, 41)
(12, 27, 30, 45)
(16, 22, 35, 41)
(21, 28, 29, 36)
(2, 3, 54, 55)
(13, 17, 40, 44)
(9, 27, 30, 48)
(11, 15, 42, 46)
(21, 24, 33, 36)
(1, 17, 40, 56)
(7, 13, 44, 50)
(16, 24, 33, 41)
(4, 20, 37, 53)
(6, 20, 37, 51)
(12, 15, 42, 45)
(15, 22, 35, 42)
(5, 21, 36, 52)
(9, 18, 39, 48)
(2, 4, 53, 55)
(14, 26, 31, 43)
(5, 12, 45, 52)
(5, 28, 29, 52)
(14, 24, 33, 43)
(11, 24, 33, 46)
(8, 9, 48, 49)
(14, 21, 36, 43)
(8, 12, 45, 49)
(1, 19, 38, 56)
(10, 18, 39, 47)
(7, 18, 39, 50)
(1, 13, 44, 56)
(14, 23, 34, 43)
(5, 22, 35, 52)
(1, 2, 55, 56)
(6, 28, 29, 51)
(9, 11, 46, 48)
(5, 11, 46, 52)
(16, 23, 34, 41)
(4, 19, 38, 53)
(15, 24, 33, 42)
(23, 25, 32, 34)
(14, 15, 42, 43)
(18, 21, 36, 39)
(12, 25, 32, 45)
(4, 23, 34, 53)
(27, 28, 29, 30)
(7, 28, 29, 50)
(10, 24, 33, 47)
(13, 26, 31, 44)
(11, 26, 31, 46)
(3, 21, 36, 54)
(6, 15, 42, 51)
(7, 9, 48, 50)
(18, 19, 38, 39)
(4, 27, 30, 53)
(13, 24, 33, 44)
(1, 16, 41, 56)
(8, 18, 39, 49)
(12, 16, 41, 45)
(11, 12, 45, 46)
(12, 28, 29, 45)
(1, 6, 51, 56)
(12, 14, 43, 45)
(4, 15, 42, 53)
(10, 26, 31, 47)
(10, 25, 32, 47)
(16, 17, 40, 41)
(5, 10, 47, 52)
(10, 19, 38, 47)
(5, 18, 39, 52)
(11, 28, 29, 46)
(8, 11, 46, 49)
(16, 27, 30, 41)
(8, 13, 44, 49)
(21, 25, 32, 36)
(9, 24, 33, 48)
(5, 15, 42, 52)
(10, 27, 30, 47)
(6, 21, 36, 51)
(11, 22, 35, 46)
(2, 21, 36, 55)
(10, 20, 37, 47)
(6, 16, 41, 51)
(1, 14, 43, 56)
(24, 25, 32, 33)
(26, 27, 30, 31)
(1, 12, 45, 56)
(25, 26, 31, 32)
(2, 11, 46, 55)
(16, 18, 39, 41)
(13, 23, 34, 44)
(1, 21, 36, 56)
(9, 14, 43, 48)
(19, 26, 31, 38)
(2, 23, 34, 55)
(6, 9, 48, 51)
(2, 6, 51, 55)
(9, 16, 41, 48)
(6, 25, 32, 51)
(9, 13, 44, 48)
(10, 14, 43, 47)
(2, 20, 37, 55)
(20, 27, 30, 37)
(10, 15, 42, 47)
(6, 13, 44, 51)
(1, 10, 47, 56)
(1, 11, 46, 56)
(9, 17, 40, 48)
(3, 9, 48, 54)
(13, 28, 29, 44)
(1, 9, 48, 56)
(18, 25, 32, 39)
(12, 19, 38, 45)
(6, 11, 46, 51)
(8, 28, 29, 49)
(9, 28, 29, 48)
(4, 11, 46, 53)
(12, 23, 34, 45)
(13, 18, 39, 44)
(8, 26, 31, 49)
(22, 28, 29, 35)
(8, 19, 38, 49)
(3, 27, 30, 54)
(8, 27, 30, 49)
(20, 28, 29, 37)
(22, 27, 30, 35)
(8, 22, 35, 49)
(17, 22, 35, 40)
(7, 24, 33, 50)
(17, 24, 33, 40)
(15, 23, 34, 42)
(4, 13, 44, 53)
(14, 18, 39, 43)
(11, 27, 30, 46)
(4, 17, 40, 53)
(23, 27, 30, 34)
(1, 18, 39, 56)
(6, 7, 50, 51)
(4, 16, 41, 53)
(15, 20, 37, 42)
(17, 25, 32, 40)
(5, 23, 34, 52)
(13, 19, 38, 44)
(16, 25, 32, 41)
(10, 28, 29, 47)
(13, 21, 36, 44)
(7, 8, 49, 50)
(1, 22, 35, 56)
(4, 21, 36, 53)
(1, 4, 53, 56)
(2, 22, 35, 55)
(12, 24, 33, 45)
(14, 28, 29, 43)
(13, 14, 43, 44)
(15, 25, 32, 42)
(10, 17, 40, 47)
(1, 25, 32, 56)
(3, 8, 49, 54)
(4, 6, 51, 53)
(4, 12, 45, 53)
(8, 25, 32, 49)
(12, 13, 44, 45)
(8, 14, 43, 49)
(3, 4, 53, 54)
(3, 13, 44, 54)
(7, 21, 36, 50)
(8, 15, 42, 49)
(4, 7, 50, 53)
(20, 22, 35, 37)
(10, 21, 36, 47)
(12, 18, 39, 45)
(17, 19, 38, 40)
(10, 13, 44, 47)
(7, 12, 45, 50)
(14, 20, 37, 43)
(10, 23, 34, 47)
(7, 16, 41, 50)
(3, 5, 52, 54)
(22, 25, 32, 35)
(9, 12, 45, 48)
(11, 18, 39, 46)
(1, 15, 42, 56)
(7, 17, 40, 50)
(7, 20, 37, 50)
(4, 18, 39, 53)
(7, 11, 46, 50)
(14, 25, 32, 43)
(3, 18, 39, 54)
(9, 15, 42, 48)
(3, 14, 43, 54)
(9, 26, 31, 48)
(3, 12, 45, 54)
(2, 17, 40, 55)
(16, 19, 38, 41)
(19, 21, 36, 38)
(23, 24, 33, 34)
(23, 28, 29, 34)
(22, 26, 31, 35)
(6, 12, 45, 51)
(21, 22, 35, 36)
(3, 20, 37, 54)
(9, 23, 34, 48)
(1, 8, 49, 56)
(3, 7, 50, 54)
(4, 8, 49, 53)
(8, 16, 41, 49)
(24, 28, 29, 33)
(17, 26, 31, 40)
(11, 14, 43, 46)
(2, 15, 42, 55)
(14, 17, 40, 43)
(1, 20, 37, 56)
(19, 20, 37, 38)
(19, 24, 33, 38)
(4, 14, 43, 53)
(21, 27, 30, 36)
(9, 21, 36, 48)
(1, 23, 34, 56)
(8, 23, 34, 49)
(4, 25, 32, 53)
(20, 23, 34, 37)
(3, 24, 33, 54)
(8, 10, 47, 49)
(3, 23, 34, 54)
}

Print some_are_pairs (contains 0 tuples): {
}

Print none_are_pairs (contains 18 tuples): {
(2, 21, 40, 51)
(5, 24, 42, 43)
(13, 18, 32, 51)
(3, 18, 37, 56)
(11, 24, 30, 49)
(4, 23, 42, 45)
(8, 27, 33, 46)
(6, 25, 39, 44)
(1, 20, 39, 54)
(7, 26, 36, 45)
(12, 21, 31, 50)
(9, 28, 30, 47)
(10, 27, 29, 48)
(9, 16, 35, 54)
(12, 15, 34, 53)
(3, 22, 41, 48)
(14, 15, 33, 52)
(6, 17, 36, 55)
}

Print indecomposable (contains 18 tuples): {
(2, 21, 40, 51)
(5, 24, 42, 43)
(13, 18, 32, 51)
(3, 18, 37, 56)
(11, 24, 30, 49)
(4, 23, 42, 45)
(8, 27, 33, 46)
(6, 25, 39, 44)
(1, 20, 39, 54)
(7, 26, 36, 45)
(12, 21, 31, 50)
(9, 28, 30, 47)
(10, 27, 29, 48)
(9, 16, 35, 54)
(12, 15, 34, 53)
(3, 22, 41, 48)
(14, 15, 33, 52)
(6, 17, 36, 55)
}

Print decomposable but no pairs (contains 0 tuples): {
}

Print exceptional cycles (contains 18 tuples): {
(2, 21, 40, 51)
(5, 24, 42, 43)
(13, 18, 32, 51)
(3, 18, 37, 56)
(11, 24, 30, 49)
(4, 23, 42, 45)
(8, 27, 33, 46)
(6, 25, 39, 44)
(1, 20, 39, 54)
(7, 26, 36, 45)
(12, 21, 31, 50)
(9, 28, 30, 47)
(10, 27, 29, 48)
(9, 16, 35, 54)
(12, 15, 34, 53)
(3, 22, 41, 48)
(14, 15, 33, 52)
(6, 17, 36, 55)
}

method validate_set_V(57, 2) ran to completion.
