Maximum values for m = 10609 and d = 52:
5254 = [-5151, -5048, -4945, -4842, -4739, -4636, -4533, -4430, -4327, -4224, -4121, -4018, -3915, -3812, -3709, -3606, -3503, -3400, -3297, -3194, -3091, -2988, -2885, -2782, -2679, -2576, -2473, -2370, -2267, -2164, -2061, -1958, -1855, -1752, -1649, -1546, -1443, -1340, -1237, -1134, -1031, -928, -825, -722, -619, -516, -413, -310, -207, -104, -1, 102, 103, 205, 308, 411, 514, 617, 720, 823, 926, 1029, 1132, 1235, 1338, 1441, 1544, 1647, 1750, 1853, 1956, 2059, 2162, 2265, 2368, 2471, 2574, 2677, 2780, 2883, 2986, 3089, 3192, 3295, 3398, 3501, 3604, 3707, 3810, 3913, 4016, 4119, 4222, 4325, 4428, 4531, 4634, 4737, 4840, 4943, 5046, 5149, 5252]
5255 = [-5152, -5049, -4946, -4843, -4740, -4637, -4534, -4431, -4328, -4225, -4122, -4019, -3916, -3813, -3710, -3607, -3504, -3401, -3298, -3195, -3092, -2989, -2886, -2783, -2680, -2577, -2474, -2371, -2268, -2165, -2062, -1959, -1856, -1753, -1650, -1547, -1444, -1341, -1238, -1135, -1032, -929, -826, -723, -620, -517, -414, -311, -208, -105, -2, 101, 204, 206, 307, 410, 513, 616, 719, 822, 925, 1028, 1131, 1234, 1337, 1440, 1543, 1646, 1749, 1852, 1955, 2058, 2161, 2264, 2367, 2470, 2573, 2676, 2779, 2882, 2985, 3088, 3191, 3294, 3397, 3500, 3603, 3706, 3809, 3912, 4015, 4118, 4221, 4324, 4427, 4530, 4633, 4736, 4839, 4942, 5045, 5148, 5251]
5256 = [-5153, -5050, -4947, -4844, -4741, -4638, -4535, -4432, -4329, -4226, -4123, -4020, -3917, -3814, -3711, -3608, -3505, -3402, -3299, -3196, -3093, -2990, -2887, -2784, -2681, -2578, -2475, -2372, -2269, -2166, -2063, -1960, -1857, -1754, -1651, -1548, -1445, -1342, -1239, -1136, -1033, -930, -827, -724, -621, -518, -415, -312, -209, -106, -3, 100, 203, 306, 309, 409, 512, 615, 718, 821, 924, 1027, 1130, 1233, 1336, 1439, 1542, 1645, 1748, 1851, 1954, 2057, 2160, 2263, 2366, 2469, 2572, 2675, 2778, 2881, 2984, 3087, 3190, 3293, 3396, 3499, 3602, 3705, 3808, 3911, 4014, 4117, 4220, 4323, 4426, 4529, 4632, 4735, 4838, 4941, 5044, 5147, 5250]
5257 = [-5154, -5051, -4948, -4845, -4742, -4639, -4536, -4433, -4330, -4227, -4124, -4021, -3918, -3815, -3712, -3609, -3506, -3403, -3300, -3197, -3094, -2991, -2888, -2785, -2682, -2579, -2476, -2373, -2270, -2167, -2064, -1961, -1858, -1755, -1652, -1549, -1446, -1343, -1240, -1137, -1034, -931, -828, -725, -622, -519, -416, -313, -210, -107, -4, 99, 202, 305, 408, 412, 511, 614, 717, 820, 923, 1026, 1129, 1232, 1335, 1438, 1541, 1644, 1747, 1850, 1953, 2056, 2159, 2262, 2365, 2468, 2571, 2674, 2777, 2880, 2983, 3086, 3189, 3292, 3395, 3498, 3601, 3704, 3807, 3910, 4013, 4116, 4219, 4322, 4425, 4528, 4631, 4734, 4837, 4940, 5043, 5146, 5249]
5258 = [-5155, -5052, -4949, -4846, -4743, -4640, -4537, -4434, -4331, -4228, -4125, -4022, -3919, -3816, -3713, -3610, -3507, -3404, -3301, -3198, -3095, -2992, -2889, -2786, -2683, -2580, -2477, -2374, -2271, -2168, -2065, -1962, -1859, -1756, -1653, -1550, -1447, -1344, -1241, -1138, -1035, -932, -829, -726, -623, -520, -417, -314, -211, -108, -5, 98, 201, 304, 407, 510, 515, 613, 716, 819, 922, 1025, 1128, 1231, 1334, 1437, 1540, 1643, 1746, 1849, 1952, 2055, 2158, 2261, 2364, 2467, 2570, 2673, 2776, 2879, 2982, 3085, 3188, 3291, 3394, 3497, 3600, 3703, 3806, 3909, 4012, 4115, 4218, 4321, 4424, 4527, 4630, 4733, 4836, 4939, 5042, 5145, 5248]
5259 = [-5156, -5053, -4950, -4847, -4744, -4641, -4538, -4435, -4332, -4229, -4126, -4023, -3920, -3817, -3714, -3611, -3508, -3405, -3302, -3199, -3096, -2993, -2890, -2787, -2684, -2581, -2478, -2375, -2272, -2169, -2066, -1963, -1860, -1757, -1654, -1551, -1448, -1345, -1242, -1139, -1036, -933, -830, -727, -624, -521, -418, -315, -212, -109, -6, 97, 200, 303, 406, 509, 612, 618, 715, 818, 921, 1024, 1127, 1230, 1333, 1436, 1539, 1642, 1745, 1848, 1951, 2054, 2157, 2260, 2363, 2466, 2569, 2672, 2775, 2878, 2981, 3084, 3187, 3290, 3393, 3496, 3599, 3702, 3805, 3908, 4011, 4114, 4217, 4320, 4423, 4526, 4629, 4732, 4835, 4938, 5041, 5144, 5247]
5260 = [-5157, -5054, -4951, -4848, -4745, -4642, -4539, -4436, -4333, -4230, -4127, -4024, -3921, -3818, -3715, -3612, -3509, -3406, -3303, -3200, -3097, -2994, -2891, -2788, -2685, -2582, -2479, -2376, -2273, -2170, -2067, -1964, -1861, -1758, -1655, -1552, -1449, -1346, -1243, -1140, -1037, -934, -831, -728, -625, -522, -419, -316, -213, -110, -7, 96, 199, 302, 405, 508, 611, 714, 721, 817, 920, 1023, 1126, 1229, 1332, 1435, 1538, 1641, 1744, 1847, 1950, 2053, 2156, 2259, 2362, 2465, 2568, 2671, 2774, 2877, 2980, 3083, 3186, 3289, 3392, 3495, 3598, 3701, 3804, 3907, 4010, 4113, 4216, 4319, 4422, 4525, 4628, 4731, 4834, 4937, 5040, 5143, 5246]
5261 = [-5158, -5055, -4952, -4849, -4746, -4643, -4540, -4437, -4334, -4231, -4128, -4025, -3922, -3819, -3716, -3613, -3510, -3407, -3304, -3201, -3098, -2995, -2892, -2789, -2686, -2583, -2480, -2377, -2274, -2171, -2068, -1965, -1862, -1759, -1656, -1553, -1450, -1347, -1244, -1141, -1038, -935, -832, -729, -626, -523, -420, -317, -214, -111, -8, 95, 198, 301, 404, 507, 610, 713, 816, 824, 919, 1022, 1125, 1228, 1331, 1434, 1537, 1640, 1743, 1846, 1949, 2052, 2155, 2258, 2361, 2464, 2567, 2670, 2773, 2876, 2979, 3082, 3185, 3288, 3391, 3494, 3597, 3700, 3803, 3906, 4009, 4112, 4215, 4318, 4421, 4524, 4627, 4730, 4833, 4936, 5039, 5142, 5245]
5262 = [-5159, -5056, -4953, -4850, -4747, -4644, -4541, -4438, -4335, -4232, -4129, -4026, -3923, -3820, -3717, -3614, -3511, -3408, -3305, -3202, -3099, -2996, -2893, -2790, -2687, -2584, -2481, -2378, -2275, -2172, -2069, -1966, -1863, -1760, -1657, -1554, -1451, -1348, -1245, -1142, -1039, -936, -833, -730, -627, -524, -421, -318, -215, -112, -9, 94, 197, 300, 403, 506, 609, 712, 815, 918, 927, 1021, 1124, 1227, 1330, 1433, 1536, 1639, 1742, 1845, 1948, 2051, 2154, 2257, 2360, 2463, 2566, 2669, 2772, 2875, 2978, 3081, 3184, 3287, 3390, 3493, 3596, 3699, 3802, 3905, 4008, 4111, 4214, 4317, 4420, 4523, 4626, 4729, 4832, 4935, 5038, 5141, 5244]
5263 = [-5160, -5057, -4954, -4851, -4748, -4645, -4542, -4439, -4336, -4233, -4130, -4027, -3924, -3821, -3718, -3615, -3512, -3409, -3306, -3203, -3100, -2997, -2894, -2791, -2688, -2585, -2482, -2379, -2276, -2173, -2070, -1967, -1864, -1761, -1658, -1555, -1452, -1349, -1246, -1143, -1040, -937, -834, -731, -628, -525, -422, -319, -216, -113, -10, 93, 196, 299, 402, 505, 608, 711, 814, 917, 1020, 1030, 1123, 1226, 1329, 1432, 1535, 1638, 1741, 1844, 1947, 2050, 2153, 2256, 2359, 2462, 2565, 2668, 2771, 2874, 2977, 3080, 3183, 3286, 3389, 3492, 3595, 3698, 3801, 3904, 4007, 4110, 4213, 4316, 4419, 4522, 4625, 4728, 4831, 4934, 5037, 5140, 5243]
5264 = [-5161, -5058, -4955, -4852, -4749, -4646, -4543, -4440, -4337, -4234, -4131, -4028, -3925, -3822, -3719, -3616, -3513, -3410, -3307, -3204, -3101, -2998, -2895, -2792, -2689, -2586, -2483, -2380, -2277, -2174, -2071, -1968, -1865, -1762, -1659, -1556, -1453, -1350, -1247, -1144, -1041, -938, -835, -732, -629, -526, -423, -320, -217, -114, -11, 92, 195, 298, 401, 504, 607, 710, 813, 916, 1019, 1122, 1133, 1225, 1328, 1431, 1534, 1637, 1740, 1843, 1946, 2049, 2152, 2255, 2358, 2461, 2564, 2667, 2770, 2873, 2976, 3079, 3182, 3285, 3388, 3491, 3594, 3697, 3800, 3903, 4006, 4109, 4212, 4315, 4418, 4521, 4624, 4727, 4830, 4933, 5036, 5139, 5242]
5265 = [-5162, -5059, -4956, -4853, -4750, -4647, -4544, -4441, -4338, -4235, -4132, -4029, -3926, -3823, -3720, -3617, -3514, -3411, -3308, -3205, -3102, -2999, -2896, -2793, -2690, -2587, -2484, -2381, -2278, -2175, -2072, -1969, -1866, -1763, -1660, -1557, -1454, -1351, -1248, -1145, -1042, -939, -836, -733, -630, -527, -424, -321, -218, -115, -12, 91, 194, 297, 400, 503, 606, 709, 812, 915, 1018, 1121, 1224, 1236, 1327, 1430, 1533, 1636, 1739, 1842, 1945, 2048, 2151, 2254, 2357, 2460, 2563, 2666, 2769, 2872, 2975, 3078, 3181, 3284, 3387, 3490, 3593, 3696, 3799, 3902, 4005, 4108, 4211, 4314, 4417, 4520, 4623, 4726, 4829, 4932, 5035, 5138, 5241]
5266 = [-5163, -5060, -4957, -4854, -4751, -4648, -4545, -4442, -4339, -4236, -4133, -4030, -3927, -3824, -3721, -3618, -3515, -3412, -3309, -3206, -3103, -3000, -2897, -2794, -2691, -2588, -2485, -2382, -2279, -2176, -2073, -1970, -1867, -1764, -1661, -1558, -1455, -1352, -1249, -1146, -1043, -940, -837, -734, -631, -528, -425, -322, -219, -116, -13, 90, 193, 296, 399, 502, 605, 708, 811, 914, 1017, 1120, 1223, 1326, 1339, 1429, 1532, 1635, 1738, 1841, 1944, 2047, 2150, 2253, 2356, 2459, 2562, 2665, 2768, 2871, 2974, 3077, 3180, 3283, 3386, 3489, 3592, 3695, 3798, 3901, 4004, 4107, 4210, 4313, 4416, 4519, 4622, 4725, 4828, 4931, 5034, 5137, 5240]
5267 = [-5164, -5061, -4958, -4855, -4752, -4649, -4546, -4443, -4340, -4237, -4134, -4031, -3928, -3825, -3722, -3619, -3516, -3413, -3310, -3207, -3104, -3001, -2898, -2795, -2692, -2589, -2486, -2383, -2280, -2177, -2074, -1971, -1868, -1765, -1662, -1559, -1456, -1353, -1250, -1147, -1044, -941, -838, -735, -632, -529, -426, -323, -220, -117, -14, 89, 192, 295, 398, 501, 604, 707, 810, 913, 1016, 1119, 1222, 1325, 1428, 1442, 1531, 1634, 1737, 1840, 1943, 2046, 2149, 2252, 2355, 2458, 2561, 2664, 2767, 2870, 2973, 3076, 3179, 3282, 3385, 3488, 3591, 3694, 3797, 3900, 4003, 4106, 4209, 4312, 4415, 4518, 4621, 4724, 4827, 4930, 5033, 5136, 5239]
5268 = [-5165, -5062, -4959, -4856, -4753, -4650, -4547, -4444, -4341, -4238, -4135, -4032, -3929, -3826, -3723, -3620, -3517, -3414, -3311, -3208, -3105, -3002, -2899, -2796, -2693, -2590, -2487, -2384, -2281, -2178, -2075, -1972, -1869, -1766, -1663, -1560, -1457, -1354, -1251, -1148, -1045, -942, -839, -736, -633, -530, -427, -324, -221, -118, -15, 88, 191, 294, 397, 500, 603, 706, 809, 912, 1015, 1118, 1221, 1324, 1427, 1530, 1545, 1633, 1736, 1839, 1942, 2045, 2148, 2251, 2354, 2457, 2560, 2663, 2766, 2869, 2972, 3075, 3178, 3281, 3384, 3487, 3590, 3693, 3796, 3899, 4002, 4105, 4208, 4311, 4414, 4517, 4620, 4723, 4826, 4929, 5032, 5135, 5238]
5269 = [-5166, -5063, -4960, -4857, -4754, -4651, -4548, -4445, -4342, -4239, -4136, -4033, -3930, -3827, -3724, -3621, -3518, -3415, -3312, -3209, -3106, -3003, -2900, -2797, -2694, -2591, -2488, -2385, -2282, -2179, -2076, -1973, -1870, -1767, -1664, -1561, -1458, -1355, -1252, -1149, -1046, -943, -840, -737, -634, -531, -428, -325, -222, -119, -16, 87, 190, 293, 396, 499, 602, 705, 808, 911, 1014, 1117, 1220, 1323, 1426, 1529, 1632, 1648, 1735, 1838, 1941, 2044, 2147, 2250, 2353, 2456, 2559, 2662, 2765, 2868, 2971, 3074, 3177, 3280, 3383, 3486, 3589, 3692, 3795, 3898, 4001, 4104, 4207, 4310, 4413, 4516, 4619, 4722, 4825, 4928, 5031, 5134, 5237]
5270 = [-5167, -5064, -4961, -4858, -4755, -4652, -4549, -4446, -4343, -4240, -4137, -4034, -3931, -3828, -3725, -3622, -3519, -3416, -3313, -3210, -3107, -3004, -2901, -2798, -2695, -2592, -2489, -2386, -2283, -2180, -2077, -1974, -1871, -1768, -1665, -1562, -1459, -1356, -1253, -1150, -1047, -944, -841, -738, -635, -532, -429, -326, -223, -120, -17, 86, 189, 292, 395, 498, 601, 704, 807, 910, 1013, 1116, 1219, 1322, 1425, 1528, 1631, 1734, 1751, 1837, 1940, 2043, 2146, 2249, 2352, 2455, 2558, 2661, 2764, 2867, 2970, 3073, 3176, 3279, 3382, 3485, 3588, 3691, 3794, 3897, 4000, 4103, 4206, 4309, 4412, 4515, 4618, 4721, 4824, 4927, 5030, 5133, 5236]
5271 = [-5168, -5065, -4962, -4859, -4756, -4653, -4550, -4447, -4344, -4241, -4138, -4035, -3932, -3829, -3726, -3623, -3520, -3417, -3314, -3211, -3108, -3005, -2902, -2799, -2696, -2593, -2490, -2387, -2284, -2181, -2078, -1975, -1872, -1769, -1666, -1563, -1460, -1357, -1254, -1151, -1048, -945, -842, -739, -636, -533, -430, -327, -224, -121, -18, 85, 188, 291, 394, 497, 600, 703, 806, 909, 1012, 1115, 1218, 1321, 1424, 1527, 1630, 1733, 1836, 1854, 1939, 2042, 2145, 2248, 2351, 2454, 2557, 2660, 2763, 2866, 2969, 3072, 3175, 3278, 3381, 3484, 3587, 3690, 3793, 3896, 3999, 4102, 4205, 4308, 4411, 4514, 4617, 4720, 4823, 4926, 5029, 5132, 5235]
5272 = [-5169, -5066, -4963, -4860, -4757, -4654, -4551, -4448, -4345, -4242, -4139, -4036, -3933, -3830, -3727, -3624, -3521, -3418, -3315, -3212, -3109, -3006, -2903, -2800, -2697, -2594, -2491, -2388, -2285, -2182, -2079, -1976, -1873, -1770, -1667, -1564, -1461, -1358, -1255, -1152, -1049, -946, -843, -740, -637, -534, -431, -328, -225, -122, -19, 84, 187, 290, 393, 496, 599, 702, 805, 908, 1011, 1114, 1217, 1320, 1423, 1526, 1629, 1732, 1835, 1938, 1957, 2041, 2144, 2247, 2350, 2453, 2556, 2659, 2762, 2865, 2968, 3071, 3174, 3277, 3380, 3483, 3586, 3689, 3792, 3895, 3998, 4101, 4204, 4307, 4410, 4513, 4616, 4719, 4822, 4925, 5028, 5131, 5234]
5273 = [-5170, -5067, -4964, -4861, -4758, -4655, -4552, -4449, -4346, -4243, -4140, -4037, -3934, -3831, -3728, -3625, -3522, -3419, -3316, -3213, -3110, -3007, -2904, -2801, -2698, -2595, -2492, -2389, -2286, -2183, -2080, -1977, -1874, -1771, -1668, -1565, -1462, -1359, -1256, -1153, -1050, -947, -844, -741, -638, -535, -432, -329, -226, -123, -20, 83, 186, 289, 392, 495, 598, 701, 804, 907, 1010, 1113, 1216, 1319, 1422, 1525, 1628, 1731, 1834, 1937, 2040, 2060, 2143, 2246, 2349, 2452, 2555, 2658, 2761, 2864, 2967, 3070, 3173, 3276, 3379, 3482, 3585, 3688, 3791, 3894, 3997, 4100, 4203, 4306, 4409, 4512, 4615, 4718, 4821, 4924, 5027, 5130, 5233]
5274 = [-5171, -5068, -4965, -4862, -4759, -4656, -4553, -4450, -4347, -4244, -4141, -4038, -3935, -3832, -3729, -3626, -3523, -3420, -3317, -3214, -3111, -3008, -2905, -2802, -2699, -2596, -2493, -2390, -2287, -2184, -2081, -1978, -1875, -1772, -1669, -1566, -1463, -1360, -1257, -1154, -1051, -948, -845, -742, -639, -536, -433, -330, -227, -124, -21, 82, 185, 288, 391, 494, 597, 700, 803, 906, 1009, 1112, 1215, 1318, 1421, 1524, 1627, 1730, 1833, 1936, 2039, 2142, 2163, 2245, 2348, 2451, 2554, 2657, 2760, 2863, 2966, 3069, 3172, 3275, 3378, 3481, 3584, 3687, 3790, 3893, 3996, 4099, 4202, 4305, 4408, 4511, 4614, 4717, 4820, 4923, 5026, 5129, 5232]
5275 = [-5172, -5069, -4966, -4863, -4760, -4657, -4554, -4451, -4348, -4245, -4142, -4039, -3936, -3833, -3730, -3627, -3524, -3421, -3318, -3215, -3112, -3009, -2906, -2803, -2700, -2597, -2494, -2391, -2288, -2185, -2082, -1979, -1876, -1773, -1670, -1567, -1464, -1361, -1258, -1155, -1052, -949, -846, -743, -640, -537, -434, -331, -228, -125, -22, 81, 184, 287, 390, 493, 596, 699, 802, 905, 1008, 1111, 1214, 1317, 1420, 1523, 1626, 1729, 1832, 1935, 2038, 2141, 2244, 2266, 2347, 2450, 2553, 2656, 2759, 2862, 2965, 3068, 3171, 3274, 3377, 3480, 3583, 3686, 3789, 3892, 3995, 4098, 4201, 4304, 4407, 4510, 4613, 4716, 4819, 4922, 5025, 5128, 5231]
5276 = [-5173, -5070, -4967, -4864, -4761, -4658, -4555, -4452, -4349, -4246, -4143, -4040, -3937, -3834, -3731, -3628, -3525, -3422, -3319, -3216, -3113, -3010, -2907, -2804, -2701, -2598, -2495, -2392, -2289, -2186, -2083, -1980, -1877, -1774, -1671, -1568, -1465, -1362, -1259, -1156, -1053, -950, -847, -744, -641, -538, -435, -332, -229, -126, -23, 80, 183, 286, 389, 492, 595, 698, 801, 904, 1007, 1110, 1213, 1316, 1419, 1522, 1625, 1728, 1831, 1934, 2037, 2140, 2243, 2346, 2369, 2449, 2552, 2655, 2758, 2861, 2964, 3067, 3170, 3273, 3376, 3479, 3582, 3685, 3788, 3891, 3994, 4097, 4200, 4303, 4406, 4509, 4612, 4715, 4818, 4921, 5024, 5127, 5230]
5277 = [-5174, -5071, -4968, -4865, -4762, -4659, -4556, -4453, -4350, -4247, -4144, -4041, -3938, -3835, -3732, -3629, -3526, -3423, -3320, -3217, -3114, -3011, -2908, -2805, -2702, -2599, -2496, -2393, -2290, -2187, -2084, -1981, -1878, -1775, -1672, -1569, -1466, -1363, -1260, -1157, -1054, -951, -848, -745, -642, -539, -436, -333, -230, -127, -24, 79, 182, 285, 388, 491, 594, 697, 800, 903, 1006, 1109, 1212, 1315, 1418, 1521, 1624, 1727, 1830, 1933, 2036, 2139, 2242, 2345, 2448, 2472, 2551, 2654, 2757, 2860, 2963, 3066, 3169, 3272, 3375, 3478, 3581, 3684, 3787, 3890, 3993, 4096, 4199, 4302, 4405, 4508, 4611, 4714, 4817, 4920, 5023, 5126, 5229]
5278 = [-5175, -5072, -4969, -4866, -4763, -4660, -4557, -4454, -4351, -4248, -4145, -4042, -3939, -3836, -3733, -3630, -3527, -3424, -3321, -3218, -3115, -3012, -2909, -2806, -2703, -2600, -2497, -2394, -2291, -2188, -2085, -1982, -1879, -1776, -1673, -1570, -1467, -1364, -1261, -1158, -1055, -952, -849, -746, -643, -540, -437, -334, -231, -128, -25, 78, 181, 284, 387, 490, 593, 696, 799, 902, 1005, 1108, 1211, 1314, 1417, 1520, 1623, 1726, 1829, 1932, 2035, 2138, 2241, 2344, 2447, 2550, 2575, 2653, 2756, 2859, 2962, 3065, 3168, 3271, 3374, 3477, 3580, 3683, 3786, 3889, 3992, 4095, 4198, 4301, 4404, 4507, 4610, 4713, 4816, 4919, 5022, 5125, 5228]
5279 = [-5176, -5073, -4970, -4867, -4764, -4661, -4558, -4455, -4352, -4249, -4146, -4043, -3940, -3837, -3734, -3631, -3528, -3425, -3322, -3219, -3116, -3013, -2910, -2807, -2704, -2601, -2498, -2395, -2292, -2189, -2086, -1983, -1880, -1777, -1674, -1571, -1468, -1365, -1262, -1159, -1056, -953, -850, -747, -644, -541, -438, -335, -232, -129, -26, 77, 180, 283, 386, 489, 592, 695, 798, 901, 1004, 1107, 1210, 1313, 1416, 1519, 1622, 1725, 1828, 1931, 2034, 2137, 2240, 2343, 2446, 2549, 2652, 2678, 2755, 2858, 2961, 3064, 3167, 3270, 3373, 3476, 3579, 3682, 3785, 3888, 3991, 4094, 4197, 4300, 4403, 4506, 4609, 4712, 4815, 4918, 5021, 5124, 5227]
5280 = [-5177, -5074, -4971, -4868, -4765, -4662, -4559, -4456, -4353, -4250, -4147, -4044, -3941, -3838, -3735, -3632, -3529, -3426, -3323, -3220, -3117, -3014, -2911, -2808, -2705, -2602, -2499, -2396, -2293, -2190, -2087, -1984, -1881, -1778, -1675, -1572, -1469, -1366, -1263, -1160, -1057, -954, -851, -748, -645, -542, -439, -336, -233, -130, -27, 76, 179, 282, 385, 488, 591, 694, 797, 900, 1003, 1106, 1209, 1312, 1415, 1518, 1621, 1724, 1827, 1930, 2033, 2136, 2239, 2342, 2445, 2548, 2651, 2754, 2781, 2857, 2960, 3063, 3166, 3269, 3372, 3475, 3578, 3681, 3784, 3887, 3990, 4093, 4196, 4299, 4402, 4505, 4608, 4711, 4814, 4917, 5020, 5123, 5226]
5281 = [-5178, -5075, -4972, -4869, -4766, -4663, -4560, -4457, -4354, -4251, -4148, -4045, -3942, -3839, -3736, -3633, -3530, -3427, -3324, -3221, -3118, -3015, -2912, -2809, -2706, -2603, -2500, -2397, -2294, -2191, -2088, -1985, -1882, -1779, -1676, -1573, -1470, -1367, -1264, -1161, -1058, -955, -852, -749, -646, -543, -440, -337, -234, -131, -28, 75, 178, 281, 384, 487, 590, 693, 796, 899, 1002, 1105, 1208, 1311, 1414, 1517, 1620, 1723, 1826, 1929, 2032, 2135, 2238, 2341, 2444, 2547, 2650, 2753, 2856, 2884, 2959, 3062, 3165, 3268, 3371, 3474, 3577, 3680, 3783, 3886, 3989, 4092, 4195, 4298, 4401, 4504, 4607, 4710, 4813, 4916, 5019, 5122, 5225]
5282 = [-5179, -5076, -4973, -4870, -4767, -4664, -4561, -4458, -4355, -4252, -4149, -4046, -3943, -3840, -3737, -3634, -3531, -3428, -3325, -3222, -3119, -3016, -2913, -2810, -2707, -2604, -2501, -2398, -2295, -2192, -2089, -1986, -1883, -1780, -1677, -1574, -1471, -1368, -1265, -1162, -1059, -956, -853, -750, -647, -544, -441, -338, -235, -132, -29, 74, 177, 280, 383, 486, 589, 692, 795, 898, 1001, 1104, 1207, 1310, 1413, 1516, 1619, 1722, 1825, 1928, 2031, 2134, 2237, 2340, 2443, 2546, 2649, 2752, 2855, 2958, 2987, 3061, 3164, 3267, 3370, 3473, 3576, 3679, 3782, 3885, 3988, 4091, 4194, 4297, 4400, 4503, 4606, 4709, 4812, 4915, 5018, 5121, 5224]
5283 = [-5180, -5077, -4974, -4871, -4768, -4665, -4562, -4459, -4356, -4253, -4150, -4047, -3944, -3841, -3738, -3635, -3532, -3429, -3326, -3223, -3120, -3017, -2914, -2811, -2708, -2605, -2502, -2399, -2296, -2193, -2090, -1987, -1884, -1781, -1678, -1575, -1472, -1369, -1266, -1163, -1060, -957, -854, -751, -648, -545, -442, -339, -236, -133, -30, 73, 176, 279, 382, 485, 588, 691, 794, 897, 1000, 1103, 1206, 1309, 1412, 1515, 1618, 1721, 1824, 1927, 2030, 2133, 2236, 2339, 2442, 2545, 2648, 2751, 2854, 2957, 3060, 3090, 3163, 3266, 3369, 3472, 3575, 3678, 3781, 3884, 3987, 4090, 4193, 4296, 4399, 4502, 4605, 4708, 4811, 4914, 5017, 5120, 5223]
5284 = [-5181, -5078, -4975, -4872, -4769, -4666, -4563, -4460, -4357, -4254, -4151, -4048, -3945, -3842, -3739, -3636, -3533, -3430, -3327, -3224, -3121, -3018, -2915, -2812, -2709, -2606, -2503, -2400, -2297, -2194, -2091, -1988, -1885, -1782, -1679, -1576, -1473, -1370, -1267, -1164, -1061, -958, -855, -752, -649, -546, -443, -340, -237, -134, -31, 72, 175, 278, 381, 484, 587, 690, 793, 896, 999, 1102, 1205, 1308, 1411, 1514, 1617, 1720, 1823, 1926, 2029, 2132, 2235, 2338, 2441, 2544, 2647, 2750, 2853, 2956, 3059, 3162, 3193, 3265, 3368, 3471, 3574, 3677, 3780, 3883, 3986, 4089, 4192, 4295, 4398, 4501, 4604, 4707, 4810, 4913, 5016, 5119, 5222]
5285 = [-5182, -5079, -4976, -4873, -4770, -4667, -4564, -4461, -4358, -4255, -4152, -4049, -3946, -3843, -3740, -3637, -3534, -3431, -3328, -3225, -3122, -3019, -2916, -2813, -2710, -2607, -2504, -2401, -2298, -2195, -2092, -1989, -1886, -1783, -1680, -1577, -1474, -1371, -1268, -1165, -1062, -959, -856, -753, -650, -547, -444, -341, -238, -135, -32, 71, 174, 277, 380, 483, 586, 689, 792, 895, 998, 1101, 1204, 1307, 1410, 1513, 1616, 1719, 1822, 1925, 2028, 2131, 2234, 2337, 2440, 2543, 2646, 2749, 2852, 2955, 3058, 3161, 3264, 3296, 3367, 3470, 3573, 3676, 3779, 3882, 3985, 4088, 4191, 4294, 4397, 4500, 4603, 4706, 4809, 4912, 5015, 5118, 5221]
5286 = [-5183, -5080, -4977, -4874, -4771, -4668, -4565, -4462, -4359, -4256, -4153, -4050, -3947, -3844, -3741, -3638, -3535, -3432, -3329, -3226, -3123, -3020, -2917, -2814, -2711, -2608, -2505, -2402, -2299, -2196, -2093, -1990, -1887, -1784, -1681, -1578, -1475, -1372, -1269, -1166, -1063, -960, -857, -754, -651, -548, -445, -342, -239, -136, -33, 70, 173, 276, 379, 482, 585, 688, 791, 894, 997, 1100, 1203, 1306, 1409, 1512, 1615, 1718, 1821, 1924, 2027, 2130, 2233, 2336, 2439, 2542, 2645, 2748, 2851, 2954, 3057, 3160, 3263, 3366, 3399, 3469, 3572, 3675, 3778, 3881, 3984, 4087, 4190, 4293, 4396, 4499, 4602, 4705, 4808, 4911, 5014, 5117, 5220]
5287 = [-5184, -5081, -4978, -4875, -4772, -4669, -4566, -4463, -4360, -4257, -4154, -4051, -3948, -3845, -3742, -3639, -3536, -3433, -3330, -3227, -3124, -3021, -2918, -2815, -2712, -2609, -2506, -2403, -2300, -2197, -2094, -1991, -1888, -1785, -1682, -1579, -1476, -1373, -1270, -1167, -1064, -961, -858, -755, -652, -549, -446, -343, -240, -137, -34, 69, 172, 275, 378, 481, 584, 687, 790, 893, 996, 1099, 1202, 1305, 1408, 1511, 1614, 1717, 1820, 1923, 2026, 2129, 2232, 2335, 2438, 2541, 2644, 2747, 2850, 2953, 3056, 3159, 3262, 3365, 3468, 3502, 3571, 3674, 3777, 3880, 3983, 4086, 4189, 4292, 4395, 4498, 4601, 4704, 4807, 4910, 5013, 5116, 5219]
5288 = [-5185, -5082, -4979, -4876, -4773, -4670, -4567, -4464, -4361, -4258, -4155, -4052, -3949, -3846, -3743, -3640, -3537, -3434, -3331, -3228, -3125, -3022, -2919, -2816, -2713, -2610, -2507, -2404, -2301, -2198, -2095, -1992, -1889, -1786, -1683, -1580, -1477, -1374, -1271, -1168, -1065, -962, -859, -756, -653, -550, -447, -344, -241, -138, -35, 68, 171, 274, 377, 480, 583, 686, 789, 892, 995, 1098, 1201, 1304, 1407, 1510, 1613, 1716, 1819, 1922, 2025, 2128, 2231, 2334, 2437, 2540, 2643, 2746, 2849, 2952, 3055, 3158, 3261, 3364, 3467, 3570, 3605, 3673, 3776, 3879, 3982, 4085, 4188, 4291, 4394, 4497, 4600, 4703, 4806, 4909, 5012, 5115, 5218]
5289 = [-5186, -5083, -4980, -4877, -4774, -4671, -4568, -4465, -4362, -4259, -4156, -4053, -3950, -3847, -3744, -3641, -3538, -3435, -3332, -3229, -3126, -3023, -2920, -2817, -2714, -2611, -2508, -2405, -2302, -2199, -2096, -1993, -1890, -1787, -1684, -1581, -1478, -1375, -1272, -1169, -1066, -963, -860, -757, -654, -551, -448, -345, -242, -139, -36, 67, 170, 273, 376, 479, 582, 685, 788, 891, 994, 1097, 1200, 1303, 1406, 1509, 1612, 1715, 1818, 1921, 2024, 2127, 2230, 2333, 2436, 2539, 2642, 2745, 2848, 2951, 3054, 3157, 3260, 3363, 3466, 3569, 3672, 3708, 3775, 3878, 3981, 4084, 4187, 4290, 4393, 4496, 4599, 4702, 4805, 4908, 5011, 5114, 5217]
5290 = [-5187, -5084, -4981, -4878, -4775, -4672, -4569, -4466, -4363, -4260, -4157, -4054, -3951, -3848, -3745, -3642, -3539, -3436, -3333, -3230, -3127, -3024, -2921, -2818, -2715, -2612, -2509, -2406, -2303, -2200, -2097, -1994, -1891, -1788, -1685, -1582, -1479, -1376, -1273, -1170, -1067, -964, -861, -758, -655, -552, -449, -346, -243, -140, -37, 66, 169, 272, 375, 478, 581, 684, 787, 890, 993, 1096, 1199, 1302, 1405, 1508, 1611, 1714, 1817, 1920, 2023, 2126, 2229, 2332, 2435, 2538, 2641, 2744, 2847, 2950, 3053, 3156, 3259, 3362, 3465, 3568, 3671, 3774, 3811, 3877, 3980, 4083, 4186, 4289, 4392, 4495, 4598, 4701, 4804, 4907, 5010, 5113, 5216]
5291 = [-5188, -5085, -4982, -4879, -4776, -4673, -4570, -4467, -4364, -4261, -4158, -4055, -3952, -3849, -3746, -3643, -3540, -3437, -3334, -3231, -3128, -3025, -2922, -2819, -2716, -2613, -2510, -2407, -2304, -2201, -2098, -1995, -1892, -1789, -1686, -1583, -1480, -1377, -1274, -1171, -1068, -965, -862, -759, -656, -553, -450, -347, -244, -141, -38, 65, 168, 271, 374, 477, 580, 683, 786, 889, 992, 1095, 1198, 1301, 1404, 1507, 1610, 1713, 1816, 1919, 2022, 2125, 2228, 2331, 2434, 2537, 2640, 2743, 2846, 2949, 3052, 3155, 3258, 3361, 3464, 3567, 3670, 3773, 3876, 3914, 3979, 4082, 4185, 4288, 4391, 4494, 4597, 4700, 4803, 4906, 5009, 5112, 5215]
5292 = [-5189, -5086, -4983, -4880, -4777, -4674, -4571, -4468, -4365, -4262, -4159, -4056, -3953, -3850, -3747, -3644, -3541, -3438, -3335, -3232, -3129, -3026, -2923, -2820, -2717, -2614, -2511, -2408, -2305, -2202, -2099, -1996, -1893, -1790, -1687, -1584, -1481, -1378, -1275, -1172, -1069, -966, -863, -760, -657, -554, -451, -348, -245, -142, -39, 64, 167, 270, 373, 476, 579, 682, 785, 888, 991, 1094, 1197, 1300, 1403, 1506, 1609, 1712, 1815, 1918, 2021, 2124, 2227, 2330, 2433, 2536, 2639, 2742, 2845, 2948, 3051, 3154, 3257, 3360, 3463, 3566, 3669, 3772, 3875, 3978, 4017, 4081, 4184, 4287, 4390, 4493, 4596, 4699, 4802, 4905, 5008, 5111, 5214]
5293 = [-5190, -5087, -4984, -4881, -4778, -4675, -4572, -4469, -4366, -4263, -4160, -4057, -3954, -3851, -3748, -3645, -3542, -3439, -3336, -3233, -3130, -3027, -2924, -2821, -2718, -2615, -2512, -2409, -2306, -2203, -2100, -1997, -1894, -1791, -1688, -1585, -1482, -1379, -1276, -1173, -1070, -967, -864, -761, -658, -555, -452, -349, -246, -143, -40, 63, 166, 269, 372, 475, 578, 681, 784, 887, 990, 1093, 1196, 1299, 1402, 1505, 1608, 1711, 1814, 1917, 2020, 2123, 2226, 2329, 2432, 2535, 2638, 2741, 2844, 2947, 3050, 3153, 3256, 3359, 3462, 3565, 3668, 3771, 3874, 3977, 4080, 4120, 4183, 4286, 4389, 4492, 4595, 4698, 4801, 4904, 5007, 5110, 5213]
5294 = [-5191, -5088, -4985, -4882, -4779, -4676, -4573, -4470, -4367, -4264, -4161, -4058, -3955, -3852, -3749, -3646, -3543, -3440, -3337, -3234, -3131, -3028, -2925, -2822, -2719, -2616, -2513, -2410, -2307, -2204, -2101, -1998, -1895, -1792, -1689, -1586, -1483, -1380, -1277, -1174, -1071, -968, -865, -762, -659, -556, -453, -350, -247, -144, -41, 62, 165, 268, 371, 474, 577, 680, 783, 886, 989, 1092, 1195, 1298, 1401, 1504, 1607, 1710, 1813, 1916, 2019, 2122, 2225, 2328, 2431, 2534, 2637, 2740, 2843, 2946, 3049, 3152, 3255, 3358, 3461, 3564, 3667, 3770, 3873, 3976, 4079, 4182, 4223, 4285, 4388, 4491, 4594, 4697, 4800, 4903, 5006, 5109, 5212]
5295 = [-5192, -5089, -4986, -4883, -4780, -4677, -4574, -4471, -4368, -4265, -4162, -4059, -3956, -3853, -3750, -3647, -3544, -3441, -3338, -3235, -3132, -3029, -2926, -2823, -2720, -2617, -2514, -2411, -2308, -2205, -2102, -1999, -1896, -1793, -1690, -1587, -1484, -1381, -1278, -1175, -1072, -969, -866, -763, -660, -557, -454, -351, -248, -145, -42, 61, 164, 267, 370, 473, 576, 679, 782, 885, 988, 1091, 1194, 1297, 1400, 1503, 1606, 1709, 1812, 1915, 2018, 2121, 2224, 2327, 2430, 2533, 2636, 2739, 2842, 2945, 3048, 3151, 3254, 3357, 3460, 3563, 3666, 3769, 3872, 3975, 4078, 4181, 4284, 4326, 4387, 4490, 4593, 4696, 4799, 4902, 5005, 5108, 5211]
5296 = [-5193, -5090, -4987, -4884, -4781, -4678, -4575, -4472, -4369, -4266, -4163, -4060, -3957, -3854, -3751, -3648, -3545, -3442, -3339, -3236, -3133, -3030, -2927, -2824, -2721, -2618, -2515, -2412, -2309, -2206, -2103, -2000, -1897, -1794, -1691, -1588, -1485, -1382, -1279, -1176, -1073, -970, -867, -764, -661, -558, -455, -352, -249, -146, -43, 60, 163, 266, 369, 472, 575, 678, 781, 884, 987, 1090, 1193, 1296, 1399, 1502, 1605, 1708, 1811, 1914, 2017, 2120, 2223, 2326, 2429, 2532, 2635, 2738, 2841, 2944, 3047, 3150, 3253, 3356, 3459, 3562, 3665, 3768, 3871, 3974, 4077, 4180, 4283, 4386, 4429, 4489, 4592, 4695, 4798, 4901, 5004, 5107, 5210]
5297 = [-5194, -5091, -4988, -4885, -4782, -4679, -4576, -4473, -4370, -4267, -4164, -4061, -3958, -3855, -3752, -3649, -3546, -3443, -3340, -3237, -3134, -3031, -2928, -2825, -2722, -2619, -2516, -2413, -2310, -2207, -2104, -2001, -1898, -1795, -1692, -1589, -1486, -1383, -1280, -1177, -1074, -971, -868, -765, -662, -559, -456, -353, -250, -147, -44, 59, 162, 265, 368, 471, 574, 677, 780, 883, 986, 1089, 1192, 1295, 1398, 1501, 1604, 1707, 1810, 1913, 2016, 2119, 2222, 2325, 2428, 2531, 2634, 2737, 2840, 2943, 3046, 3149, 3252, 3355, 3458, 3561, 3664, 3767, 3870, 3973, 4076, 4179, 4282, 4385, 4488, 4532, 4591, 4694, 4797, 4900, 5003, 5106, 5209]
5298 = [-5195, -5092, -4989, -4886, -4783, -4680, -4577, -4474, -4371, -4268, -4165, -4062, -3959, -3856, -3753, -3650, -3547, -3444, -3341, -3238, -3135, -3032, -2929, -2826, -2723, -2620, -2517, -2414, -2311, -2208, -2105, -2002, -1899, -1796, -1693, -1590, -1487, -1384, -1281, -1178, -1075, -972, -869, -766, -663, -560, -457, -354, -251, -148, -45, 58, 161, 264, 367, 470, 573, 676, 779, 882, 985, 1088, 1191, 1294, 1397, 1500, 1603, 1706, 1809, 1912, 2015, 2118, 2221, 2324, 2427, 2530, 2633, 2736, 2839, 2942, 3045, 3148, 3251, 3354, 3457, 3560, 3663, 3766, 3869, 3972, 4075, 4178, 4281, 4384, 4487, 4590, 4635, 4693, 4796, 4899, 5002, 5105, 5208]
5299 = [-5196, -5093, -4990, -4887, -4784, -4681, -4578, -4475, -4372, -4269, -4166, -4063, -3960, -3857, -3754, -3651, -3548, -3445, -3342, -3239, -3136, -3033, -2930, -2827, -2724, -2621, -2518, -2415, -2312, -2209, -2106, -2003, -1900, -1797, -1694, -1591, -1488, -1385, -1282, -1179, -1076, -973, -870, -767, -664, -561, -458, -355, -252, -149, -46, 57, 160, 263, 366, 469, 572, 675, 778, 881, 984, 1087, 1190, 1293, 1396, 1499, 1602, 1705, 1808, 1911, 2014, 2117, 2220, 2323, 2426, 2529, 2632, 2735, 2838, 2941, 3044, 3147, 3250, 3353, 3456, 3559, 3662, 3765, 3868, 3971, 4074, 4177, 4280, 4383, 4486, 4589, 4692, 4738, 4795, 4898, 5001, 5104, 5207]
5300 = [-5197, -5094, -4991, -4888, -4785, -4682, -4579, -4476, -4373, -4270, -4167, -4064, -3961, -3858, -3755, -3652, -3549, -3446, -3343, -3240, -3137, -3034, -2931, -2828, -2725, -2622, -2519, -2416, -2313, -2210, -2107, -2004, -1901, -1798, -1695, -1592, -1489, -1386, -1283, -1180, -1077, -974, -871, -768, -665, -562, -459, -356, -253, -150, -47, 56, 159, 262, 365, 468, 571, 674, 777, 880, 983, 1086, 1189, 1292, 1395, 1498, 1601, 1704, 1807, 1910, 2013, 2116, 2219, 2322, 2425, 2528, 2631, 2734, 2837, 2940, 3043, 3146, 3249, 3352, 3455, 3558, 3661, 3764, 3867, 3970, 4073, 4176, 4279, 4382, 4485, 4588, 4691, 4794, 4841, 4897, 5000, 5103, 5206]
5301 = [-5198, -5095, -4992, -4889, -4786, -4683, -4580, -4477, -4374, -4271, -4168, -4065, -3962, -3859, -3756, -3653, -3550, -3447, -3344, -3241, -3138, -3035, -2932, -2829, -2726, -2623, -2520, -2417, -2314, -2211, -2108, -2005, -1902, -1799, -1696, -1593, -1490, -1387, -1284, -1181, -1078, -975, -872, -769, -666, -563, -460, -357, -254, -151, -48, 55, 158, 261, 364, 467, 570, 673, 776, 879, 982, 1085, 1188, 1291, 1394, 1497, 1600, 1703, 1806, 1909, 2012, 2115, 2218, 2321, 2424, 2527, 2630, 2733, 2836, 2939, 3042, 3145, 3248, 3351, 3454, 3557, 3660, 3763, 3866, 3969, 4072, 4175, 4278, 4381, 4484, 4587, 4690, 4793, 4896, 4944, 4999, 5102, 5205]
5302 = [-5199, -5096, -4993, -4890, -4787, -4684, -4581, -4478, -4375, -4272, -4169, -4066, -3963, -3860, -3757, -3654, -3551, -3448, -3345, -3242, -3139, -3036, -2933, -2830, -2727, -2624, -2521, -2418, -2315, -2212, -2109, -2006, -1903, -1800, -1697, -1594, -1491, -1388, -1285, -1182, -1079, -976, -873, -770, -667, -564, -461, -358, -255, -152, -49, 54, 157, 260, 363, 466, 569, 672, 775, 878, 981, 1084, 1187, 1290, 1393, 1496, 1599, 1702, 1805, 1908, 2011, 2114, 2217, 2320, 2423, 2526, 2629, 2732, 2835, 2938, 3041, 3144, 3247, 3350, 3453, 3556, 3659, 3762, 3865, 3968, 4071, 4174, 4277, 4380, 4483, 4586, 4689, 4792, 4895, 4998, 5047, 5101, 5204]
5303 = [-5200, -5097, -4994, -4891, -4788, -4685, -4582, -4479, -4376, -4273, -4170, -4067, -3964, -3861, -3758, -3655, -3552, -3449, -3346, -3243, -3140, -3037, -2934, -2831, -2728, -2625, -2522, -2419, -2316, -2213, -2110, -2007, -1904, -1801, -1698, -1595, -1492, -1389, -1286, -1183, -1080, -977, -874, -771, -668, -565, -462, -359, -256, -153, -50, 53, 156, 259, 362, 465, 568, 671, 774, 877, 980, 1083, 1186, 1289, 1392, 1495, 1598, 1701, 1804, 1907, 2010, 2113, 2216, 2319, 2422, 2525, 2628, 2731, 2834, 2937, 3040, 3143, 3246, 3349, 3452, 3555, 3658, 3761, 3864, 3967, 4070, 4173, 4276, 4379, 4482, 4585, 4688, 4791, 4894, 4997, 5100, 5150, 5203]
5304 = [-5201, -5098, -4995, -4892, -4789, -4686, -4583, -4480, -4377, -4274, -4171, -4068, -3965, -3862, -3759, -3656, -3553, -3450, -3347, -3244, -3141, -3038, -2935, -2832, -2729, -2626, -2523, -2420, -2317, -2214, -2111, -2008, -1905, -1802, -1699, -1596, -1493, -1390, -1287, -1184, -1081, -978, -875, -772, -669, -566, -463, -360, -257, -154, -51, 52, 155, 258, 361, 464, 567, 670, 773, 876, 979, 1082, 1185, 1288, 1391, 1494, 1597, 1700, 1803, 1906, 2009, 2112, 2215, 2318, 2421, 2524, 2627, 2730, 2833, 2936, 3039, 3142, 3245, 3348, 3451, 3554, 3657, 3760, 3863, 3966, 4069, 4172, 4275, 4378, 4481, 4584, 4687, 4790, 4893, 4996, 5099, 5202, 5253]
-5304 = [-5253, -5202, -5099, -4996, -4893, -4790, -4687, -4584, -4481, -4378, -4275, -4172, -4069, -3966, -3863, -3760, -3657, -3554, -3451, -3348, -3245, -3142, -3039, -2936, -2833, -2730, -2627, -2524, -2421, -2318, -2215, -2112, -2009, -1906, -1803, -1700, -1597, -1494, -1391, -1288, -1185, -1082, -979, -876, -773, -670, -567, -464, -361, -258, -155, -52, 51, 154, 257, 360, 463, 566, 669, 772, 875, 978, 1081, 1184, 1287, 1390, 1493, 1596, 1699, 1802, 1905, 2008, 2111, 2214, 2317, 2420, 2523, 2626, 2729, 2832, 2935, 3038, 3141, 3244, 3347, 3450, 3553, 3656, 3759, 3862, 3965, 4068, 4171, 4274, 4377, 4480, 4583, 4686, 4789, 4892, 4995, 5098, 5201]
-5303 = [-5203, -5150, -5100, -4997, -4894, -4791, -4688, -4585, -4482, -4379, -4276, -4173, -4070, -3967, -3864, -3761, -3658, -3555, -3452, -3349, -3246, -3143, -3040, -2937, -2834, -2731, -2628, -2525, -2422, -2319, -2216, -2113, -2010, -1907, -1804, -1701, -1598, -1495, -1392, -1289, -1186, -1083, -980, -877, -774, -671, -568, -465, -362, -259, -156, -53, 50, 153, 256, 359, 462, 565, 668, 771, 874, 977, 1080, 1183, 1286, 1389, 1492, 1595, 1698, 1801, 1904, 2007, 2110, 2213, 2316, 2419, 2522, 2625, 2728, 2831, 2934, 3037, 3140, 3243, 3346, 3449, 3552, 3655, 3758, 3861, 3964, 4067, 4170, 4273, 4376, 4479, 4582, 4685, 4788, 4891, 4994, 5097, 5200]
-5302 = [-5204, -5101, -5047, -4998, -4895, -4792, -4689, -4586, -4483, -4380, -4277, -4174, -4071, -3968, -3865, -3762, -3659, -3556, -3453, -3350, -3247, -3144, -3041, -2938, -2835, -2732, -2629, -2526, -2423, -2320, -2217, -2114, -2011, -1908, -1805, -1702, -1599, -1496, -1393, -1290, -1187, -1084, -981, -878, -775, -672, -569, -466, -363, -260, -157, -54, 49, 152, 255, 358, 461, 564, 667, 770, 873, 976, 1079, 1182, 1285, 1388, 1491, 1594, 1697, 1800, 1903, 2006, 2109, 2212, 2315, 2418, 2521, 2624, 2727, 2830, 2933, 3036, 3139, 3242, 3345, 3448, 3551, 3654, 3757, 3860, 3963, 4066, 4169, 4272, 4375, 4478, 4581, 4684, 4787, 4890, 4993, 5096, 5199]
-5301 = [-5205, -5102, -4999, -4944, -4896, -4793, -4690, -4587, -4484, -4381, -4278, -4175, -4072, -3969, -3866, -3763, -3660, -3557, -3454, -3351, -3248, -3145, -3042, -2939, -2836, -2733, -2630, -2527, -2424, -2321, -2218, -2115, -2012, -1909, -1806, -1703, -1600, -1497, -1394, -1291, -1188, -1085, -982, -879, -776, -673, -570, -467, -364, -261, -158, -55, 48, 151, 254, 357, 460, 563, 666, 769, 872, 975, 1078, 1181, 1284, 1387, 1490, 1593, 1696, 1799, 1902, 2005, 2108, 2211, 2314, 2417, 2520, 2623, 2726, 2829, 2932, 3035, 3138, 3241, 3344, 3447, 3550, 3653, 3756, 3859, 3962, 4065, 4168, 4271, 4374, 4477, 4580, 4683, 4786, 4889, 4992, 5095, 5198]
-5300 = [-5206, -5103, -5000, -4897, -4841, -4794, -4691, -4588, -4485, -4382, -4279, -4176, -4073, -3970, -3867, -3764, -3661, -3558, -3455, -3352, -3249, -3146, -3043, -2940, -2837, -2734, -2631, -2528, -2425, -2322, -2219, -2116, -2013, -1910, -1807, -1704, -1601, -1498, -1395, -1292, -1189, -1086, -983, -880, -777, -674, -571, -468, -365, -262, -159, -56, 47, 150, 253, 356, 459, 562, 665, 768, 871, 974, 1077, 1180, 1283, 1386, 1489, 1592, 1695, 1798, 1901, 2004, 2107, 2210, 2313, 2416, 2519, 2622, 2725, 2828, 2931, 3034, 3137, 3240, 3343, 3446, 3549, 3652, 3755, 3858, 3961, 4064, 4167, 4270, 4373, 4476, 4579, 4682, 4785, 4888, 4991, 5094, 5197]
-5299 = [-5207, -5104, -5001, -4898, -4795, -4738, -4692, -4589, -4486, -4383, -4280, -4177, -4074, -3971, -3868, -3765, -3662, -3559, -3456, -3353, -3250, -3147, -3044, -2941, -2838, -2735, -2632, -2529, -2426, -2323, -2220, -2117, -2014, -1911, -1808, -1705, -1602, -1499, -1396, -1293, -1190, -1087, -984, -881, -778, -675, -572, -469, -366, -263, -160, -57, 46, 149, 252, 355, 458, 561, 664, 767, 870, 973, 1076, 1179, 1282, 1385, 1488, 1591, 1694, 1797, 1900, 2003, 2106, 2209, 2312, 2415, 2518, 2621, 2724, 2827, 2930, 3033, 3136, 3239, 3342, 3445, 3548, 3651, 3754, 3857, 3960, 4063, 4166, 4269, 4372, 4475, 4578, 4681, 4784, 4887, 4990, 5093, 5196]
-5298 = [-5208, -5105, -5002, -4899, -4796, -4693, -4635, -4590, -4487, -4384, -4281, -4178, -4075, -3972, -3869, -3766, -3663, -3560, -3457, -3354, -3251, -3148, -3045, -2942, -2839, -2736, -2633, -2530, -2427, -2324, -2221, -2118, -2015, -1912, -1809, -1706, -1603, -1500, -1397, -1294, -1191, -1088, -985, -882, -779, -676, -573, -470, -367, -264, -161, -58, 45, 148, 251, 354, 457, 560, 663, 766, 869, 972, 1075, 1178, 1281, 1384, 1487, 1590, 1693, 1796, 1899, 2002, 2105, 2208, 2311, 2414, 2517, 2620, 2723, 2826, 2929, 3032, 3135, 3238, 3341, 3444, 3547, 3650, 3753, 3856, 3959, 4062, 4165, 4268, 4371, 4474, 4577, 4680, 4783, 4886, 4989, 5092, 5195]
-5297 = [-5209, -5106, -5003, -4900, -4797, -4694, -4591, -4532, -4488, -4385, -4282, -4179, -4076, -3973, -3870, -3767, -3664, -3561, -3458, -3355, -3252, -3149, -3046, -2943, -2840, -2737, -2634, -2531, -2428, -2325, -2222, -2119, -2016, -1913, -1810, -1707, -1604, -1501, -1398, -1295, -1192, -1089, -986, -883, -780, -677, -574, -471, -368, -265, -162, -59, 44, 147, 250, 353, 456, 559, 662, 765, 868, 971, 1074, 1177, 1280, 1383, 1486, 1589, 1692, 1795, 1898, 2001, 2104, 2207, 2310, 2413, 2516, 2619, 2722, 2825, 2928, 3031, 3134, 3237, 3340, 3443, 3546, 3649, 3752, 3855, 3958, 4061, 4164, 4267, 4370, 4473, 4576, 4679, 4782, 4885, 4988, 5091, 5194]
-5296 = [-5210, -5107, -5004, -4901, -4798, -4695, -4592, -4489, -4429, -4386, -4283, -4180, -4077, -3974, -3871, -3768, -3665, -3562, -3459, -3356, -3253, -3150, -3047, -2944, -2841, -2738, -2635, -2532, -2429, -2326, -2223, -2120, -2017, -1914, -1811, -1708, -1605, -1502, -1399, -1296, -1193, -1090, -987, -884, -781, -678, -575, -472, -369, -266, -163, -60, 43, 146, 249, 352, 455, 558, 661, 764, 867, 970, 1073, 1176, 1279, 1382, 1485, 1588, 1691, 1794, 1897, 2000, 2103, 2206, 2309, 2412, 2515, 2618, 2721, 2824, 2927, 3030, 3133, 3236, 3339, 3442, 3545, 3648, 3751, 3854, 3957, 4060, 4163, 4266, 4369, 4472, 4575, 4678, 4781, 4884, 4987, 5090, 5193]
-5295 = [-5211, -5108, -5005, -4902, -4799, -4696, -4593, -4490, -4387, -4326, -4284, -4181, -4078, -3975, -3872, -3769, -3666, -3563, -3460, -3357, -3254, -3151, -3048, -2945, -2842, -2739, -2636, -2533, -2430, -2327, -2224, -2121, -2018, -1915, -1812, -1709, -1606, -1503, -1400, -1297, -1194, -1091, -988, -885, -782, -679, -576, -473, -370, -267, -164, -61, 42, 145, 248, 351, 454, 557, 660, 763, 866, 969, 1072, 1175, 1278, 1381, 1484, 1587, 1690, 1793, 1896, 1999, 2102, 2205, 2308, 2411, 2514, 2617, 2720, 2823, 2926, 3029, 3132, 3235, 3338, 3441, 3544, 3647, 3750, 3853, 3956, 4059, 4162, 4265, 4368, 4471, 4574, 4677, 4780, 4883, 4986, 5089, 5192]
-5294 = [-5212, -5109, -5006, -4903, -4800, -4697, -4594, -4491, -4388, -4285, -4223, -4182, -4079, -3976, -3873, -3770, -3667, -3564, -3461, -3358, -3255, -3152, -3049, -2946, -2843, -2740, -2637, -2534, -2431, -2328, -2225, -2122, -2019, -1916, -1813, -1710, -1607, -1504, -1401, -1298, -1195, -1092, -989, -886, -783, -680, -577, -474, -371, -268, -165, -62, 41, 144, 247, 350, 453, 556, 659, 762, 865, 968, 1071, 1174, 1277, 1380, 1483, 1586, 1689, 1792, 1895, 1998, 2101, 2204, 2307, 2410, 2513, 2616, 2719, 2822, 2925, 3028, 3131, 3234, 3337, 3440, 3543, 3646, 3749, 3852, 3955, 4058, 4161, 4264, 4367, 4470, 4573, 4676, 4779, 4882, 4985, 5088, 5191]
-5293 = [-5213, -5110, -5007, -4904, -4801, -4698, -4595, -4492, -4389, -4286, -4183, -4120, -4080, -3977, -3874, -3771, -3668, -3565, -3462, -3359, -3256, -3153, -3050, -2947, -2844, -2741, -2638, -2535, -2432, -2329, -2226, -2123, -2020, -1917, -1814, -1711, -1608, -1505, -1402, -1299, -1196, -1093, -990, -887, -784, -681, -578, -475, -372, -269, -166, -63, 40, 143, 246, 349, 452, 555, 658, 761, 864, 967, 1070, 1173, 1276, 1379, 1482, 1585, 1688, 1791, 1894, 1997, 2100, 2203, 2306, 2409, 2512, 2615, 2718, 2821, 2924, 3027, 3130, 3233, 3336, 3439, 3542, 3645, 3748, 3851, 3954, 4057, 4160, 4263, 4366, 4469, 4572, 4675, 4778, 4881, 4984, 5087, 5190]
-5292 = [-5214, -5111, -5008, -4905, -4802, -4699, -4596, -4493, -4390, -4287, -4184, -4081, -4017, -3978, -3875, -3772, -3669, -3566, -3463, -3360, -3257, -3154, -3051, -2948, -2845, -2742, -2639, -2536, -2433, -2330, -2227, -2124, -2021, -1918, -1815, -1712, -1609, -1506, -1403, -1300, -1197, -1094, -991, -888, -785, -682, -579, -476, -373, -270, -167, -64, 39, 142, 245, 348, 451, 554, 657, 760, 863, 966, 1069, 1172, 1275, 1378, 1481, 1584, 1687, 1790, 1893, 1996, 2099, 2202, 2305, 2408, 2511, 2614, 2717, 2820, 2923, 3026, 3129, 3232, 3335, 3438, 3541, 3644, 3747, 3850, 3953, 4056, 4159, 4262, 4365, 4468, 4571, 4674, 4777, 4880, 4983, 5086, 5189]
-5291 = [-5215, -5112, -5009, -4906, -4803, -4700, -4597, -4494, -4391, -4288, -4185, -4082, -3979, -3914, -3876, -3773, -3670, -3567, -3464, -3361, -3258, -3155, -3052, -2949, -2846, -2743, -2640, -2537, -2434, -2331, -2228, -2125, -2022, -1919, -1816, -1713, -1610, -1507, -1404, -1301, -1198, -1095, -992, -889, -786, -683, -580, -477, -374, -271, -168, -65, 38, 141, 244, 347, 450, 553, 656, 759, 862, 965, 1068, 1171, 1274, 1377, 1480, 1583, 1686, 1789, 1892, 1995, 2098, 2201, 2304, 2407, 2510, 2613, 2716, 2819, 2922, 3025, 3128, 3231, 3334, 3437, 3540, 3643, 3746, 3849, 3952, 4055, 4158, 4261, 4364, 4467, 4570, 4673, 4776, 4879, 4982, 5085, 5188]
-5290 = [-5216, -5113, -5010, -4907, -4804, -4701, -4598, -4495, -4392, -4289, -4186, -4083, -3980, -3877, -3811, -3774, -3671, -3568, -3465, -3362, -3259, -3156, -3053, -2950, -2847, -2744, -2641, -2538, -2435, -2332, -2229, -2126, -2023, -1920, -1817, -1714, -1611, -1508, -1405, -1302, -1199, -1096, -993, -890, -787, -684, -581, -478, -375, -272, -169, -66, 37, 140, 243, 346, 449, 552, 655, 758, 861, 964, 1067, 1170, 1273, 1376, 1479, 1582, 1685, 1788, 1891, 1994, 2097, 2200, 2303, 2406, 2509, 2612, 2715, 2818, 2921, 3024, 3127, 3230, 3333, 3436, 3539, 3642, 3745, 3848, 3951, 4054, 4157, 4260, 4363, 4466, 4569, 4672, 4775, 4878, 4981, 5084, 5187]
-5289 = [-5217, -5114, -5011, -4908, -4805, -4702, -4599, -4496, -4393, -4290, -4187, -4084, -3981, -3878, -3775, -3708, -3672, -3569, -3466, -3363, -3260, -3157, -3054, -2951, -2848, -2745, -2642, -2539, -2436, -2333, -2230, -2127, -2024, -1921, -1818, -1715, -1612, -1509, -1406, -1303, -1200, -1097, -994, -891, -788, -685, -582, -479, -376, -273, -170, -67, 36, 139, 242, 345, 448, 551, 654, 757, 860, 963, 1066, 1169, 1272, 1375, 1478, 1581, 1684, 1787, 1890, 1993, 2096, 2199, 2302, 2405, 2508, 2611, 2714, 2817, 2920, 3023, 3126, 3229, 3332, 3435, 3538, 3641, 3744, 3847, 3950, 4053, 4156, 4259, 4362, 4465, 4568, 4671, 4774, 4877, 4980, 5083, 5186]
-5288 = [-5218, -5115, -5012, -4909, -4806, -4703, -4600, -4497, -4394, -4291, -4188, -4085, -3982, -3879, -3776, -3673, -3605, -3570, -3467, -3364, -3261, -3158, -3055, -2952, -2849, -2746, -2643, -2540, -2437, -2334, -2231, -2128, -2025, -1922, -1819, -1716, -1613, -1510, -1407, -1304, -1201, -1098, -995, -892, -789, -686, -583, -480, -377, -274, -171, -68, 35, 138, 241, 344, 447, 550, 653, 756, 859, 962, 1065, 1168, 1271, 1374, 1477, 1580, 1683, 1786, 1889, 1992, 2095, 2198, 2301, 2404, 2507, 2610, 2713, 2816, 2919, 3022, 3125, 3228, 3331, 3434, 3537, 3640, 3743, 3846, 3949, 4052, 4155, 4258, 4361, 4464, 4567, 4670, 4773, 4876, 4979, 5082, 5185]
-5287 = [-5219, -5116, -5013, -4910, -4807, -4704, -4601, -4498, -4395, -4292, -4189, -4086, -3983, -3880, -3777, -3674, -3571, -3502, -3468, -3365, -3262, -3159, -3056, -2953, -2850, -2747, -2644, -2541, -2438, -2335, -2232, -2129, -2026, -1923, -1820, -1717, -1614, -1511, -1408, -1305, -1202, -1099, -996, -893, -790, -687, -584, -481, -378, -275, -172, -69, 34, 137, 240, 343, 446, 549, 652, 755, 858, 961, 1064, 1167, 1270, 1373, 1476, 1579, 1682, 1785, 1888, 1991, 2094, 2197, 2300, 2403, 2506, 2609, 2712, 2815, 2918, 3021, 3124, 3227, 3330, 3433, 3536, 3639, 3742, 3845, 3948, 4051, 4154, 4257, 4360, 4463, 4566, 4669, 4772, 4875, 4978, 5081, 5184]
-5286 = [-5220, -5117, -5014, -4911, -4808, -4705, -4602, -4499, -4396, -4293, -4190, -4087, -3984, -3881, -3778, -3675, -3572, -3469, -3399, -3366, -3263, -3160, -3057, -2954, -2851, -2748, -2645, -2542, -2439, -2336, -2233, -2130, -2027, -1924, -1821, -1718, -1615, -1512, -1409, -1306, -1203, -1100, -997, -894, -791, -688, -585, -482, -379, -276, -173, -70, 33, 136, 239, 342, 445, 548, 651, 754, 857, 960, 1063, 1166, 1269, 1372, 1475, 1578, 1681, 1784, 1887, 1990, 2093, 2196, 2299, 2402, 2505, 2608, 2711, 2814, 2917, 3020, 3123, 3226, 3329, 3432, 3535, 3638, 3741, 3844, 3947, 4050, 4153, 4256, 4359, 4462, 4565, 4668, 4771, 4874, 4977, 5080, 5183]
-5285 = [-5221, -5118, -5015, -4912, -4809, -4706, -4603, -4500, -4397, -4294, -4191, -4088, -3985, -3882, -3779, -3676, -3573, -3470, -3367, -3296, -3264, -3161, -3058, -2955, -2852, -2749, -2646, -2543, -2440, -2337, -2234, -2131, -2028, -1925, -1822, -1719, -1616, -1513, -1410, -1307, -1204, -1101, -998, -895, -792, -689, -586, -483, -380, -277, -174, -71, 32, 135, 238, 341, 444, 547, 650, 753, 856, 959, 1062, 1165, 1268, 1371, 1474, 1577, 1680, 1783, 1886, 1989, 2092, 2195, 2298, 2401, 2504, 2607, 2710, 2813, 2916, 3019, 3122, 3225, 3328, 3431, 3534, 3637, 3740, 3843, 3946, 4049, 4152, 4255, 4358, 4461, 4564, 4667, 4770, 4873, 4976, 5079, 5182]
-5284 = [-5222, -5119, -5016, -4913, -4810, -4707, -4604, -4501, -4398, -4295, -4192, -4089, -3986, -3883, -3780, -3677, -3574, -3471, -3368, -3265, -3193, -3162, -3059, -2956, -2853, -2750, -2647, -2544, -2441, -2338, -2235, -2132, -2029, -1926, -1823, -1720, -1617, -1514, -1411, -1308, -1205, -1102, -999, -896, -793, -690, -587, -484, -381, -278, -175, -72, 31, 134, 237, 340, 443, 546, 649, 752, 855, 958, 1061, 1164, 1267, 1370, 1473, 1576, 1679, 1782, 1885, 1988, 2091, 2194, 2297, 2400, 2503, 2606, 2709, 2812, 2915, 3018, 3121, 3224, 3327, 3430, 3533, 3636, 3739, 3842, 3945, 4048, 4151, 4254, 4357, 4460, 4563, 4666, 4769, 4872, 4975, 5078, 5181]
-5283 = [-5223, -5120, -5017, -4914, -4811, -4708, -4605, -4502, -4399, -4296, -4193, -4090, -3987, -3884, -3781, -3678, -3575, -3472, -3369, -3266, -3163, -3090, -3060, -2957, -2854, -2751, -2648, -2545, -2442, -2339, -2236, -2133, -2030, -1927, -1824, -1721, -1618, -1515, -1412, -1309, -1206, -1103, -1000, -897, -794, -691, -588, -485, -382, -279, -176, -73, 30, 133, 236, 339, 442, 545, 648, 751, 854, 957, 1060, 1163, 1266, 1369, 1472, 1575, 1678, 1781, 1884, 1987, 2090, 2193, 2296, 2399, 2502, 2605, 2708, 2811, 2914, 3017, 3120, 3223, 3326, 3429, 3532, 3635, 3738, 3841, 3944, 4047, 4150, 4253, 4356, 4459, 4562, 4665, 4768, 4871, 4974, 5077, 5180]
-5282 = [-5224, -5121, -5018, -4915, -4812, -4709, -4606, -4503, -4400, -4297, -4194, -4091, -3988, -3885, -3782, -3679, -3576, -3473, -3370, -3267, -3164, -3061, -2987, -2958, -2855, -2752, -2649, -2546, -2443, -2340, -2237, -2134, -2031, -1928, -1825, -1722, -1619, -1516, -1413, -1310, -1207, -1104, -1001, -898, -795, -692, -589, -486, -383, -280, -177, -74, 29, 132, 235, 338, 441, 544, 647, 750, 853, 956, 1059, 1162, 1265, 1368, 1471, 1574, 1677, 1780, 1883, 1986, 2089, 2192, 2295, 2398, 2501, 2604, 2707, 2810, 2913, 3016, 3119, 3222, 3325, 3428, 3531, 3634, 3737, 3840, 3943, 4046, 4149, 4252, 4355, 4458, 4561, 4664, 4767, 4870, 4973, 5076, 5179]
-5281 = [-5225, -5122, -5019, -4916, -4813, -4710, -4607, -4504, -4401, -4298, -4195, -4092, -3989, -3886, -3783, -3680, -3577, -3474, -3371, -3268, -3165, -3062, -2959, -2884, -2856, -2753, -2650, -2547, -2444, -2341, -2238, -2135, -2032, -1929, -1826, -1723, -1620, -1517, -1414, -1311, -1208, -1105, -1002, -899, -796, -693, -590, -487, -384, -281, -178, -75, 28, 131, 234, 337, 440, 543, 646, 749, 852, 955, 1058, 1161, 1264, 1367, 1470, 1573, 1676, 1779, 1882, 1985, 2088, 2191, 2294, 2397, 2500, 2603, 2706, 2809, 2912, 3015, 3118, 3221, 3324, 3427, 3530, 3633, 3736, 3839, 3942, 4045, 4148, 4251, 4354, 4457, 4560, 4663, 4766, 4869, 4972, 5075, 5178]
-5280 = [-5226, -5123, -5020, -4917, -4814, -4711, -4608, -4505, -4402, -4299, -4196, -4093, -3990, -3887, -3784, -3681, -3578, -3475, -3372, -3269, -3166, -3063, -2960, -2857, -2781, -2754, -2651, -2548, -2445, -2342, -2239, -2136, -2033, -1930, -1827, -1724, -1621, -1518, -1415, -1312, -1209, -1106, -1003, -900, -797, -694, -591, -488, -385, -282, -179, -76, 27, 130, 233, 336, 439, 542, 645, 748, 851, 954, 1057, 1160, 1263, 1366, 1469, 1572, 1675, 1778, 1881, 1984, 2087, 2190, 2293, 2396, 2499, 2602, 2705, 2808, 2911, 3014, 3117, 3220, 3323, 3426, 3529, 3632, 3735, 3838, 3941, 4044, 4147, 4250, 4353, 4456, 4559, 4662, 4765, 4868, 4971, 5074, 5177]
-5279 = [-5227, -5124, -5021, -4918, -4815, -4712, -4609, -4506, -4403, -4300, -4197, -4094, -3991, -3888, -3785, -3682, -3579, -3476, -3373, -3270, -3167, -3064, -2961, -2858, -2755, -2678, -2652, -2549, -2446, -2343, -2240, -2137, -2034, -1931, -1828, -1725, -1622, -1519, -1416, -1313, -1210, -1107, -1004, -901, -798, -695, -592, -489, -386, -283, -180, -77, 26, 129, 232, 335, 438, 541, 644, 747, 850, 953, 1056, 1159, 1262, 1365, 1468, 1571, 1674, 1777, 1880, 1983, 2086, 2189, 2292, 2395, 2498, 2601, 2704, 2807, 2910, 3013, 3116, 3219, 3322, 3425, 3528, 3631, 3734, 3837, 3940, 4043, 4146, 4249, 4352, 4455, 4558, 4661, 4764, 4867, 4970, 5073, 5176]
-5278 = [-5228, -5125, -5022, -4919, -4816, -4713, -4610, -4507, -4404, -4301, -4198, -4095, -3992, -3889, -3786, -3683, -3580, -3477, -3374, -3271, -3168, -3065, -2962, -2859, -2756, -2653, -2575, -2550, -2447, -2344, -2241, -2138, -2035, -1932, -1829, -1726, -1623, -1520, -1417, -1314, -1211, -1108, -1005, -902, -799, -696, -593, -490, -387, -284, -181, -78, 25, 128, 231, 334, 437, 540, 643, 746, 849, 952, 1055, 1158, 1261, 1364, 1467, 1570, 1673, 1776, 1879, 1982, 2085, 2188, 2291, 2394, 2497, 2600, 2703, 2806, 2909, 3012, 3115, 3218, 3321, 3424, 3527, 3630, 3733, 3836, 3939, 4042, 4145, 4248, 4351, 4454, 4557, 4660, 4763, 4866, 4969, 5072, 5175]
-5277 = [-5229, -5126, -5023, -4920, -4817, -4714, -4611, -4508, -4405, -4302, -4199, -4096, -3993, -3890, -3787, -3684, -3581, -3478, -3375, -3272, -3169, -3066, -2963, -2860, -2757, -2654, -2551, -2472, -2448, -2345, -2242, -2139, -2036, -1933, -1830, -1727, -1624, -1521, -1418, -1315, -1212, -1109, -1006, -903, -800, -697, -594, -491, -388, -285, -182, -79, 24, 127, 230, 333, 436, 539, 642, 745, 848, 951, 1054, 1157, 1260, 1363, 1466, 1569, 1672, 1775, 1878, 1981, 2084, 2187, 2290, 2393, 2496, 2599, 2702, 2805, 2908, 3011, 3114, 3217, 3320, 3423, 3526, 3629, 3732, 3835, 3938, 4041, 4144, 4247, 4350, 4453, 4556, 4659, 4762, 4865, 4968, 5071, 5174]
-5276 = [-5230, -5127, -5024, -4921, -4818, -4715, -4612, -4509, -4406, -4303, -4200, -4097, -3994, -3891, -3788, -3685, -3582, -3479, -3376, -3273, -3170, -3067, -2964, -2861, -2758, -2655, -2552, -2449, -2369, -2346, -2243, -2140, -2037, -1934, -1831, -1728, -1625, -1522, -1419, -1316, -1213, -1110, -1007, -904, -801, -698, -595, -492, -389, -286, -183, -80, 23, 126, 229, 332, 435, 538, 641, 744, 847, 950, 1053, 1156, 1259, 1362, 1465, 1568, 1671, 1774, 1877, 1980, 2083, 2186, 2289, 2392, 2495, 2598, 2701, 2804, 2907, 3010, 3113, 3216, 3319, 3422, 3525, 3628, 3731, 3834, 3937, 4040, 4143, 4246, 4349, 4452, 4555, 4658, 4761, 4864, 4967, 5070, 5173]
-5275 = [-5231, -5128, -5025, -4922, -4819, -4716, -4613, -4510, -4407, -4304, -4201, -4098, -3995, -3892, -3789, -3686, -3583, -3480, -3377, -3274, -3171, -3068, -2965, -2862, -2759, -2656, -2553, -2450, -2347, -2266, -2244, -2141, -2038, -1935, -1832, -1729, -1626, -1523, -1420, -1317, -1214, -1111, -1008, -905, -802, -699, -596, -493, -390, -287, -184, -81, 22, 125, 228, 331, 434, 537, 640, 743, 846, 949, 1052, 1155, 1258, 1361, 1464, 1567, 1670, 1773, 1876, 1979, 2082, 2185, 2288, 2391, 2494, 2597, 2700, 2803, 2906, 3009, 3112, 3215, 3318, 3421, 3524, 3627, 3730, 3833, 3936, 4039, 4142, 4245, 4348, 4451, 4554, 4657, 4760, 4863, 4966, 5069, 5172]
-5274 = [-5232, -5129, -5026, -4923, -4820, -4717, -4614, -4511, -4408, -4305, -4202, -4099, -3996, -3893, -3790, -3687, -3584, -3481, -3378, -3275, -3172, -3069, -2966, -2863, -2760, -2657, -2554, -2451, -2348, -2245, -2163, -2142, -2039, -1936, -1833, -1730, -1627, -1524, -1421, -1318, -1215, -1112, -1009, -906, -803, -700, -597, -494, -391, -288, -185, -82, 21, 124, 227, 330, 433, 536, 639, 742, 845, 948, 1051, 1154, 1257, 1360, 1463, 1566, 1669, 1772, 1875, 1978, 2081, 2184, 2287, 2390, 2493, 2596, 2699, 2802, 2905, 3008, 3111, 3214, 3317, 3420, 3523, 3626, 3729, 3832, 3935, 4038, 4141, 4244, 4347, 4450, 4553, 4656, 4759, 4862, 4965, 5068, 5171]
-5273 = [-5233, -5130, -5027, -4924, -4821, -4718, -4615, -4512, -4409, -4306, -4203, -4100, -3997, -3894, -3791, -3688, -3585, -3482, -3379, -3276, -3173, -3070, -2967, -2864, -2761, -2658, -2555, -2452, -2349, -2246, -2143, -2060, -2040, -1937, -1834, -1731, -1628, -1525, -1422, -1319, -1216, -1113, -1010, -907, -804, -701, -598, -495, -392, -289, -186, -83, 20, 123, 226, 329, 432, 535, 638, 741, 844, 947, 1050, 1153, 1256, 1359, 1462, 1565, 1668, 1771, 1874, 1977, 2080, 2183, 2286, 2389, 2492, 2595, 2698, 2801, 2904, 3007, 3110, 3213, 3316, 3419, 3522, 3625, 3728, 3831, 3934, 4037, 4140, 4243, 4346, 4449, 4552, 4655, 4758, 4861, 4964, 5067, 5170]
-5272 = [-5234, -5131, -5028, -4925, -4822, -4719, -4616, -4513, -4410, -4307, -4204, -4101, -3998, -3895, -3792, -3689, -3586, -3483, -3380, -3277, -3174, -3071, -2968, -2865, -2762, -2659, -2556, -2453, -2350, -2247, -2144, -2041, -1957, -1938, -1835, -1732, -1629, -1526, -1423, -1320, -1217, -1114, -1011, -908, -805, -702, -599, -496, -393, -290, -187, -84, 19, 122, 225, 328, 431, 534, 637, 740, 843, 946, 1049, 1152, 1255, 1358, 1461, 1564, 1667, 1770, 1873, 1976, 2079, 2182, 2285, 2388, 2491, 2594, 2697, 2800, 2903, 3006, 3109, 3212, 3315, 3418, 3521, 3624, 3727, 3830, 3933, 4036, 4139, 4242, 4345, 4448, 4551, 4654, 4757, 4860, 4963, 5066, 5169]
-5271 = [-5235, -5132, -5029, -4926, -4823, -4720, -4617, -4514, -4411, -4308, -4205, -4102, -3999, -3896, -3793, -3690, -3587, -3484, -3381, -3278, -3175, -3072, -2969, -2866, -2763, -2660, -2557, -2454, -2351, -2248, -2145, -2042, -1939, -1854, -1836, -1733, -1630, -1527, -1424, -1321, -1218, -1115, -1012, -909, -806, -703, -600, -497, -394, -291, -188, -85, 18, 121, 224, 327, 430, 533, 636, 739, 842, 945, 1048, 1151, 1254, 1357, 1460, 1563, 1666, 1769, 1872, 1975, 2078, 2181, 2284, 2387, 2490, 2593, 2696, 2799, 2902, 3005, 3108, 3211, 3314, 3417, 3520, 3623, 3726, 3829, 3932, 4035, 4138, 4241, 4344, 4447, 4550, 4653, 4756, 4859, 4962, 5065, 5168]
-5270 = [-5236, -5133, -5030, -4927, -4824, -4721, -4618, -4515, -4412, -4309, -4206, -4103, -4000, -3897, -3794, -3691, -3588, -3485, -3382, -3279, -3176, -3073, -2970, -2867, -2764, -2661, -2558, -2455, -2352, -2249, -2146, -2043, -1940, -1837, -1751, -1734, -1631, -1528, -1425, -1322, -1219, -1116, -1013, -910, -807, -704, -601, -498, -395, -292, -189, -86, 17, 120, 223, 326, 429, 532, 635, 738, 841, 944, 1047, 1150, 1253, 1356, 1459, 1562, 1665, 1768, 1871, 1974, 2077, 2180, 2283, 2386, 2489, 2592, 2695, 2798, 2901, 3004, 3107, 3210, 3313, 3416, 3519, 3622, 3725, 3828, 3931, 4034, 4137, 4240, 4343, 4446, 4549, 4652, 4755, 4858, 4961, 5064, 5167]
-5269 = [-5237, -5134, -5031, -4928, -4825, -4722, -4619, -4516, -4413, -4310, -4207, -4104, -4001, -3898, -3795, -3692, -3589, -3486, -3383, -3280, -3177, -3074, -2971, -2868, -2765, -2662, -2559, -2456, -2353, -2250, -2147, -2044, -1941, -1838, -1735, -1648, -1632, -1529, -1426, -1323, -1220, -1117, -1014, -911, -808, -705, -602, -499, -396, -293, -190, -87, 16, 119, 222, 325, 428, 531, 634, 737, 840, 943, 1046, 1149, 1252, 1355, 1458, 1561, 1664, 1767, 1870, 1973, 2076, 2179, 2282, 2385, 2488, 2591, 2694, 2797, 2900, 3003, 3106, 3209, 3312, 3415, 3518, 3621, 3724, 3827, 3930, 4033, 4136, 4239, 4342, 4445, 4548, 4651, 4754, 4857, 4960, 5063, 5166]
-5268 = [-5238, -5135, -5032, -4929, -4826, -4723, -4620, -4517, -4414, -4311, -4208, -4105, -4002, -3899, -3796, -3693, -3590, -3487, -3384, -3281, -3178, -3075, -2972, -2869, -2766, -2663, -2560, -2457, -2354, -2251, -2148, -2045, -1942, -1839, -1736, -1633, -1545, -1530, -1427, -1324, -1221, -1118, -1015, -912, -809, -706, -603, -500, -397, -294, -191, -88, 15, 118, 221, 324, 427, 530, 633, 736, 839, 942, 1045, 1148, 1251, 1354, 1457, 1560, 1663, 1766, 1869, 1972, 2075, 2178, 2281, 2384, 2487, 2590, 2693, 2796, 2899, 3002, 3105, 3208, 3311, 3414, 3517, 3620, 3723, 3826, 3929, 4032, 4135, 4238, 4341, 4444, 4547, 4650, 4753, 4856, 4959, 5062, 5165]
-5267 = [-5239, -5136, -5033, -4930, -4827, -4724, -4621, -4518, -4415, -4312, -4209, -4106, -4003, -3900, -3797, -3694, -3591, -3488, -3385, -3282, -3179, -3076, -2973, -2870, -2767, -2664, -2561, -2458, -2355, -2252, -2149, -2046, -1943, -1840, -1737, -1634, -1531, -1442, -1428, -1325, -1222, -1119, -1016, -913, -810, -707, -604, -501, -398, -295, -192, -89, 14, 117, 220, 323, 426, 529, 632, 735, 838, 941, 1044, 1147, 1250, 1353, 1456, 1559, 1662, 1765, 1868, 1971, 2074, 2177, 2280, 2383, 2486, 2589, 2692, 2795, 2898, 3001, 3104, 3207, 3310, 3413, 3516, 3619, 3722, 3825, 3928, 4031, 4134, 4237, 4340, 4443, 4546, 4649, 4752, 4855, 4958, 5061, 5164]
-5266 = [-5240, -5137, -5034, -4931, -4828, -4725, -4622, -4519, -4416, -4313, -4210, -4107, -4004, -3901, -3798, -3695, -3592, -3489, -3386, -3283, -3180, -3077, -2974, -2871, -2768, -2665, -2562, -2459, -2356, -2253, -2150, -2047, -1944, -1841, -1738, -1635, -1532, -1429, -1339, -1326, -1223, -1120, -1017, -914, -811, -708, -605, -502, -399, -296, -193, -90, 13, 116, 219, 322, 425, 528, 631, 734, 837, 940, 1043, 1146, 1249, 1352, 1455, 1558, 1661, 1764, 1867, 1970, 2073, 2176, 2279, 2382, 2485, 2588, 2691, 2794, 2897, 3000, 3103, 3206, 3309, 3412, 3515, 3618, 3721, 3824, 3927, 4030, 4133, 4236, 4339, 4442, 4545, 4648, 4751, 4854, 4957, 5060, 5163]
-5265 = [-5241, -5138, -5035, -4932, -4829, -4726, -4623, -4520, -4417, -4314, -4211, -4108, -4005, -3902, -3799, -3696, -3593, -3490, -3387, -3284, -3181, -3078, -2975, -2872, -2769, -2666, -2563, -2460, -2357, -2254, -2151, -2048, -1945, -1842, -1739, -1636, -1533, -1430, -1327, -1236, -1224, -1121, -1018, -915, -812, -709, -606, -503, -400, -297, -194, -91, 12, 115, 218, 321, 424, 527, 630, 733, 836, 939, 1042, 1145, 1248, 1351, 1454, 1557, 1660, 1763, 1866, 1969, 2072, 2175, 2278, 2381, 2484, 2587, 2690, 2793, 2896, 2999, 3102, 3205, 3308, 3411, 3514, 3617, 3720, 3823, 3926, 4029, 4132, 4235, 4338, 4441, 4544, 4647, 4750, 4853, 4956, 5059, 5162]
-5264 = [-5242, -5139, -5036, -4933, -4830, -4727, -4624, -4521, -4418, -4315, -4212, -4109, -4006, -3903, -3800, -3697, -3594, -3491, -3388, -3285, -3182, -3079, -2976, -2873, -2770, -2667, -2564, -2461, -2358, -2255, -2152, -2049, -1946, -1843, -1740, -1637, -1534, -1431, -1328, -1225, -1133, -1122, -1019, -916, -813, -710, -607, -504, -401, -298, -195, -92, 11, 114, 217, 320, 423, 526, 629, 732, 835, 938, 1041, 1144, 1247, 1350, 1453, 1556, 1659, 1762, 1865, 1968, 2071, 2174, 2277, 2380, 2483, 2586, 2689, 2792, 2895, 2998, 3101, 3204, 3307, 3410, 3513, 3616, 3719, 3822, 3925, 4028, 4131, 4234, 4337, 4440, 4543, 4646, 4749, 4852, 4955, 5058, 5161]
-5263 = [-5243, -5140, -5037, -4934, -4831, -4728, -4625, -4522, -4419, -4316, -4213, -4110, -4007, -3904, -3801, -3698, -3595, -3492, -3389, -3286, -3183, -3080, -2977, -2874, -2771, -2668, -2565, -2462, -2359, -2256, -2153, -2050, -1947, -1844, -1741, -1638, -1535, -1432, -1329, -1226, -1123, -1030, -1020, -917, -814, -711, -608, -505, -402, -299, -196, -93, 10, 113, 216, 319, 422, 525, 628, 731, 834, 937, 1040, 1143, 1246, 1349, 1452, 1555, 1658, 1761, 1864, 1967, 2070, 2173, 2276, 2379, 2482, 2585, 2688, 2791, 2894, 2997, 3100, 3203, 3306, 3409, 3512, 3615, 3718, 3821, 3924, 4027, 4130, 4233, 4336, 4439, 4542, 4645, 4748, 4851, 4954, 5057, 5160]
-5262 = [-5244, -5141, -5038, -4935, -4832, -4729, -4626, -4523, -4420, -4317, -4214, -4111, -4008, -3905, -3802, -3699, -3596, -3493, -3390, -3287, -3184, -3081, -2978, -2875, -2772, -2669, -2566, -2463, -2360, -2257, -2154, -2051, -1948, -1845, -1742, -1639, -1536, -1433, -1330, -1227, -1124, -1021, -927, -918, -815, -712, -609, -506, -403, -300, -197, -94, 9, 112, 215, 318, 421, 524, 627, 730, 833, 936, 1039, 1142, 1245, 1348, 1451, 1554, 1657, 1760, 1863, 1966, 2069, 2172, 2275, 2378, 2481, 2584, 2687, 2790, 2893, 2996, 3099, 3202, 3305, 3408, 3511, 3614, 3717, 3820, 3923, 4026, 4129, 4232, 4335, 4438, 4541, 4644, 4747, 4850, 4953, 5056, 5159]
-5261 = [-5245, -5142, -5039, -4936, -4833, -4730, -4627, -4524, -4421, -4318, -4215, -4112, -4009, -3906, -3803, -3700, -3597, -3494, -3391, -3288, -3185, -3082, -2979, -2876, -2773, -2670, -2567, -2464, -2361, -2258, -2155, -2052, -1949, -1846, -1743, -1640, -1537, -1434, -1331, -1228, -1125, -1022, -919, -824, -816, -713, -610, -507, -404, -301, -198, -95, 8, 111, 214, 317, 420, 523, 626, 729, 832, 935, 1038, 1141, 1244, 1347, 1450, 1553, 1656, 1759, 1862, 1965, 2068, 2171, 2274, 2377, 2480, 2583, 2686, 2789, 2892, 2995, 3098, 3201, 3304, 3407, 3510, 3613, 3716, 3819, 3922, 4025, 4128, 4231, 4334, 4437, 4540, 4643, 4746, 4849, 4952, 5055, 5158]
-5260 = [-5246, -5143, -5040, -4937, -4834, -4731, -4628, -4525, -4422, -4319, -4216, -4113, -4010, -3907, -3804, -3701, -3598, -3495, -3392, -3289, -3186, -3083, -2980, -2877, -2774, -2671, -2568, -2465, -2362, -2259, -2156, -2053, -1950, -1847, -1744, -1641, -1538, -1435, -1332, -1229, -1126, -1023, -920, -817, -721, -714, -611, -508, -405, -302, -199, -96, 7, 110, 213, 316, 419, 522, 625, 728, 831, 934, 1037, 1140, 1243, 1346, 1449, 1552, 1655, 1758, 1861, 1964, 2067, 2170, 2273, 2376, 2479, 2582, 2685, 2788, 2891, 2994, 3097, 3200, 3303, 3406, 3509, 3612, 3715, 3818, 3921, 4024, 4127, 4230, 4333, 4436, 4539, 4642, 4745, 4848, 4951, 5054, 5157]
-5259 = [-5247, -5144, -5041, -4938, -4835, -4732, -4629, -4526, -4423, -4320, -4217, -4114, -4011, -3908, -3805, -3702, -3599, -3496, -3393, -3290, -3187, -3084, -2981, -2878, -2775, -2672, -2569, -2466, -2363, -2260, -2157, -2054, -1951, -1848, -1745, -1642, -1539, -1436, -1333, -1230, -1127, -1024, -921, -818, -715, -618, -612, -509, -406, -303, -200, -97, 6, 109, 212, 315, 418, 521, 624, 727, 830, 933, 1036, 1139, 1242, 1345, 1448, 1551, 1654, 1757, 1860, 1963, 2066, 2169, 2272, 2375, 2478, 2581, 2684, 2787, 2890, 2993, 3096, 3199, 3302, 3405, 3508, 3611, 3714, 3817, 3920, 4023, 4126, 4229, 4332, 4435, 4538, 4641, 4744, 4847, 4950, 5053, 5156]
-5258 = [-5248, -5145, -5042, -4939, -4836, -4733, -4630, -4527, -4424, -4321, -4218, -4115, -4012, -3909, -3806, -3703, -3600, -3497, -3394, -3291, -3188, -3085, -2982, -2879, -2776, -2673, -2570, -2467, -2364, -2261, -2158, -2055, -1952, -1849, -1746, -1643, -1540, -1437, -1334, -1231, -1128, -1025, -922, -819, -716, -613, -515, -510, -407, -304, -201, -98, 5, 108, 211, 314, 417, 520, 623, 726, 829, 932, 1035, 1138, 1241, 1344, 1447, 1550, 1653, 1756, 1859, 1962, 2065, 2168, 2271, 2374, 2477, 2580, 2683, 2786, 2889, 2992, 3095, 3198, 3301, 3404, 3507, 3610, 3713, 3816, 3919, 4022, 4125, 4228, 4331, 4434, 4537, 4640, 4743, 4846, 4949, 5052, 5155]
-5257 = [-5249, -5146, -5043, -4940, -4837, -4734, -4631, -4528, -4425, -4322, -4219, -4116, -4013, -3910, -3807, -3704, -3601, -3498, -3395, -3292, -3189, -3086, -2983, -2880, -2777, -2674, -2571, -2468, -2365, -2262, -2159, -2056, -1953, -1850, -1747, -1644, -1541, -1438, -1335, -1232, -1129, -1026, -923, -820, -717, -614, -511, -412, -408, -305, -202, -99, 4, 107, 210, 313, 416, 519, 622, 725, 828, 931, 1034, 1137, 1240, 1343, 1446, 1549, 1652, 1755, 1858, 1961, 2064, 2167, 2270, 2373, 2476, 2579, 2682, 2785, 2888, 2991, 3094, 3197, 3300, 3403, 3506, 3609, 3712, 3815, 3918, 4021, 4124, 4227, 4330, 4433, 4536, 4639, 4742, 4845, 4948, 5051, 5154]
-5256 = [-5250, -5147, -5044, -4941, -4838, -4735, -4632, -4529, -4426, -4323, -4220, -4117, -4014, -3911, -3808, -3705, -3602, -3499, -3396, -3293, -3190, -3087, -2984, -2881, -2778, -2675, -2572, -2469, -2366, -2263, -2160, -2057, -1954, -1851, -1748, -1645, -1542, -1439, -1336, -1233, -1130, -1027, -924, -821, -718, -615, -512, -409, -309, -306, -203, -100, 3, 106, 209, 312, 415, 518, 621, 724, 827, 930, 1033, 1136, 1239, 1342, 1445, 1548, 1651, 1754, 1857, 1960, 2063, 2166, 2269, 2372, 2475, 2578, 2681, 2784, 2887, 2990, 3093, 3196, 3299, 3402, 3505, 3608, 3711, 3814, 3917, 4020, 4123, 4226, 4329, 4432, 4535, 4638, 4741, 4844, 4947, 5050, 5153]
-5255 = [-5251, -5148, -5045, -4942, -4839, -4736, -4633, -4530, -4427, -4324, -4221, -4118, -4015, -3912, -3809, -3706, -3603, -3500, -3397, -3294, -3191, -3088, -2985, -2882, -2779, -2676, -2573, -2470, -2367, -2264, -2161, -2058, -1955, -1852, -1749, -1646, -1543, -1440, -1337, -1234, -1131, -1028, -925, -822, -719, -616, -513, -410, -307, -206, -204, -101, 2, 105, 208, 311, 414, 517, 620, 723, 826, 929, 1032, 1135, 1238, 1341, 1444, 1547, 1650, 1753, 1856, 1959, 2062, 2165, 2268, 2371, 2474, 2577, 2680, 2783, 2886, 2989, 3092, 3195, 3298, 3401, 3504, 3607, 3710, 3813, 3916, 4019, 4122, 4225, 4328, 4431, 4534, 4637, 4740, 4843, 4946, 5049, 5152]
-5254 = [-5252, -5149, -5046, -4943, -4840, -4737, -4634, -4531, -4428, -4325, -4222, -4119, -4016, -3913, -3810, -3707, -3604, -3501, -3398, -3295, -3192, -3089, -2986, -2883, -2780, -2677, -2574, -2471, -2368, -2265, -2162, -2059, -1956, -1853, -1750, -1647, -1544, -1441, -1338, -1235, -1132, -1029, -926, -823, -720, -617, -514, -411, -308, -205, -103, -102, 1, 104, 207, 310, 413, 516, 619, 722, 825, 928, 1031, 1134, 1237, 1340, 1443, 1546, 1649, 1752, 1855, 1958, 2061, 2164, 2267, 2370, 2473, 2576, 2679, 2782, 2885, 2988, 3091, 3194, 3297, 3400, 3503, 3606, 3709, 3812, 3915, 4018, 4121, 4224, 4327, 4430, 4533, 4636, 4739, 4842, 4945, 5048, 5151]
