Maximum values for m = 10201 and d = 51:
5051 = [-4950, -4849, -4748, -4647, -4546, -4445, -4344, -4243, -4142, -4041, -3940, -3839, -3738, -3637, -3536, -3435, -3334, -3233, -3132, -3031, -2930, -2829, -2728, -2627, -2526, -2425, -2324, -2223, -2122, -2021, -1920, -1819, -1718, -1617, -1516, -1415, -1314, -1213, -1112, -1011, -910, -809, -708, -607, -506, -405, -304, -203, -102, -1, 100, 101, 201, 302, 403, 504, 605, 706, 807, 908, 1009, 1110, 1211, 1312, 1413, 1514, 1615, 1716, 1817, 1918, 2019, 2120, 2221, 2322, 2423, 2524, 2625, 2726, 2827, 2928, 3029, 3130, 3231, 3332, 3433, 3534, 3635, 3736, 3837, 3938, 4039, 4140, 4241, 4342, 4443, 4544, 4645, 4746, 4847, 4948, 5049]
5052 = [-4951, -4850, -4749, -4648, -4547, -4446, -4345, -4244, -4143, -4042, -3941, -3840, -3739, -3638, -3537, -3436, -3335, -3234, -3133, -3032, -2931, -2830, -2729, -2628, -2527, -2426, -2325, -2224, -2123, -2022, -1921, -1820, -1719, -1618, -1517, -1416, -1315, -1214, -1113, -1012, -911, -810, -709, -608, -507, -406, -305, -204, -103, -2, 99, 200, 202, 301, 402, 503, 604, 705, 806, 907, 1008, 1109, 1210, 1311, 1412, 1513, 1614, 1715, 1816, 1917, 2018, 2119, 2220, 2321, 2422, 2523, 2624, 2725, 2826, 2927, 3028, 3129, 3230, 3331, 3432, 3533, 3634, 3735, 3836, 3937, 4038, 4139, 4240, 4341, 4442, 4543, 4644, 4745, 4846, 4947, 5048]
5053 = [-4952, -4851, -4750, -4649, -4548, -4447, -4346, -4245, -4144, -4043, -3942, -3841, -3740, -3639, -3538, -3437, -3336, -3235, -3134, -3033, -2932, -2831, -2730, -2629, -2528, -2427, -2326, -2225, -2124, -2023, -1922, -1821, -1720, -1619, -1518, -1417, -1316, -1215, -1114, -1013, -912, -811, -710, -609, -508, -407, -306, -205, -104, -3, 98, 199, 300, 303, 401, 502, 603, 704, 805, 906, 1007, 1108, 1209, 1310, 1411, 1512, 1613, 1714, 1815, 1916, 2017, 2118, 2219, 2320, 2421, 2522, 2623, 2724, 2825, 2926, 3027, 3128, 3229, 3330, 3431, 3532, 3633, 3734, 3835, 3936, 4037, 4138, 4239, 4340, 4441, 4542, 4643, 4744, 4845, 4946, 5047]
5054 = [-4953, -4852, -4751, -4650, -4549, -4448, -4347, -4246, -4145, -4044, -3943, -3842, -3741, -3640, -3539, -3438, -3337, -3236, -3135, -3034, -2933, -2832, -2731, -2630, -2529, -2428, -2327, -2226, -2125, -2024, -1923, -1822, -1721, -1620, -1519, -1418, -1317, -1216, -1115, -1014, -913, -812, -711, -610, -509, -408, -307, -206, -105, -4, 97, 198, 299, 400, 404, 501, 602, 703, 804, 905, 1006, 1107, 1208, 1309, 1410, 1511, 1612, 1713, 1814, 1915, 2016, 2117, 2218, 2319, 2420, 2521, 2622, 2723, 2824, 2925, 3026, 3127, 3228, 3329, 3430, 3531, 3632, 3733, 3834, 3935, 4036, 4137, 4238, 4339, 4440, 4541, 4642, 4743, 4844, 4945, 5046]
5055 = [-4954, -4853, -4752, -4651, -4550, -4449, -4348, -4247, -4146, -4045, -3944, -3843, -3742, -3641, -3540, -3439, -3338, -3237, -3136, -3035, -2934, -2833, -2732, -2631, -2530, -2429, -2328, -2227, -2126, -2025, -1924, -1823, -1722, -1621, -1520, -1419, -1318, -1217, -1116, -1015, -914, -813, -712, -611, -510, -409, -308, -207, -106, -5, 96, 197, 298, 399, 500, 505, 601, 702, 803, 904, 1005, 1106, 1207, 1308, 1409, 1510, 1611, 1712, 1813, 1914, 2015, 2116, 2217, 2318, 2419, 2520, 2621, 2722, 2823, 2924, 3025, 3126, 3227, 3328, 3429, 3530, 3631, 3732, 3833, 3934, 4035, 4136, 4237, 4338, 4439, 4540, 4641, 4742, 4843, 4944, 5045]
5056 = [-4955, -4854, -4753, -4652, -4551, -4450, -4349, -4248, -4147, -4046, -3945, -3844, -3743, -3642, -3541, -3440, -3339, -3238, -3137, -3036, -2935, -2834, -2733, -2632, -2531, -2430, -2329, -2228, -2127, -2026, -1925, -1824, -1723, -1622, -1521, -1420, -1319, -1218, -1117, -1016, -915, -814, -713, -612, -511, -410, -309, -208, -107, -6, 95, 196, 297, 398, 499, 600, 606, 701, 802, 903, 1004, 1105, 1206, 1307, 1408, 1509, 1610, 1711, 1812, 1913, 2014, 2115, 2216, 2317, 2418, 2519, 2620, 2721, 2822, 2923, 3024, 3125, 3226, 3327, 3428, 3529, 3630, 3731, 3832, 3933, 4034, 4135, 4236, 4337, 4438, 4539, 4640, 4741, 4842, 4943, 5044]
5057 = [-4956, -4855, -4754, -4653, -4552, -4451, -4350, -4249, -4148, -4047, -3946, -3845, -3744, -3643, -3542, -3441, -3340, -3239, -3138, -3037, -2936, -2835, -2734, -2633, -2532, -2431, -2330, -2229, -2128, -2027, -1926, -1825, -1724, -1623, -1522, -1421, -1320, -1219, -1118, -1017, -916, -815, -714, -613, -512, -411, -310, -209, -108, -7, 94, 195, 296, 397, 498, 599, 700, 707, 801, 902, 1003, 1104, 1205, 1306, 1407, 1508, 1609, 1710, 1811, 1912, 2013, 2114, 2215, 2316, 2417, 2518, 2619, 2720, 2821, 2922, 3023, 3124, 3225, 3326, 3427, 3528, 3629, 3730, 3831, 3932, 4033, 4134, 4235, 4336, 4437, 4538, 4639, 4740, 4841, 4942, 5043]
5058 = [-4957, -4856, -4755, -4654, -4553, -4452, -4351, -4250, -4149, -4048, -3947, -3846, -3745, -3644, -3543, -3442, -3341, -3240, -3139, -3038, -2937, -2836, -2735, -2634, -2533, -2432, -2331, -2230, -2129, -2028, -1927, -1826, -1725, -1624, -1523, -1422, -1321, -1220, -1119, -1018, -917, -816, -715, -614, -513, -412, -311, -210, -109, -8, 93, 194, 295, 396, 497, 598, 699, 800, 808, 901, 1002, 1103, 1204, 1305, 1406, 1507, 1608, 1709, 1810, 1911, 2012, 2113, 2214, 2315, 2416, 2517, 2618, 2719, 2820, 2921, 3022, 3123, 3224, 3325, 3426, 3527, 3628, 3729, 3830, 3931, 4032, 4133, 4234, 4335, 4436, 4537, 4638, 4739, 4840, 4941, 5042]
5059 = [-4958, -4857, -4756, -4655, -4554, -4453, -4352, -4251, -4150, -4049, -3948, -3847, -3746, -3645, -3544, -3443, -3342, -3241, -3140, -3039, -2938, -2837, -2736, -2635, -2534, -2433, -2332, -2231, -2130, -2029, -1928, -1827, -1726, -1625, -1524, -1423, -1322, -1221, -1120, -1019, -918, -817, -716, -615, -514, -413, -312, -211, -110, -9, 92, 193, 294, 395, 496, 597, 698, 799, 900, 909, 1001, 1102, 1203, 1304, 1405, 1506, 1607, 1708, 1809, 1910, 2011, 2112, 2213, 2314, 2415, 2516, 2617, 2718, 2819, 2920, 3021, 3122, 3223, 3324, 3425, 3526, 3627, 3728, 3829, 3930, 4031, 4132, 4233, 4334, 4435, 4536, 4637, 4738, 4839, 4940, 5041]
5060 = [-4959, -4858, -4757, -4656, -4555, -4454, -4353, -4252, -4151, -4050, -3949, -3848, -3747, -3646, -3545, -3444, -3343, -3242, -3141, -3040, -2939, -2838, -2737, -2636, -2535, -2434, -2333, -2232, -2131, -2030, -1929, -1828, -1727, -1626, -1525, -1424, -1323, -1222, -1121, -1020, -919, -818, -717, -616, -515, -414, -313, -212, -111, -10, 91, 192, 293, 394, 495, 596, 697, 798, 899, 1000, 1010, 1101, 1202, 1303, 1404, 1505, 1606, 1707, 1808, 1909, 2010, 2111, 2212, 2313, 2414, 2515, 2616, 2717, 2818, 2919, 3020, 3121, 3222, 3323, 3424, 3525, 3626, 3727, 3828, 3929, 4030, 4131, 4232, 4333, 4434, 4535, 4636, 4737, 4838, 4939, 5040]
5061 = [-4960, -4859, -4758, -4657, -4556, -4455, -4354, -4253, -4152, -4051, -3950, -3849, -3748, -3647, -3546, -3445, -3344, -3243, -3142, -3041, -2940, -2839, -2738, -2637, -2536, -2435, -2334, -2233, -2132, -2031, -1930, -1829, -1728, -1627, -1526, -1425, -1324, -1223, -1122, -1021, -920, -819, -718, -617, -516, -415, -314, -213, -112, -11, 90, 191, 292, 393, 494, 595, 696, 797, 898, 999, 1100, 1111, 1201, 1302, 1403, 1504, 1605, 1706, 1807, 1908, 2009, 2110, 2211, 2312, 2413, 2514, 2615, 2716, 2817, 2918, 3019, 3120, 3221, 3322, 3423, 3524, 3625, 3726, 3827, 3928, 4029, 4130, 4231, 4332, 4433, 4534, 4635, 4736, 4837, 4938, 5039]
5062 = [-4961, -4860, -4759, -4658, -4557, -4456, -4355, -4254, -4153, -4052, -3951, -3850, -3749, -3648, -3547, -3446, -3345, -3244, -3143, -3042, -2941, -2840, -2739, -2638, -2537, -2436, -2335, -2234, -2133, -2032, -1931, -1830, -1729, -1628, -1527, -1426, -1325, -1224, -1123, -1022, -921, -820, -719, -618, -517, -416, -315, -214, -113, -12, 89, 190, 291, 392, 493, 594, 695, 796, 897, 998, 1099, 1200, 1212, 1301, 1402, 1503, 1604, 1705, 1806, 1907, 2008, 2109, 2210, 2311, 2412, 2513, 2614, 2715, 2816, 2917, 3018, 3119, 3220, 3321, 3422, 3523, 3624, 3725, 3826, 3927, 4028, 4129, 4230, 4331, 4432, 4533, 4634, 4735, 4836, 4937, 5038]
5063 = [-4962, -4861, -4760, -4659, -4558, -4457, -4356, -4255, -4154, -4053, -3952, -3851, -3750, -3649, -3548, -3447, -3346, -3245, -3144, -3043, -2942, -2841, -2740, -2639, -2538, -2437, -2336, -2235, -2134, -2033, -1932, -1831, -1730, -1629, -1528, -1427, -1326, -1225, -1124, -1023, -922, -821, -720, -619, -518, -417, -316, -215, -114, -13, 88, 189, 290, 391, 492, 593, 694, 795, 896, 997, 1098, 1199, 1300, 1313, 1401, 1502, 1603, 1704, 1805, 1906, 2007, 2108, 2209, 2310, 2411, 2512, 2613, 2714, 2815, 2916, 3017, 3118, 3219, 3320, 3421, 3522, 3623, 3724, 3825, 3926, 4027, 4128, 4229, 4330, 4431, 4532, 4633, 4734, 4835, 4936, 5037]
5064 = [-4963, -4862, -4761, -4660, -4559, -4458, -4357, -4256, -4155, -4054, -3953, -3852, -3751, -3650, -3549, -3448, -3347, -3246, -3145, -3044, -2943, -2842, -2741, -2640, -2539, -2438, -2337, -2236, -2135, -2034, -1933, -1832, -1731, -1630, -1529, -1428, -1327, -1226, -1125, -1024, -923, -822, -721, -620, -519, -418, -317, -216, -115, -14, 87, 188, 289, 390, 491, 592, 693, 794, 895, 996, 1097, 1198, 1299, 1400, 1414, 1501, 1602, 1703, 1804, 1905, 2006, 2107, 2208, 2309, 2410, 2511, 2612, 2713, 2814, 2915, 3016, 3117, 3218, 3319, 3420, 3521, 3622, 3723, 3824, 3925, 4026, 4127, 4228, 4329, 4430, 4531, 4632, 4733, 4834, 4935, 5036]
5065 = [-4964, -4863, -4762, -4661, -4560, -4459, -4358, -4257, -4156, -4055, -3954, -3853, -3752, -3651, -3550, -3449, -3348, -3247, -3146, -3045, -2944, -2843, -2742, -2641, -2540, -2439, -2338, -2237, -2136, -2035, -1934, -1833, -1732, -1631, -1530, -1429, -1328, -1227, -1126, -1025, -924, -823, -722, -621, -520, -419, -318, -217, -116, -15, 86, 187, 288, 389, 490, 591, 692, 793, 894, 995, 1096, 1197, 1298, 1399, 1500, 1515, 1601, 1702, 1803, 1904, 2005, 2106, 2207, 2308, 2409, 2510, 2611, 2712, 2813, 2914, 3015, 3116, 3217, 3318, 3419, 3520, 3621, 3722, 3823, 3924, 4025, 4126, 4227, 4328, 4429, 4530, 4631, 4732, 4833, 4934, 5035]
5066 = [-4965, -4864, -4763, -4662, -4561, -4460, -4359, -4258, -4157, -4056, -3955, -3854, -3753, -3652, -3551, -3450, -3349, -3248, -3147, -3046, -2945, -2844, -2743, -2642, -2541, -2440, -2339, -2238, -2137, -2036, -1935, -1834, -1733, -1632, -1531, -1430, -1329, -1228, -1127, -1026, -925, -824, -723, -622, -521, -420, -319, -218, -117, -16, 85, 186, 287, 388, 489, 590, 691, 792, 893, 994, 1095, 1196, 1297, 1398, 1499, 1600, 1616, 1701, 1802, 1903, 2004, 2105, 2206, 2307, 2408, 2509, 2610, 2711, 2812, 2913, 3014, 3115, 3216, 3317, 3418, 3519, 3620, 3721, 3822, 3923, 4024, 4125, 4226, 4327, 4428, 4529, 4630, 4731, 4832, 4933, 5034]
5067 = [-4966, -4865, -4764, -4663, -4562, -4461, -4360, -4259, -4158, -4057, -3956, -3855, -3754, -3653, -3552, -3451, -3350, -3249, -3148, -3047, -2946, -2845, -2744, -2643, -2542, -2441, -2340, -2239, -2138, -2037, -1936, -1835, -1734, -1633, -1532, -1431, -1330, -1229, -1128, -1027, -926, -825, -724, -623, -522, -421, -320, -219, -118, -17, 84, 185, 286, 387, 488, 589, 690, 791, 892, 993, 1094, 1195, 1296, 1397, 1498, 1599, 1700, 1717, 1801, 1902, 2003, 2104, 2205, 2306, 2407, 2508, 2609, 2710, 2811, 2912, 3013, 3114, 3215, 3316, 3417, 3518, 3619, 3720, 3821, 3922, 4023, 4124, 4225, 4326, 4427, 4528, 4629, 4730, 4831, 4932, 5033]
5068 = [-4967, -4866, -4765, -4664, -4563, -4462, -4361, -4260, -4159, -4058, -3957, -3856, -3755, -3654, -3553, -3452, -3351, -3250, -3149, -3048, -2947, -2846, -2745, -2644, -2543, -2442, -2341, -2240, -2139, -2038, -1937, -1836, -1735, -1634, -1533, -1432, -1331, -1230, -1129, -1028, -927, -826, -725, -624, -523, -422, -321, -220, -119, -18, 83, 184, 285, 386, 487, 588, 689, 790, 891, 992, 1093, 1194, 1295, 1396, 1497, 1598, 1699, 1800, 1818, 1901, 2002, 2103, 2204, 2305, 2406, 2507, 2608, 2709, 2810, 2911, 3012, 3113, 3214, 3315, 3416, 3517, 3618, 3719, 3820, 3921, 4022, 4123, 4224, 4325, 4426, 4527, 4628, 4729, 4830, 4931, 5032]
5069 = [-4968, -4867, -4766, -4665, -4564, -4463, -4362, -4261, -4160, -4059, -3958, -3857, -3756, -3655, -3554, -3453, -3352, -3251, -3150, -3049, -2948, -2847, -2746, -2645, -2544, -2443, -2342, -2241, -2140, -2039, -1938, -1837, -1736, -1635, -1534, -1433, -1332, -1231, -1130, -1029, -928, -827, -726, -625, -524, -423, -322, -221, -120, -19, 82, 183, 284, 385, 486, 587, 688, 789, 890, 991, 1092, 1193, 1294, 1395, 1496, 1597, 1698, 1799, 1900, 1919, 2001, 2102, 2203, 2304, 2405, 2506, 2607, 2708, 2809, 2910, 3011, 3112, 3213, 3314, 3415, 3516, 3617, 3718, 3819, 3920, 4021, 4122, 4223, 4324, 4425, 4526, 4627, 4728, 4829, 4930, 5031]
5070 = [-4969, -4868, -4767, -4666, -4565, -4464, -4363, -4262, -4161, -4060, -3959, -3858, -3757, -3656, -3555, -3454, -3353, -3252, -3151, -3050, -2949, -2848, -2747, -2646, -2545, -2444, -2343, -2242, -2141, -2040, -1939, -1838, -1737, -1636, -1535, -1434, -1333, -1232, -1131, -1030, -929, -828, -727, -626, -525, -424, -323, -222, -121, -20, 81, 182, 283, 384, 485, 586, 687, 788, 889, 990, 1091, 1192, 1293, 1394, 1495, 1596, 1697, 1798, 1899, 2000, 2020, 2101, 2202, 2303, 2404, 2505, 2606, 2707, 2808, 2909, 3010, 3111, 3212, 3313, 3414, 3515, 3616, 3717, 3818, 3919, 4020, 4121, 4222, 4323, 4424, 4525, 4626, 4727, 4828, 4929, 5030]
5071 = [-4970, -4869, -4768, -4667, -4566, -4465, -4364, -4263, -4162, -4061, -3960, -3859, -3758, -3657, -3556, -3455, -3354, -3253, -3152, -3051, -2950, -2849, -2748, -2647, -2546, -2445, -2344, -2243, -2142, -2041, -1940, -1839, -1738, -1637, -1536, -1435, -1334, -1233, -1132, -1031, -930, -829, -728, -627, -526, -425, -324, -223, -122, -21, 80, 181, 282, 383, 484, 585, 686, 787, 888, 989, 1090, 1191, 1292, 1393, 1494, 1595, 1696, 1797, 1898, 1999, 2100, 2121, 2201, 2302, 2403, 2504, 2605, 2706, 2807, 2908, 3009, 3110, 3211, 3312, 3413, 3514, 3615, 3716, 3817, 3918, 4019, 4120, 4221, 4322, 4423, 4524, 4625, 4726, 4827, 4928, 5029]
5072 = [-4971, -4870, -4769, -4668, -4567, -4466, -4365, -4264, -4163, -4062, -3961, -3860, -3759, -3658, -3557, -3456, -3355, -3254, -3153, -3052, -2951, -2850, -2749, -2648, -2547, -2446, -2345, -2244, -2143, -2042, -1941, -1840, -1739, -1638, -1537, -1436, -1335, -1234, -1133, -1032, -931, -830, -729, -628, -527, -426, -325, -224, -123, -22, 79, 180, 281, 382, 483, 584, 685, 786, 887, 988, 1089, 1190, 1291, 1392, 1493, 1594, 1695, 1796, 1897, 1998, 2099, 2200, 2222, 2301, 2402, 2503, 2604, 2705, 2806, 2907, 3008, 3109, 3210, 3311, 3412, 3513, 3614, 3715, 3816, 3917, 4018, 4119, 4220, 4321, 4422, 4523, 4624, 4725, 4826, 4927, 5028]
5073 = [-4972, -4871, -4770, -4669, -4568, -4467, -4366, -4265, -4164, -4063, -3962, -3861, -3760, -3659, -3558, -3457, -3356, -3255, -3154, -3053, -2952, -2851, -2750, -2649, -2548, -2447, -2346, -2245, -2144, -2043, -1942, -1841, -1740, -1639, -1538, -1437, -1336, -1235, -1134, -1033, -932, -831, -730, -629, -528, -427, -326, -225, -124, -23, 78, 179, 280, 381, 482, 583, 684, 785, 886, 987, 1088, 1189, 1290, 1391, 1492, 1593, 1694, 1795, 1896, 1997, 2098, 2199, 2300, 2323, 2401, 2502, 2603, 2704, 2805, 2906, 3007, 3108, 3209, 3310, 3411, 3512, 3613, 3714, 3815, 3916, 4017, 4118, 4219, 4320, 4421, 4522, 4623, 4724, 4825, 4926, 5027]
5074 = [-4973, -4872, -4771, -4670, -4569, -4468, -4367, -4266, -4165, -4064, -3963, -3862, -3761, -3660, -3559, -3458, -3357, -3256, -3155, -3054, -2953, -2852, -2751, -2650, -2549, -2448, -2347, -2246, -2145, -2044, -1943, -1842, -1741, -1640, -1539, -1438, -1337, -1236, -1135, -1034, -933, -832, -731, -630, -529, -428, -327, -226, -125, -24, 77, 178, 279, 380, 481, 582, 683, 784, 885, 986, 1087, 1188, 1289, 1390, 1491, 1592, 1693, 1794, 1895, 1996, 2097, 2198, 2299, 2400, 2424, 2501, 2602, 2703, 2804, 2905, 3006, 3107, 3208, 3309, 3410, 3511, 3612, 3713, 3814, 3915, 4016, 4117, 4218, 4319, 4420, 4521, 4622, 4723, 4824, 4925, 5026]
5075 = [-4974, -4873, -4772, -4671, -4570, -4469, -4368, -4267, -4166, -4065, -3964, -3863, -3762, -3661, -3560, -3459, -3358, -3257, -3156, -3055, -2954, -2853, -2752, -2651, -2550, -2449, -2348, -2247, -2146, -2045, -1944, -1843, -1742, -1641, -1540, -1439, -1338, -1237, -1136, -1035, -934, -833, -732, -631, -530, -429, -328, -227, -126, -25, 76, 177, 278, 379, 480, 581, 682, 783, 884, 985, 1086, 1187, 1288, 1389, 1490, 1591, 1692, 1793, 1894, 1995, 2096, 2197, 2298, 2399, 2500, 2525, 2601, 2702, 2803, 2904, 3005, 3106, 3207, 3308, 3409, 3510, 3611, 3712, 3813, 3914, 4015, 4116, 4217, 4318, 4419, 4520, 4621, 4722, 4823, 4924, 5025]
5076 = [-4975, -4874, -4773, -4672, -4571, -4470, -4369, -4268, -4167, -4066, -3965, -3864, -3763, -3662, -3561, -3460, -3359, -3258, -3157, -3056, -2955, -2854, -2753, -2652, -2551, -2450, -2349, -2248, -2147, -2046, -1945, -1844, -1743, -1642, -1541, -1440, -1339, -1238, -1137, -1036, -935, -834, -733, -632, -531, -430, -329, -228, -127, -26, 75, 176, 277, 378, 479, 580, 681, 782, 883, 984, 1085, 1186, 1287, 1388, 1489, 1590, 1691, 1792, 1893, 1994, 2095, 2196, 2297, 2398, 2499, 2600, 2626, 2701, 2802, 2903, 3004, 3105, 3206, 3307, 3408, 3509, 3610, 3711, 3812, 3913, 4014, 4115, 4216, 4317, 4418, 4519, 4620, 4721, 4822, 4923, 5024]
5077 = [-4976, -4875, -4774, -4673, -4572, -4471, -4370, -4269, -4168, -4067, -3966, -3865, -3764, -3663, -3562, -3461, -3360, -3259, -3158, -3057, -2956, -2855, -2754, -2653, -2552, -2451, -2350, -2249, -2148, -2047, -1946, -1845, -1744, -1643, -1542, -1441, -1340, -1239, -1138, -1037, -936, -835, -734, -633, -532, -431, -330, -229, -128, -27, 74, 175, 276, 377, 478, 579, 680, 781, 882, 983, 1084, 1185, 1286, 1387, 1488, 1589, 1690, 1791, 1892, 1993, 2094, 2195, 2296, 2397, 2498, 2599, 2700, 2727, 2801, 2902, 3003, 3104, 3205, 3306, 3407, 3508, 3609, 3710, 3811, 3912, 4013, 4114, 4215, 4316, 4417, 4518, 4619, 4720, 4821, 4922, 5023]
5078 = [-4977, -4876, -4775, -4674, -4573, -4472, -4371, -4270, -4169, -4068, -3967, -3866, -3765, -3664, -3563, -3462, -3361, -3260, -3159, -3058, -2957, -2856, -2755, -2654, -2553, -2452, -2351, -2250, -2149, -2048, -1947, -1846, -1745, -1644, -1543, -1442, -1341, -1240, -1139, -1038, -937, -836, -735, -634, -533, -432, -331, -230, -129, -28, 73, 174, 275, 376, 477, 578, 679, 780, 881, 982, 1083, 1184, 1285, 1386, 1487, 1588, 1689, 1790, 1891, 1992, 2093, 2194, 2295, 2396, 2497, 2598, 2699, 2800, 2828, 2901, 3002, 3103, 3204, 3305, 3406, 3507, 3608, 3709, 3810, 3911, 4012, 4113, 4214, 4315, 4416, 4517, 4618, 4719, 4820, 4921, 5022]
5079 = [-4978, -4877, -4776, -4675, -4574, -4473, -4372, -4271, -4170, -4069, -3968, -3867, -3766, -3665, -3564, -3463, -3362, -3261, -3160, -3059, -2958, -2857, -2756, -2655, -2554, -2453, -2352, -2251, -2150, -2049, -1948, -1847, -1746, -1645, -1544, -1443, -1342, -1241, -1140, -1039, -938, -837, -736, -635, -534, -433, -332, -231, -130, -29, 72, 173, 274, 375, 476, 577, 678, 779, 880, 981, 1082, 1183, 1284, 1385, 1486, 1587, 1688, 1789, 1890, 1991, 2092, 2193, 2294, 2395, 2496, 2597, 2698, 2799, 2900, 2929, 3001, 3102, 3203, 3304, 3405, 3506, 3607, 3708, 3809, 3910, 4011, 4112, 4213, 4314, 4415, 4516, 4617, 4718, 4819, 4920, 5021]
5080 = [-4979, -4878, -4777, -4676, -4575, -4474, -4373, -4272, -4171, -4070, -3969, -3868, -3767, -3666, -3565, -3464, -3363, -3262, -3161, -3060, -2959, -2858, -2757, -2656, -2555, -2454, -2353, -2252, -2151, -2050, -1949, -1848, -1747, -1646, -1545, -1444, -1343, -1242, -1141, -1040, -939, -838, -737, -636, -535, -434, -333, -232, -131, -30, 71, 172, 273, 374, 475, 576, 677, 778, 879, 980, 1081, 1182, 1283, 1384, 1485, 1586, 1687, 1788, 1889, 1990, 2091, 2192, 2293, 2394, 2495, 2596, 2697, 2798, 2899, 3000, 3030, 3101, 3202, 3303, 3404, 3505, 3606, 3707, 3808, 3909, 4010, 4111, 4212, 4313, 4414, 4515, 4616, 4717, 4818, 4919, 5020]
5081 = [-4980, -4879, -4778, -4677, -4576, -4475, -4374, -4273, -4172, -4071, -3970, -3869, -3768, -3667, -3566, -3465, -3364, -3263, -3162, -3061, -2960, -2859, -2758, -2657, -2556, -2455, -2354, -2253, -2152, -2051, -1950, -1849, -1748, -1647, -1546, -1445, -1344, -1243, -1142, -1041, -940, -839, -738, -637, -536, -435, -334, -233, -132, -31, 70, 171, 272, 373, 474, 575, 676, 777, 878, 979, 1080, 1181, 1282, 1383, 1484, 1585, 1686, 1787, 1888, 1989, 2090, 2191, 2292, 2393, 2494, 2595, 2696, 2797, 2898, 2999, 3100, 3131, 3201, 3302, 3403, 3504, 3605, 3706, 3807, 3908, 4009, 4110, 4211, 4312, 4413, 4514, 4615, 4716, 4817, 4918, 5019]
5082 = [-4981, -4880, -4779, -4678, -4577, -4476, -4375, -4274, -4173, -4072, -3971, -3870, -3769, -3668, -3567, -3466, -3365, -3264, -3163, -3062, -2961, -2860, -2759, -2658, -2557, -2456, -2355, -2254, -2153, -2052, -1951, -1850, -1749, -1648, -1547, -1446, -1345, -1244, -1143, -1042, -941, -840, -739, -638, -537, -436, -335, -234, -133, -32, 69, 170, 271, 372, 473, 574, 675, 776, 877, 978, 1079, 1180, 1281, 1382, 1483, 1584, 1685, 1786, 1887, 1988, 2089, 2190, 2291, 2392, 2493, 2594, 2695, 2796, 2897, 2998, 3099, 3200, 3232, 3301, 3402, 3503, 3604, 3705, 3806, 3907, 4008, 4109, 4210, 4311, 4412, 4513, 4614, 4715, 4816, 4917, 5018]
5083 = [-4982, -4881, -4780, -4679, -4578, -4477, -4376, -4275, -4174, -4073, -3972, -3871, -3770, -3669, -3568, -3467, -3366, -3265, -3164, -3063, -2962, -2861, -2760, -2659, -2558, -2457, -2356, -2255, -2154, -2053, -1952, -1851, -1750, -1649, -1548, -1447, -1346, -1245, -1144, -1043, -942, -841, -740, -639, -538, -437, -336, -235, -134, -33, 68, 169, 270, 371, 472, 573, 674, 775, 876, 977, 1078, 1179, 1280, 1381, 1482, 1583, 1684, 1785, 1886, 1987, 2088, 2189, 2290, 2391, 2492, 2593, 2694, 2795, 2896, 2997, 3098, 3199, 3300, 3333, 3401, 3502, 3603, 3704, 3805, 3906, 4007, 4108, 4209, 4310, 4411, 4512, 4613, 4714, 4815, 4916, 5017]
5084 = [-4983, -4882, -4781, -4680, -4579, -4478, -4377, -4276, -4175, -4074, -3973, -3872, -3771, -3670, -3569, -3468, -3367, -3266, -3165, -3064, -2963, -2862, -2761, -2660, -2559, -2458, -2357, -2256, -2155, -2054, -1953, -1852, -1751, -1650, -1549, -1448, -1347, -1246, -1145, -1044, -943, -842, -741, -640, -539, -438, -337, -236, -135, -34, 67, 168, 269, 370, 471, 572, 673, 774, 875, 976, 1077, 1178, 1279, 1380, 1481, 1582, 1683, 1784, 1885, 1986, 2087, 2188, 2289, 2390, 2491, 2592, 2693, 2794, 2895, 2996, 3097, 3198, 3299, 3400, 3434, 3501, 3602, 3703, 3804, 3905, 4006, 4107, 4208, 4309, 4410, 4511, 4612, 4713, 4814, 4915, 5016]
5085 = [-4984, -4883, -4782, -4681, -4580, -4479, -4378, -4277, -4176, -4075, -3974, -3873, -3772, -3671, -3570, -3469, -3368, -3267, -3166, -3065, -2964, -2863, -2762, -2661, -2560, -2459, -2358, -2257, -2156, -2055, -1954, -1853, -1752, -1651, -1550, -1449, -1348, -1247, -1146, -1045, -944, -843, -742, -641, -540, -439, -338, -237, -136, -35, 66, 167, 268, 369, 470, 571, 672, 773, 874, 975, 1076, 1177, 1278, 1379, 1480, 1581, 1682, 1783, 1884, 1985, 2086, 2187, 2288, 2389, 2490, 2591, 2692, 2793, 2894, 2995, 3096, 3197, 3298, 3399, 3500, 3535, 3601, 3702, 3803, 3904, 4005, 4106, 4207, 4308, 4409, 4510, 4611, 4712, 4813, 4914, 5015]
5086 = [-4985, -4884, -4783, -4682, -4581, -4480, -4379, -4278, -4177, -4076, -3975, -3874, -3773, -3672, -3571, -3470, -3369, -3268, -3167, -3066, -2965, -2864, -2763, -2662, -2561, -2460, -2359, -2258, -2157, -2056, -1955, -1854, -1753, -1652, -1551, -1450, -1349, -1248, -1147, -1046, -945, -844, -743, -642, -541, -440, -339, -238, -137, -36, 65, 166, 267, 368, 469, 570, 671, 772, 873, 974, 1075, 1176, 1277, 1378, 1479, 1580, 1681, 1782, 1883, 1984, 2085, 2186, 2287, 2388, 2489, 2590, 2691, 2792, 2893, 2994, 3095, 3196, 3297, 3398, 3499, 3600, 3636, 3701, 3802, 3903, 4004, 4105, 4206, 4307, 4408, 4509, 4610, 4711, 4812, 4913, 5014]
5087 = [-4986, -4885, -4784, -4683, -4582, -4481, -4380, -4279, -4178, -4077, -3976, -3875, -3774, -3673, -3572, -3471, -3370, -3269, -3168, -3067, -2966, -2865, -2764, -2663, -2562, -2461, -2360, -2259, -2158, -2057, -1956, -1855, -1754, -1653, -1552, -1451, -1350, -1249, -1148, -1047, -946, -845, -744, -643, -542, -441, -340, -239, -138, -37, 64, 165, 266, 367, 468, 569, 670, 771, 872, 973, 1074, 1175, 1276, 1377, 1478, 1579, 1680, 1781, 1882, 1983, 2084, 2185, 2286, 2387, 2488, 2589, 2690, 2791, 2892, 2993, 3094, 3195, 3296, 3397, 3498, 3599, 3700, 3737, 3801, 3902, 4003, 4104, 4205, 4306, 4407, 4508, 4609, 4710, 4811, 4912, 5013]
5088 = [-4987, -4886, -4785, -4684, -4583, -4482, -4381, -4280, -4179, -4078, -3977, -3876, -3775, -3674, -3573, -3472, -3371, -3270, -3169, -3068, -2967, -2866, -2765, -2664, -2563, -2462, -2361, -2260, -2159, -2058, -1957, -1856, -1755, -1654, -1553, -1452, -1351, -1250, -1149, -1048, -947, -846, -745, -644, -543, -442, -341, -240, -139, -38, 63, 164, 265, 366, 467, 568, 669, 770, 871, 972, 1073, 1174, 1275, 1376, 1477, 1578, 1679, 1780, 1881, 1982, 2083, 2184, 2285, 2386, 2487, 2588, 2689, 2790, 2891, 2992, 3093, 3194, 3295, 3396, 3497, 3598, 3699, 3800, 3838, 3901, 4002, 4103, 4204, 4305, 4406, 4507, 4608, 4709, 4810, 4911, 5012]
5089 = [-4988, -4887, -4786, -4685, -4584, -4483, -4382, -4281, -4180, -4079, -3978, -3877, -3776, -3675, -3574, -3473, -3372, -3271, -3170, -3069, -2968, -2867, -2766, -2665, -2564, -2463, -2362, -2261, -2160, -2059, -1958, -1857, -1756, -1655, -1554, -1453, -1352, -1251, -1150, -1049, -948, -847, -746, -645, -544, -443, -342, -241, -140, -39, 62, 163, 264, 365, 466, 567, 668, 769, 870, 971, 1072, 1173, 1274, 1375, 1476, 1577, 1678, 1779, 1880, 1981, 2082, 2183, 2284, 2385, 2486, 2587, 2688, 2789, 2890, 2991, 3092, 3193, 3294, 3395, 3496, 3597, 3698, 3799, 3900, 3939, 4001, 4102, 4203, 4304, 4405, 4506, 4607, 4708, 4809, 4910, 5011]
5090 = [-4989, -4888, -4787, -4686, -4585, -4484, -4383, -4282, -4181, -4080, -3979, -3878, -3777, -3676, -3575, -3474, -3373, -3272, -3171, -3070, -2969, -2868, -2767, -2666, -2565, -2464, -2363, -2262, -2161, -2060, -1959, -1858, -1757, -1656, -1555, -1454, -1353, -1252, -1151, -1050, -949, -848, -747, -646, -545, -444, -343, -242, -141, -40, 61, 162, 263, 364, 465, 566, 667, 768, 869, 970, 1071, 1172, 1273, 1374, 1475, 1576, 1677, 1778, 1879, 1980, 2081, 2182, 2283, 2384, 2485, 2586, 2687, 2788, 2889, 2990, 3091, 3192, 3293, 3394, 3495, 3596, 3697, 3798, 3899, 4000, 4040, 4101, 4202, 4303, 4404, 4505, 4606, 4707, 4808, 4909, 5010]
5091 = [-4990, -4889, -4788, -4687, -4586, -4485, -4384, -4283, -4182, -4081, -3980, -3879, -3778, -3677, -3576, -3475, -3374, -3273, -3172, -3071, -2970, -2869, -2768, -2667, -2566, -2465, -2364, -2263, -2162, -2061, -1960, -1859, -1758, -1657, -1556, -1455, -1354, -1253, -1152, -1051, -950, -849, -748, -647, -546, -445, -344, -243, -142, -41, 60, 161, 262, 363, 464, 565, 666, 767, 868, 969, 1070, 1171, 1272, 1373, 1474, 1575, 1676, 1777, 1878, 1979, 2080, 2181, 2282, 2383, 2484, 2585, 2686, 2787, 2888, 2989, 3090, 3191, 3292, 3393, 3494, 3595, 3696, 3797, 3898, 3999, 4100, 4141, 4201, 4302, 4403, 4504, 4605, 4706, 4807, 4908, 5009]
5092 = [-4991, -4890, -4789, -4688, -4587, -4486, -4385, -4284, -4183, -4082, -3981, -3880, -3779, -3678, -3577, -3476, -3375, -3274, -3173, -3072, -2971, -2870, -2769, -2668, -2567, -2466, -2365, -2264, -2163, -2062, -1961, -1860, -1759, -1658, -1557, -1456, -1355, -1254, -1153, -1052, -951, -850, -749, -648, -547, -446, -345, -244, -143, -42, 59, 160, 261, 362, 463, 564, 665, 766, 867, 968, 1069, 1170, 1271, 1372, 1473, 1574, 1675, 1776, 1877, 1978, 2079, 2180, 2281, 2382, 2483, 2584, 2685, 2786, 2887, 2988, 3089, 3190, 3291, 3392, 3493, 3594, 3695, 3796, 3897, 3998, 4099, 4200, 4242, 4301, 4402, 4503, 4604, 4705, 4806, 4907, 5008]
5093 = [-4992, -4891, -4790, -4689, -4588, -4487, -4386, -4285, -4184, -4083, -3982, -3881, -3780, -3679, -3578, -3477, -3376, -3275, -3174, -3073, -2972, -2871, -2770, -2669, -2568, -2467, -2366, -2265, -2164, -2063, -1962, -1861, -1760, -1659, -1558, -1457, -1356, -1255, -1154, -1053, -952, -851, -750, -649, -548, -447, -346, -245, -144, -43, 58, 159, 260, 361, 462, 563, 664, 765, 866, 967, 1068, 1169, 1270, 1371, 1472, 1573, 1674, 1775, 1876, 1977, 2078, 2179, 2280, 2381, 2482, 2583, 2684, 2785, 2886, 2987, 3088, 3189, 3290, 3391, 3492, 3593, 3694, 3795, 3896, 3997, 4098, 4199, 4300, 4343, 4401, 4502, 4603, 4704, 4805, 4906, 5007]
5094 = [-4993, -4892, -4791, -4690, -4589, -4488, -4387, -4286, -4185, -4084, -3983, -3882, -3781, -3680, -3579, -3478, -3377, -3276, -3175, -3074, -2973, -2872, -2771, -2670, -2569, -2468, -2367, -2266, -2165, -2064, -1963, -1862, -1761, -1660, -1559, -1458, -1357, -1256, -1155, -1054, -953, -852, -751, -650, -549, -448, -347, -246, -145, -44, 57, 158, 259, 360, 461, 562, 663, 764, 865, 966, 1067, 1168, 1269, 1370, 1471, 1572, 1673, 1774, 1875, 1976, 2077, 2178, 2279, 2380, 2481, 2582, 2683, 2784, 2885, 2986, 3087, 3188, 3289, 3390, 3491, 3592, 3693, 3794, 3895, 3996, 4097, 4198, 4299, 4400, 4444, 4501, 4602, 4703, 4804, 4905, 5006]
5095 = [-4994, -4893, -4792, -4691, -4590, -4489, -4388, -4287, -4186, -4085, -3984, -3883, -3782, -3681, -3580, -3479, -3378, -3277, -3176, -3075, -2974, -2873, -2772, -2671, -2570, -2469, -2368, -2267, -2166, -2065, -1964, -1863, -1762, -1661, -1560, -1459, -1358, -1257, -1156, -1055, -954, -853, -752, -651, -550, -449, -348, -247, -146, -45, 56, 157, 258, 359, 460, 561, 662, 763, 864, 965, 1066, 1167, 1268, 1369, 1470, 1571, 1672, 1773, 1874, 1975, 2076, 2177, 2278, 2379, 2480, 2581, 2682, 2783, 2884, 2985, 3086, 3187, 3288, 3389, 3490, 3591, 3692, 3793, 3894, 3995, 4096, 4197, 4298, 4399, 4500, 4545, 4601, 4702, 4803, 4904, 5005]
5096 = [-4995, -4894, -4793, -4692, -4591, -4490, -4389, -4288, -4187, -4086, -3985, -3884, -3783, -3682, -3581, -3480, -3379, -3278, -3177, -3076, -2975, -2874, -2773, -2672, -2571, -2470, -2369, -2268, -2167, -2066, -1965, -1864, -1763, -1662, -1561, -1460, -1359, -1258, -1157, -1056, -955, -854, -753, -652, -551, -450, -349, -248, -147, -46, 55, 156, 257, 358, 459, 560, 661, 762, 863, 964, 1065, 1166, 1267, 1368, 1469, 1570, 1671, 1772, 1873, 1974, 2075, 2176, 2277, 2378, 2479, 2580, 2681, 2782, 2883, 2984, 3085, 3186, 3287, 3388, 3489, 3590, 3691, 3792, 3893, 3994, 4095, 4196, 4297, 4398, 4499, 4600, 4646, 4701, 4802, 4903, 5004]
5097 = [-4996, -4895, -4794, -4693, -4592, -4491, -4390, -4289, -4188, -4087, -3986, -3885, -3784, -3683, -3582, -3481, -3380, -3279, -3178, -3077, -2976, -2875, -2774, -2673, -2572, -2471, -2370, -2269, -2168, -2067, -1966, -1865, -1764, -1663, -1562, -1461, -1360, -1259, -1158, -1057, -956, -855, -754, -653, -552, -451, -350, -249, -148, -47, 54, 155, 256, 357, 458, 559, 660, 761, 862, 963, 1064, 1165, 1266, 1367, 1468, 1569, 1670, 1771, 1872, 1973, 2074, 2175, 2276, 2377, 2478, 2579, 2680, 2781, 2882, 2983, 3084, 3185, 3286, 3387, 3488, 3589, 3690, 3791, 3892, 3993, 4094, 4195, 4296, 4397, 4498, 4599, 4700, 4747, 4801, 4902, 5003]
5098 = [-4997, -4896, -4795, -4694, -4593, -4492, -4391, -4290, -4189, -4088, -3987, -3886, -3785, -3684, -3583, -3482, -3381, -3280, -3179, -3078, -2977, -2876, -2775, -2674, -2573, -2472, -2371, -2270, -2169, -2068, -1967, -1866, -1765, -1664, -1563, -1462, -1361, -1260, -1159, -1058, -957, -856, -755, -654, -553, -452, -351, -250, -149, -48, 53, 154, 255, 356, 457, 558, 659, 760, 861, 962, 1063, 1164, 1265, 1366, 1467, 1568, 1669, 1770, 1871, 1972, 2073, 2174, 2275, 2376, 2477, 2578, 2679, 2780, 2881, 2982, 3083, 3184, 3285, 3386, 3487, 3588, 3689, 3790, 3891, 3992, 4093, 4194, 4295, 4396, 4497, 4598, 4699, 4800, 4848, 4901, 5002]
5099 = [-4998, -4897, -4796, -4695, -4594, -4493, -4392, -4291, -4190, -4089, -3988, -3887, -3786, -3685, -3584, -3483, -3382, -3281, -3180, -3079, -2978, -2877, -2776, -2675, -2574, -2473, -2372, -2271, -2170, -2069, -1968, -1867, -1766, -1665, -1564, -1463, -1362, -1261, -1160, -1059, -958, -857, -756, -655, -554, -453, -352, -251, -150, -49, 52, 153, 254, 355, 456, 557, 658, 759, 860, 961, 1062, 1163, 1264, 1365, 1466, 1567, 1668, 1769, 1870, 1971, 2072, 2173, 2274, 2375, 2476, 2577, 2678, 2779, 2880, 2981, 3082, 3183, 3284, 3385, 3486, 3587, 3688, 3789, 3890, 3991, 4092, 4193, 4294, 4395, 4496, 4597, 4698, 4799, 4900, 4949, 5001]
5100 = [-4999, -4898, -4797, -4696, -4595, -4494, -4393, -4292, -4191, -4090, -3989, -3888, -3787, -3686, -3585, -3484, -3383, -3282, -3181, -3080, -2979, -2878, -2777, -2676, -2575, -2474, -2373, -2272, -2171, -2070, -1969, -1868, -1767, -1666, -1565, -1464, -1363, -1262, -1161, -1060, -959, -858, -757, -656, -555, -454, -353, -252, -151, -50, 51, 152, 253, 354, 455, 556, 657, 758, 859, 960, 1061, 1162, 1263, 1364, 1465, 1566, 1667, 1768, 1869, 1970, 2071, 2172, 2273, 2374, 2475, 2576, 2677, 2778, 2879, 2980, 3081, 3182, 3283, 3384, 3485, 3586, 3687, 3788, 3889, 3990, 4091, 4192, 4293, 4394, 4495, 4596, 4697, 4798, 4899, 5000, 5050]
-5100 = [-5050, -5000, -4899, -4798, -4697, -4596, -4495, -4394, -4293, -4192, -4091, -3990, -3889, -3788, -3687, -3586, -3485, -3384, -3283, -3182, -3081, -2980, -2879, -2778, -2677, -2576, -2475, -2374, -2273, -2172, -2071, -1970, -1869, -1768, -1667, -1566, -1465, -1364, -1263, -1162, -1061, -960, -859, -758, -657, -556, -455, -354, -253, -152, -51, 50, 151, 252, 353, 454, 555, 656, 757, 858, 959, 1060, 1161, 1262, 1363, 1464, 1565, 1666, 1767, 1868, 1969, 2070, 2171, 2272, 2373, 2474, 2575, 2676, 2777, 2878, 2979, 3080, 3181, 3282, 3383, 3484, 3585, 3686, 3787, 3888, 3989, 4090, 4191, 4292, 4393, 4494, 4595, 4696, 4797, 4898, 4999]
-5099 = [-5001, -4949, -4900, -4799, -4698, -4597, -4496, -4395, -4294, -4193, -4092, -3991, -3890, -3789, -3688, -3587, -3486, -3385, -3284, -3183, -3082, -2981, -2880, -2779, -2678, -2577, -2476, -2375, -2274, -2173, -2072, -1971, -1870, -1769, -1668, -1567, -1466, -1365, -1264, -1163, -1062, -961, -860, -759, -658, -557, -456, -355, -254, -153, -52, 49, 150, 251, 352, 453, 554, 655, 756, 857, 958, 1059, 1160, 1261, 1362, 1463, 1564, 1665, 1766, 1867, 1968, 2069, 2170, 2271, 2372, 2473, 2574, 2675, 2776, 2877, 2978, 3079, 3180, 3281, 3382, 3483, 3584, 3685, 3786, 3887, 3988, 4089, 4190, 4291, 4392, 4493, 4594, 4695, 4796, 4897, 4998]
-5098 = [-5002, -4901, -4848, -4800, -4699, -4598, -4497, -4396, -4295, -4194, -4093, -3992, -3891, -3790, -3689, -3588, -3487, -3386, -3285, -3184, -3083, -2982, -2881, -2780, -2679, -2578, -2477, -2376, -2275, -2174, -2073, -1972, -1871, -1770, -1669, -1568, -1467, -1366, -1265, -1164, -1063, -962, -861, -760, -659, -558, -457, -356, -255, -154, -53, 48, 149, 250, 351, 452, 553, 654, 755, 856, 957, 1058, 1159, 1260, 1361, 1462, 1563, 1664, 1765, 1866, 1967, 2068, 2169, 2270, 2371, 2472, 2573, 2674, 2775, 2876, 2977, 3078, 3179, 3280, 3381, 3482, 3583, 3684, 3785, 3886, 3987, 4088, 4189, 4290, 4391, 4492, 4593, 4694, 4795, 4896, 4997]
-5097 = [-5003, -4902, -4801, -4747, -4700, -4599, -4498, -4397, -4296, -4195, -4094, -3993, -3892, -3791, -3690, -3589, -3488, -3387, -3286, -3185, -3084, -2983, -2882, -2781, -2680, -2579, -2478, -2377, -2276, -2175, -2074, -1973, -1872, -1771, -1670, -1569, -1468, -1367, -1266, -1165, -1064, -963, -862, -761, -660, -559, -458, -357, -256, -155, -54, 47, 148, 249, 350, 451, 552, 653, 754, 855, 956, 1057, 1158, 1259, 1360, 1461, 1562, 1663, 1764, 1865, 1966, 2067, 2168, 2269, 2370, 2471, 2572, 2673, 2774, 2875, 2976, 3077, 3178, 3279, 3380, 3481, 3582, 3683, 3784, 3885, 3986, 4087, 4188, 4289, 4390, 4491, 4592, 4693, 4794, 4895, 4996]
-5096 = [-5004, -4903, -4802, -4701, -4646, -4600, -4499, -4398, -4297, -4196, -4095, -3994, -3893, -3792, -3691, -3590, -3489, -3388, -3287, -3186, -3085, -2984, -2883, -2782, -2681, -2580, -2479, -2378, -2277, -2176, -2075, -1974, -1873, -1772, -1671, -1570, -1469, -1368, -1267, -1166, -1065, -964, -863, -762, -661, -560, -459, -358, -257, -156, -55, 46, 147, 248, 349, 450, 551, 652, 753, 854, 955, 1056, 1157, 1258, 1359, 1460, 1561, 1662, 1763, 1864, 1965, 2066, 2167, 2268, 2369, 2470, 2571, 2672, 2773, 2874, 2975, 3076, 3177, 3278, 3379, 3480, 3581, 3682, 3783, 3884, 3985, 4086, 4187, 4288, 4389, 4490, 4591, 4692, 4793, 4894, 4995]
-5095 = [-5005, -4904, -4803, -4702, -4601, -4545, -4500, -4399, -4298, -4197, -4096, -3995, -3894, -3793, -3692, -3591, -3490, -3389, -3288, -3187, -3086, -2985, -2884, -2783, -2682, -2581, -2480, -2379, -2278, -2177, -2076, -1975, -1874, -1773, -1672, -1571, -1470, -1369, -1268, -1167, -1066, -965, -864, -763, -662, -561, -460, -359, -258, -157, -56, 45, 146, 247, 348, 449, 550, 651, 752, 853, 954, 1055, 1156, 1257, 1358, 1459, 1560, 1661, 1762, 1863, 1964, 2065, 2166, 2267, 2368, 2469, 2570, 2671, 2772, 2873, 2974, 3075, 3176, 3277, 3378, 3479, 3580, 3681, 3782, 3883, 3984, 4085, 4186, 4287, 4388, 4489, 4590, 4691, 4792, 4893, 4994]
-5094 = [-5006, -4905, -4804, -4703, -4602, -4501, -4444, -4400, -4299, -4198, -4097, -3996, -3895, -3794, -3693, -3592, -3491, -3390, -3289, -3188, -3087, -2986, -2885, -2784, -2683, -2582, -2481, -2380, -2279, -2178, -2077, -1976, -1875, -1774, -1673, -1572, -1471, -1370, -1269, -1168, -1067, -966, -865, -764, -663, -562, -461, -360, -259, -158, -57, 44, 145, 246, 347, 448, 549, 650, 751, 852, 953, 1054, 1155, 1256, 1357, 1458, 1559, 1660, 1761, 1862, 1963, 2064, 2165, 2266, 2367, 2468, 2569, 2670, 2771, 2872, 2973, 3074, 3175, 3276, 3377, 3478, 3579, 3680, 3781, 3882, 3983, 4084, 4185, 4286, 4387, 4488, 4589, 4690, 4791, 4892, 4993]
-5093 = [-5007, -4906, -4805, -4704, -4603, -4502, -4401, -4343, -4300, -4199, -4098, -3997, -3896, -3795, -3694, -3593, -3492, -3391, -3290, -3189, -3088, -2987, -2886, -2785, -2684, -2583, -2482, -2381, -2280, -2179, -2078, -1977, -1876, -1775, -1674, -1573, -1472, -1371, -1270, -1169, -1068, -967, -866, -765, -664, -563, -462, -361, -260, -159, -58, 43, 144, 245, 346, 447, 548, 649, 750, 851, 952, 1053, 1154, 1255, 1356, 1457, 1558, 1659, 1760, 1861, 1962, 2063, 2164, 2265, 2366, 2467, 2568, 2669, 2770, 2871, 2972, 3073, 3174, 3275, 3376, 3477, 3578, 3679, 3780, 3881, 3982, 4083, 4184, 4285, 4386, 4487, 4588, 4689, 4790, 4891, 4992]
-5092 = [-5008, -4907, -4806, -4705, -4604, -4503, -4402, -4301, -4242, -4200, -4099, -3998, -3897, -3796, -3695, -3594, -3493, -3392, -3291, -3190, -3089, -2988, -2887, -2786, -2685, -2584, -2483, -2382, -2281, -2180, -2079, -1978, -1877, -1776, -1675, -1574, -1473, -1372, -1271, -1170, -1069, -968, -867, -766, -665, -564, -463, -362, -261, -160, -59, 42, 143, 244, 345, 446, 547, 648, 749, 850, 951, 1052, 1153, 1254, 1355, 1456, 1557, 1658, 1759, 1860, 1961, 2062, 2163, 2264, 2365, 2466, 2567, 2668, 2769, 2870, 2971, 3072, 3173, 3274, 3375, 3476, 3577, 3678, 3779, 3880, 3981, 4082, 4183, 4284, 4385, 4486, 4587, 4688, 4789, 4890, 4991]
-5091 = [-5009, -4908, -4807, -4706, -4605, -4504, -4403, -4302, -4201, -4141, -4100, -3999, -3898, -3797, -3696, -3595, -3494, -3393, -3292, -3191, -3090, -2989, -2888, -2787, -2686, -2585, -2484, -2383, -2282, -2181, -2080, -1979, -1878, -1777, -1676, -1575, -1474, -1373, -1272, -1171, -1070, -969, -868, -767, -666, -565, -464, -363, -262, -161, -60, 41, 142, 243, 344, 445, 546, 647, 748, 849, 950, 1051, 1152, 1253, 1354, 1455, 1556, 1657, 1758, 1859, 1960, 2061, 2162, 2263, 2364, 2465, 2566, 2667, 2768, 2869, 2970, 3071, 3172, 3273, 3374, 3475, 3576, 3677, 3778, 3879, 3980, 4081, 4182, 4283, 4384, 4485, 4586, 4687, 4788, 4889, 4990]
-5090 = [-5010, -4909, -4808, -4707, -4606, -4505, -4404, -4303, -4202, -4101, -4040, -4000, -3899, -3798, -3697, -3596, -3495, -3394, -3293, -3192, -3091, -2990, -2889, -2788, -2687, -2586, -2485, -2384, -2283, -2182, -2081, -1980, -1879, -1778, -1677, -1576, -1475, -1374, -1273, -1172, -1071, -970, -869, -768, -667, -566, -465, -364, -263, -162, -61, 40, 141, 242, 343, 444, 545, 646, 747, 848, 949, 1050, 1151, 1252, 1353, 1454, 1555, 1656, 1757, 1858, 1959, 2060, 2161, 2262, 2363, 2464, 2565, 2666, 2767, 2868, 2969, 3070, 3171, 3272, 3373, 3474, 3575, 3676, 3777, 3878, 3979, 4080, 4181, 4282, 4383, 4484, 4585, 4686, 4787, 4888, 4989]
-5089 = [-5011, -4910, -4809, -4708, -4607, -4506, -4405, -4304, -4203, -4102, -4001, -3939, -3900, -3799, -3698, -3597, -3496, -3395, -3294, -3193, -3092, -2991, -2890, -2789, -2688, -2587, -2486, -2385, -2284, -2183, -2082, -1981, -1880, -1779, -1678, -1577, -1476, -1375, -1274, -1173, -1072, -971, -870, -769, -668, -567, -466, -365, -264, -163, -62, 39, 140, 241, 342, 443, 544, 645, 746, 847, 948, 1049, 1150, 1251, 1352, 1453, 1554, 1655, 1756, 1857, 1958, 2059, 2160, 2261, 2362, 2463, 2564, 2665, 2766, 2867, 2968, 3069, 3170, 3271, 3372, 3473, 3574, 3675, 3776, 3877, 3978, 4079, 4180, 4281, 4382, 4483, 4584, 4685, 4786, 4887, 4988]
-5088 = [-5012, -4911, -4810, -4709, -4608, -4507, -4406, -4305, -4204, -4103, -4002, -3901, -3838, -3800, -3699, -3598, -3497, -3396, -3295, -3194, -3093, -2992, -2891, -2790, -2689, -2588, -2487, -2386, -2285, -2184, -2083, -1982, -1881, -1780, -1679, -1578, -1477, -1376, -1275, -1174, -1073, -972, -871, -770, -669, -568, -467, -366, -265, -164, -63, 38, 139, 240, 341, 442, 543, 644, 745, 846, 947, 1048, 1149, 1250, 1351, 1452, 1553, 1654, 1755, 1856, 1957, 2058, 2159, 2260, 2361, 2462, 2563, 2664, 2765, 2866, 2967, 3068, 3169, 3270, 3371, 3472, 3573, 3674, 3775, 3876, 3977, 4078, 4179, 4280, 4381, 4482, 4583, 4684, 4785, 4886, 4987]
-5087 = [-5013, -4912, -4811, -4710, -4609, -4508, -4407, -4306, -4205, -4104, -4003, -3902, -3801, -3737, -3700, -3599, -3498, -3397, -3296, -3195, -3094, -2993, -2892, -2791, -2690, -2589, -2488, -2387, -2286, -2185, -2084, -1983, -1882, -1781, -1680, -1579, -1478, -1377, -1276, -1175, -1074, -973, -872, -771, -670, -569, -468, -367, -266, -165, -64, 37, 138, 239, 340, 441, 542, 643, 744, 845, 946, 1047, 1148, 1249, 1350, 1451, 1552, 1653, 1754, 1855, 1956, 2057, 2158, 2259, 2360, 2461, 2562, 2663, 2764, 2865, 2966, 3067, 3168, 3269, 3370, 3471, 3572, 3673, 3774, 3875, 3976, 4077, 4178, 4279, 4380, 4481, 4582, 4683, 4784, 4885, 4986]
-5086 = [-5014, -4913, -4812, -4711, -4610, -4509, -4408, -4307, -4206, -4105, -4004, -3903, -3802, -3701, -3636, -3600, -3499, -3398, -3297, -3196, -3095, -2994, -2893, -2792, -2691, -2590, -2489, -2388, -2287, -2186, -2085, -1984, -1883, -1782, -1681, -1580, -1479, -1378, -1277, -1176, -1075, -974, -873, -772, -671, -570, -469, -368, -267, -166, -65, 36, 137, 238, 339, 440, 541, 642, 743, 844, 945, 1046, 1147, 1248, 1349, 1450, 1551, 1652, 1753, 1854, 1955, 2056, 2157, 2258, 2359, 2460, 2561, 2662, 2763, 2864, 2965, 3066, 3167, 3268, 3369, 3470, 3571, 3672, 3773, 3874, 3975, 4076, 4177, 4278, 4379, 4480, 4581, 4682, 4783, 4884, 4985]
-5085 = [-5015, -4914, -4813, -4712, -4611, -4510, -4409, -4308, -4207, -4106, -4005, -3904, -3803, -3702, -3601, -3535, -3500, -3399, -3298, -3197, -3096, -2995, -2894, -2793, -2692, -2591, -2490, -2389, -2288, -2187, -2086, -1985, -1884, -1783, -1682, -1581, -1480, -1379, -1278, -1177, -1076, -975, -874, -773, -672, -571, -470, -369, -268, -167, -66, 35, 136, 237, 338, 439, 540, 641, 742, 843, 944, 1045, 1146, 1247, 1348, 1449, 1550, 1651, 1752, 1853, 1954, 2055, 2156, 2257, 2358, 2459, 2560, 2661, 2762, 2863, 2964, 3065, 3166, 3267, 3368, 3469, 3570, 3671, 3772, 3873, 3974, 4075, 4176, 4277, 4378, 4479, 4580, 4681, 4782, 4883, 4984]
-5084 = [-5016, -4915, -4814, -4713, -4612, -4511, -4410, -4309, -4208, -4107, -4006, -3905, -3804, -3703, -3602, -3501, -3434, -3400, -3299, -3198, -3097, -2996, -2895, -2794, -2693, -2592, -2491, -2390, -2289, -2188, -2087, -1986, -1885, -1784, -1683, -1582, -1481, -1380, -1279, -1178, -1077, -976, -875, -774, -673, -572, -471, -370, -269, -168, -67, 34, 135, 236, 337, 438, 539, 640, 741, 842, 943, 1044, 1145, 1246, 1347, 1448, 1549, 1650, 1751, 1852, 1953, 2054, 2155, 2256, 2357, 2458, 2559, 2660, 2761, 2862, 2963, 3064, 3165, 3266, 3367, 3468, 3569, 3670, 3771, 3872, 3973, 4074, 4175, 4276, 4377, 4478, 4579, 4680, 4781, 4882, 4983]
-5083 = [-5017, -4916, -4815, -4714, -4613, -4512, -4411, -4310, -4209, -4108, -4007, -3906, -3805, -3704, -3603, -3502, -3401, -3333, -3300, -3199, -3098, -2997, -2896, -2795, -2694, -2593, -2492, -2391, -2290, -2189, -2088, -1987, -1886, -1785, -1684, -1583, -1482, -1381, -1280, -1179, -1078, -977, -876, -775, -674, -573, -472, -371, -270, -169, -68, 33, 134, 235, 336, 437, 538, 639, 740, 841, 942, 1043, 1144, 1245, 1346, 1447, 1548, 1649, 1750, 1851, 1952, 2053, 2154, 2255, 2356, 2457, 2558, 2659, 2760, 2861, 2962, 3063, 3164, 3265, 3366, 3467, 3568, 3669, 3770, 3871, 3972, 4073, 4174, 4275, 4376, 4477, 4578, 4679, 4780, 4881, 4982]
-5082 = [-5018, -4917, -4816, -4715, -4614, -4513, -4412, -4311, -4210, -4109, -4008, -3907, -3806, -3705, -3604, -3503, -3402, -3301, -3232, -3200, -3099, -2998, -2897, -2796, -2695, -2594, -2493, -2392, -2291, -2190, -2089, -1988, -1887, -1786, -1685, -1584, -1483, -1382, -1281, -1180, -1079, -978, -877, -776, -675, -574, -473, -372, -271, -170, -69, 32, 133, 234, 335, 436, 537, 638, 739, 840, 941, 1042, 1143, 1244, 1345, 1446, 1547, 1648, 1749, 1850, 1951, 2052, 2153, 2254, 2355, 2456, 2557, 2658, 2759, 2860, 2961, 3062, 3163, 3264, 3365, 3466, 3567, 3668, 3769, 3870, 3971, 4072, 4173, 4274, 4375, 4476, 4577, 4678, 4779, 4880, 4981]
-5081 = [-5019, -4918, -4817, -4716, -4615, -4514, -4413, -4312, -4211, -4110, -4009, -3908, -3807, -3706, -3605, -3504, -3403, -3302, -3201, -3131, -3100, -2999, -2898, -2797, -2696, -2595, -2494, -2393, -2292, -2191, -2090, -1989, -1888, -1787, -1686, -1585, -1484, -1383, -1282, -1181, -1080, -979, -878, -777, -676, -575, -474, -373, -272, -171, -70, 31, 132, 233, 334, 435, 536, 637, 738, 839, 940, 1041, 1142, 1243, 1344, 1445, 1546, 1647, 1748, 1849, 1950, 2051, 2152, 2253, 2354, 2455, 2556, 2657, 2758, 2859, 2960, 3061, 3162, 3263, 3364, 3465, 3566, 3667, 3768, 3869, 3970, 4071, 4172, 4273, 4374, 4475, 4576, 4677, 4778, 4879, 4980]
-5080 = [-5020, -4919, -4818, -4717, -4616, -4515, -4414, -4313, -4212, -4111, -4010, -3909, -3808, -3707, -3606, -3505, -3404, -3303, -3202, -3101, -3030, -3000, -2899, -2798, -2697, -2596, -2495, -2394, -2293, -2192, -2091, -1990, -1889, -1788, -1687, -1586, -1485, -1384, -1283, -1182, -1081, -980, -879, -778, -677, -576, -475, -374, -273, -172, -71, 30, 131, 232, 333, 434, 535, 636, 737, 838, 939, 1040, 1141, 1242, 1343, 1444, 1545, 1646, 1747, 1848, 1949, 2050, 2151, 2252, 2353, 2454, 2555, 2656, 2757, 2858, 2959, 3060, 3161, 3262, 3363, 3464, 3565, 3666, 3767, 3868, 3969, 4070, 4171, 4272, 4373, 4474, 4575, 4676, 4777, 4878, 4979]
-5079 = [-5021, -4920, -4819, -4718, -4617, -4516, -4415, -4314, -4213, -4112, -4011, -3910, -3809, -3708, -3607, -3506, -3405, -3304, -3203, -3102, -3001, -2929, -2900, -2799, -2698, -2597, -2496, -2395, -2294, -2193, -2092, -1991, -1890, -1789, -1688, -1587, -1486, -1385, -1284, -1183, -1082, -981, -880, -779, -678, -577, -476, -375, -274, -173, -72, 29, 130, 231, 332, 433, 534, 635, 736, 837, 938, 1039, 1140, 1241, 1342, 1443, 1544, 1645, 1746, 1847, 1948, 2049, 2150, 2251, 2352, 2453, 2554, 2655, 2756, 2857, 2958, 3059, 3160, 3261, 3362, 3463, 3564, 3665, 3766, 3867, 3968, 4069, 4170, 4271, 4372, 4473, 4574, 4675, 4776, 4877, 4978]
-5078 = [-5022, -4921, -4820, -4719, -4618, -4517, -4416, -4315, -4214, -4113, -4012, -3911, -3810, -3709, -3608, -3507, -3406, -3305, -3204, -3103, -3002, -2901, -2828, -2800, -2699, -2598, -2497, -2396, -2295, -2194, -2093, -1992, -1891, -1790, -1689, -1588, -1487, -1386, -1285, -1184, -1083, -982, -881, -780, -679, -578, -477, -376, -275, -174, -73, 28, 129, 230, 331, 432, 533, 634, 735, 836, 937, 1038, 1139, 1240, 1341, 1442, 1543, 1644, 1745, 1846, 1947, 2048, 2149, 2250, 2351, 2452, 2553, 2654, 2755, 2856, 2957, 3058, 3159, 3260, 3361, 3462, 3563, 3664, 3765, 3866, 3967, 4068, 4169, 4270, 4371, 4472, 4573, 4674, 4775, 4876, 4977]
-5077 = [-5023, -4922, -4821, -4720, -4619, -4518, -4417, -4316, -4215, -4114, -4013, -3912, -3811, -3710, -3609, -3508, -3407, -3306, -3205, -3104, -3003, -2902, -2801, -2727, -2700, -2599, -2498, -2397, -2296, -2195, -2094, -1993, -1892, -1791, -1690, -1589, -1488, -1387, -1286, -1185, -1084, -983, -882, -781, -680, -579, -478, -377, -276, -175, -74, 27, 128, 229, 330, 431, 532, 633, 734, 835, 936, 1037, 1138, 1239, 1340, 1441, 1542, 1643, 1744, 1845, 1946, 2047, 2148, 2249, 2350, 2451, 2552, 2653, 2754, 2855, 2956, 3057, 3158, 3259, 3360, 3461, 3562, 3663, 3764, 3865, 3966, 4067, 4168, 4269, 4370, 4471, 4572, 4673, 4774, 4875, 4976]
-5076 = [-5024, -4923, -4822, -4721, -4620, -4519, -4418, -4317, -4216, -4115, -4014, -3913, -3812, -3711, -3610, -3509, -3408, -3307, -3206, -3105, -3004, -2903, -2802, -2701, -2626, -2600, -2499, -2398, -2297, -2196, -2095, -1994, -1893, -1792, -1691, -1590, -1489, -1388, -1287, -1186, -1085, -984, -883, -782, -681, -580, -479, -378, -277, -176, -75, 26, 127, 228, 329, 430, 531, 632, 733, 834, 935, 1036, 1137, 1238, 1339, 1440, 1541, 1642, 1743, 1844, 1945, 2046, 2147, 2248, 2349, 2450, 2551, 2652, 2753, 2854, 2955, 3056, 3157, 3258, 3359, 3460, 3561, 3662, 3763, 3864, 3965, 4066, 4167, 4268, 4369, 4470, 4571, 4672, 4773, 4874, 4975]
-5075 = [-5025, -4924, -4823, -4722, -4621, -4520, -4419, -4318, -4217, -4116, -4015, -3914, -3813, -3712, -3611, -3510, -3409, -3308, -3207, -3106, -3005, -2904, -2803, -2702, -2601, -2525, -2500, -2399, -2298, -2197, -2096, -1995, -1894, -1793, -1692, -1591, -1490, -1389, -1288, -1187, -1086, -985, -884, -783, -682, -581, -480, -379, -278, -177, -76, 25, 126, 227, 328, 429, 530, 631, 732, 833, 934, 1035, 1136, 1237, 1338, 1439, 1540, 1641, 1742, 1843, 1944, 2045, 2146, 2247, 2348, 2449, 2550, 2651, 2752, 2853, 2954, 3055, 3156, 3257, 3358, 3459, 3560, 3661, 3762, 3863, 3964, 4065, 4166, 4267, 4368, 4469, 4570, 4671, 4772, 4873, 4974]
-5074 = [-5026, -4925, -4824, -4723, -4622, -4521, -4420, -4319, -4218, -4117, -4016, -3915, -3814, -3713, -3612, -3511, -3410, -3309, -3208, -3107, -3006, -2905, -2804, -2703, -2602, -2501, -2424, -2400, -2299, -2198, -2097, -1996, -1895, -1794, -1693, -1592, -1491, -1390, -1289, -1188, -1087, -986, -885, -784, -683, -582, -481, -380, -279, -178, -77, 24, 125, 226, 327, 428, 529, 630, 731, 832, 933, 1034, 1135, 1236, 1337, 1438, 1539, 1640, 1741, 1842, 1943, 2044, 2145, 2246, 2347, 2448, 2549, 2650, 2751, 2852, 2953, 3054, 3155, 3256, 3357, 3458, 3559, 3660, 3761, 3862, 3963, 4064, 4165, 4266, 4367, 4468, 4569, 4670, 4771, 4872, 4973]
-5073 = [-5027, -4926, -4825, -4724, -4623, -4522, -4421, -4320, -4219, -4118, -4017, -3916, -3815, -3714, -3613, -3512, -3411, -3310, -3209, -3108, -3007, -2906, -2805, -2704, -2603, -2502, -2401, -2323, -2300, -2199, -2098, -1997, -1896, -1795, -1694, -1593, -1492, -1391, -1290, -1189, -1088, -987, -886, -785, -684, -583, -482, -381, -280, -179, -78, 23, 124, 225, 326, 427, 528, 629, 730, 831, 932, 1033, 1134, 1235, 1336, 1437, 1538, 1639, 1740, 1841, 1942, 2043, 2144, 2245, 2346, 2447, 2548, 2649, 2750, 2851, 2952, 3053, 3154, 3255, 3356, 3457, 3558, 3659, 3760, 3861, 3962, 4063, 4164, 4265, 4366, 4467, 4568, 4669, 4770, 4871, 4972]
-5072 = [-5028, -4927, -4826, -4725, -4624, -4523, -4422, -4321, -4220, -4119, -4018, -3917, -3816, -3715, -3614, -3513, -3412, -3311, -3210, -3109, -3008, -2907, -2806, -2705, -2604, -2503, -2402, -2301, -2222, -2200, -2099, -1998, -1897, -1796, -1695, -1594, -1493, -1392, -1291, -1190, -1089, -988, -887, -786, -685, -584, -483, -382, -281, -180, -79, 22, 123, 224, 325, 426, 527, 628, 729, 830, 931, 1032, 1133, 1234, 1335, 1436, 1537, 1638, 1739, 1840, 1941, 2042, 2143, 2244, 2345, 2446, 2547, 2648, 2749, 2850, 2951, 3052, 3153, 3254, 3355, 3456, 3557, 3658, 3759, 3860, 3961, 4062, 4163, 4264, 4365, 4466, 4567, 4668, 4769, 4870, 4971]
-5071 = [-5029, -4928, -4827, -4726, -4625, -4524, -4423, -4322, -4221, -4120, -4019, -3918, -3817, -3716, -3615, -3514, -3413, -3312, -3211, -3110, -3009, -2908, -2807, -2706, -2605, -2504, -2403, -2302, -2201, -2121, -2100, -1999, -1898, -1797, -1696, -1595, -1494, -1393, -1292, -1191, -1090, -989, -888, -787, -686, -585, -484, -383, -282, -181, -80, 21, 122, 223, 324, 425, 526, 627, 728, 829, 930, 1031, 1132, 1233, 1334, 1435, 1536, 1637, 1738, 1839, 1940, 2041, 2142, 2243, 2344, 2445, 2546, 2647, 2748, 2849, 2950, 3051, 3152, 3253, 3354, 3455, 3556, 3657, 3758, 3859, 3960, 4061, 4162, 4263, 4364, 4465, 4566, 4667, 4768, 4869, 4970]
-5070 = [-5030, -4929, -4828, -4727, -4626, -4525, -4424, -4323, -4222, -4121, -4020, -3919, -3818, -3717, -3616, -3515, -3414, -3313, -3212, -3111, -3010, -2909, -2808, -2707, -2606, -2505, -2404, -2303, -2202, -2101, -2020, -2000, -1899, -1798, -1697, -1596, -1495, -1394, -1293, -1192, -1091, -990, -889, -788, -687, -586, -485, -384, -283, -182, -81, 20, 121, 222, 323, 424, 525, 626, 727, 828, 929, 1030, 1131, 1232, 1333, 1434, 1535, 1636, 1737, 1838, 1939, 2040, 2141, 2242, 2343, 2444, 2545, 2646, 2747, 2848, 2949, 3050, 3151, 3252, 3353, 3454, 3555, 3656, 3757, 3858, 3959, 4060, 4161, 4262, 4363, 4464, 4565, 4666, 4767, 4868, 4969]
-5069 = [-5031, -4930, -4829, -4728, -4627, -4526, -4425, -4324, -4223, -4122, -4021, -3920, -3819, -3718, -3617, -3516, -3415, -3314, -3213, -3112, -3011, -2910, -2809, -2708, -2607, -2506, -2405, -2304, -2203, -2102, -2001, -1919, -1900, -1799, -1698, -1597, -1496, -1395, -1294, -1193, -1092, -991, -890, -789, -688, -587, -486, -385, -284, -183, -82, 19, 120, 221, 322, 423, 524, 625, 726, 827, 928, 1029, 1130, 1231, 1332, 1433, 1534, 1635, 1736, 1837, 1938, 2039, 2140, 2241, 2342, 2443, 2544, 2645, 2746, 2847, 2948, 3049, 3150, 3251, 3352, 3453, 3554, 3655, 3756, 3857, 3958, 4059, 4160, 4261, 4362, 4463, 4564, 4665, 4766, 4867, 4968]
-5068 = [-5032, -4931, -4830, -4729, -4628, -4527, -4426, -4325, -4224, -4123, -4022, -3921, -3820, -3719, -3618, -3517, -3416, -3315, -3214, -3113, -3012, -2911, -2810, -2709, -2608, -2507, -2406, -2305, -2204, -2103, -2002, -1901, -1818, -1800, -1699, -1598, -1497, -1396, -1295, -1194, -1093, -992, -891, -790, -689, -588, -487, -386, -285, -184, -83, 18, 119, 220, 321, 422, 523, 624, 725, 826, 927, 1028, 1129, 1230, 1331, 1432, 1533, 1634, 1735, 1836, 1937, 2038, 2139, 2240, 2341, 2442, 2543, 2644, 2745, 2846, 2947, 3048, 3149, 3250, 3351, 3452, 3553, 3654, 3755, 3856, 3957, 4058, 4159, 4260, 4361, 4462, 4563, 4664, 4765, 4866, 4967]
-5067 = [-5033, -4932, -4831, -4730, -4629, -4528, -4427, -4326, -4225, -4124, -4023, -3922, -3821, -3720, -3619, -3518, -3417, -3316, -3215, -3114, -3013, -2912, -2811, -2710, -2609, -2508, -2407, -2306, -2205, -2104, -2003, -1902, -1801, -1717, -1700, -1599, -1498, -1397, -1296, -1195, -1094, -993, -892, -791, -690, -589, -488, -387, -286, -185, -84, 17, 118, 219, 320, 421, 522, 623, 724, 825, 926, 1027, 1128, 1229, 1330, 1431, 1532, 1633, 1734, 1835, 1936, 2037, 2138, 2239, 2340, 2441, 2542, 2643, 2744, 2845, 2946, 3047, 3148, 3249, 3350, 3451, 3552, 3653, 3754, 3855, 3956, 4057, 4158, 4259, 4360, 4461, 4562, 4663, 4764, 4865, 4966]
-5066 = [-5034, -4933, -4832, -4731, -4630, -4529, -4428, -4327, -4226, -4125, -4024, -3923, -3822, -3721, -3620, -3519, -3418, -3317, -3216, -3115, -3014, -2913, -2812, -2711, -2610, -2509, -2408, -2307, -2206, -2105, -2004, -1903, -1802, -1701, -1616, -1600, -1499, -1398, -1297, -1196, -1095, -994, -893, -792, -691, -590, -489, -388, -287, -186, -85, 16, 117, 218, 319, 420, 521, 622, 723, 824, 925, 1026, 1127, 1228, 1329, 1430, 1531, 1632, 1733, 1834, 1935, 2036, 2137, 2238, 2339, 2440, 2541, 2642, 2743, 2844, 2945, 3046, 3147, 3248, 3349, 3450, 3551, 3652, 3753, 3854, 3955, 4056, 4157, 4258, 4359, 4460, 4561, 4662, 4763, 4864, 4965]
-5065 = [-5035, -4934, -4833, -4732, -4631, -4530, -4429, -4328, -4227, -4126, -4025, -3924, -3823, -3722, -3621, -3520, -3419, -3318, -3217, -3116, -3015, -2914, -2813, -2712, -2611, -2510, -2409, -2308, -2207, -2106, -2005, -1904, -1803, -1702, -1601, -1515, -1500, -1399, -1298, -1197, -1096, -995, -894, -793, -692, -591, -490, -389, -288, -187, -86, 15, 116, 217, 318, 419, 520, 621, 722, 823, 924, 1025, 1126, 1227, 1328, 1429, 1530, 1631, 1732, 1833, 1934, 2035, 2136, 2237, 2338, 2439, 2540, 2641, 2742, 2843, 2944, 3045, 3146, 3247, 3348, 3449, 3550, 3651, 3752, 3853, 3954, 4055, 4156, 4257, 4358, 4459, 4560, 4661, 4762, 4863, 4964]
-5064 = [-5036, -4935, -4834, -4733, -4632, -4531, -4430, -4329, -4228, -4127, -4026, -3925, -3824, -3723, -3622, -3521, -3420, -3319, -3218, -3117, -3016, -2915, -2814, -2713, -2612, -2511, -2410, -2309, -2208, -2107, -2006, -1905, -1804, -1703, -1602, -1501, -1414, -1400, -1299, -1198, -1097, -996, -895, -794, -693, -592, -491, -390, -289, -188, -87, 14, 115, 216, 317, 418, 519, 620, 721, 822, 923, 1024, 1125, 1226, 1327, 1428, 1529, 1630, 1731, 1832, 1933, 2034, 2135, 2236, 2337, 2438, 2539, 2640, 2741, 2842, 2943, 3044, 3145, 3246, 3347, 3448, 3549, 3650, 3751, 3852, 3953, 4054, 4155, 4256, 4357, 4458, 4559, 4660, 4761, 4862, 4963]
-5063 = [-5037, -4936, -4835, -4734, -4633, -4532, -4431, -4330, -4229, -4128, -4027, -3926, -3825, -3724, -3623, -3522, -3421, -3320, -3219, -3118, -3017, -2916, -2815, -2714, -2613, -2512, -2411, -2310, -2209, -2108, -2007, -1906, -1805, -1704, -1603, -1502, -1401, -1313, -1300, -1199, -1098, -997, -896, -795, -694, -593, -492, -391, -290, -189, -88, 13, 114, 215, 316, 417, 518, 619, 720, 821, 922, 1023, 1124, 1225, 1326, 1427, 1528, 1629, 1730, 1831, 1932, 2033, 2134, 2235, 2336, 2437, 2538, 2639, 2740, 2841, 2942, 3043, 3144, 3245, 3346, 3447, 3548, 3649, 3750, 3851, 3952, 4053, 4154, 4255, 4356, 4457, 4558, 4659, 4760, 4861, 4962]
-5062 = [-5038, -4937, -4836, -4735, -4634, -4533, -4432, -4331, -4230, -4129, -4028, -3927, -3826, -3725, -3624, -3523, -3422, -3321, -3220, -3119, -3018, -2917, -2816, -2715, -2614, -2513, -2412, -2311, -2210, -2109, -2008, -1907, -1806, -1705, -1604, -1503, -1402, -1301, -1212, -1200, -1099, -998, -897, -796, -695, -594, -493, -392, -291, -190, -89, 12, 113, 214, 315, 416, 517, 618, 719, 820, 921, 1022, 1123, 1224, 1325, 1426, 1527, 1628, 1729, 1830, 1931, 2032, 2133, 2234, 2335, 2436, 2537, 2638, 2739, 2840, 2941, 3042, 3143, 3244, 3345, 3446, 3547, 3648, 3749, 3850, 3951, 4052, 4153, 4254, 4355, 4456, 4557, 4658, 4759, 4860, 4961]
-5061 = [-5039, -4938, -4837, -4736, -4635, -4534, -4433, -4332, -4231, -4130, -4029, -3928, -3827, -3726, -3625, -3524, -3423, -3322, -3221, -3120, -3019, -2918, -2817, -2716, -2615, -2514, -2413, -2312, -2211, -2110, -2009, -1908, -1807, -1706, -1605, -1504, -1403, -1302, -1201, -1111, -1100, -999, -898, -797, -696, -595, -494, -393, -292, -191, -90, 11, 112, 213, 314, 415, 516, 617, 718, 819, 920, 1021, 1122, 1223, 1324, 1425, 1526, 1627, 1728, 1829, 1930, 2031, 2132, 2233, 2334, 2435, 2536, 2637, 2738, 2839, 2940, 3041, 3142, 3243, 3344, 3445, 3546, 3647, 3748, 3849, 3950, 4051, 4152, 4253, 4354, 4455, 4556, 4657, 4758, 4859, 4960]
-5060 = [-5040, -4939, -4838, -4737, -4636, -4535, -4434, -4333, -4232, -4131, -4030, -3929, -3828, -3727, -3626, -3525, -3424, -3323, -3222, -3121, -3020, -2919, -2818, -2717, -2616, -2515, -2414, -2313, -2212, -2111, -2010, -1909, -1808, -1707, -1606, -1505, -1404, -1303, -1202, -1101, -1010, -1000, -899, -798, -697, -596, -495, -394, -293, -192, -91, 10, 111, 212, 313, 414, 515, 616, 717, 818, 919, 1020, 1121, 1222, 1323, 1424, 1525, 1626, 1727, 1828, 1929, 2030, 2131, 2232, 2333, 2434, 2535, 2636, 2737, 2838, 2939, 3040, 3141, 3242, 3343, 3444, 3545, 3646, 3747, 3848, 3949, 4050, 4151, 4252, 4353, 4454, 4555, 4656, 4757, 4858, 4959]
-5059 = [-5041, -4940, -4839, -4738, -4637, -4536, -4435, -4334, -4233, -4132, -4031, -3930, -3829, -3728, -3627, -3526, -3425, -3324, -3223, -3122, -3021, -2920, -2819, -2718, -2617, -2516, -2415, -2314, -2213, -2112, -2011, -1910, -1809, -1708, -1607, -1506, -1405, -1304, -1203, -1102, -1001, -909, -900, -799, -698, -597, -496, -395, -294, -193, -92, 9, 110, 211, 312, 413, 514, 615, 716, 817, 918, 1019, 1120, 1221, 1322, 1423, 1524, 1625, 1726, 1827, 1928, 2029, 2130, 2231, 2332, 2433, 2534, 2635, 2736, 2837, 2938, 3039, 3140, 3241, 3342, 3443, 3544, 3645, 3746, 3847, 3948, 4049, 4150, 4251, 4352, 4453, 4554, 4655, 4756, 4857, 4958]
-5058 = [-5042, -4941, -4840, -4739, -4638, -4537, -4436, -4335, -4234, -4133, -4032, -3931, -3830, -3729, -3628, -3527, -3426, -3325, -3224, -3123, -3022, -2921, -2820, -2719, -2618, -2517, -2416, -2315, -2214, -2113, -2012, -1911, -1810, -1709, -1608, -1507, -1406, -1305, -1204, -1103, -1002, -901, -808, -800, -699, -598, -497, -396, -295, -194, -93, 8, 109, 210, 311, 412, 513, 614, 715, 816, 917, 1018, 1119, 1220, 1321, 1422, 1523, 1624, 1725, 1826, 1927, 2028, 2129, 2230, 2331, 2432, 2533, 2634, 2735, 2836, 2937, 3038, 3139, 3240, 3341, 3442, 3543, 3644, 3745, 3846, 3947, 4048, 4149, 4250, 4351, 4452, 4553, 4654, 4755, 4856, 4957]
-5057 = [-5043, -4942, -4841, -4740, -4639, -4538, -4437, -4336, -4235, -4134, -4033, -3932, -3831, -3730, -3629, -3528, -3427, -3326, -3225, -3124, -3023, -2922, -2821, -2720, -2619, -2518, -2417, -2316, -2215, -2114, -2013, -1912, -1811, -1710, -1609, -1508, -1407, -1306, -1205, -1104, -1003, -902, -801, -707, -700, -599, -498, -397, -296, -195, -94, 7, 108, 209, 310, 411, 512, 613, 714, 815, 916, 1017, 1118, 1219, 1320, 1421, 1522, 1623, 1724, 1825, 1926, 2027, 2128, 2229, 2330, 2431, 2532, 2633, 2734, 2835, 2936, 3037, 3138, 3239, 3340, 3441, 3542, 3643, 3744, 3845, 3946, 4047, 4148, 4249, 4350, 4451, 4552, 4653, 4754, 4855, 4956]
-5056 = [-5044, -4943, -4842, -4741, -4640, -4539, -4438, -4337, -4236, -4135, -4034, -3933, -3832, -3731, -3630, -3529, -3428, -3327, -3226, -3125, -3024, -2923, -2822, -2721, -2620, -2519, -2418, -2317, -2216, -2115, -2014, -1913, -1812, -1711, -1610, -1509, -1408, -1307, -1206, -1105, -1004, -903, -802, -701, -606, -600, -499, -398, -297, -196, -95, 6, 107, 208, 309, 410, 511, 612, 713, 814, 915, 1016, 1117, 1218, 1319, 1420, 1521, 1622, 1723, 1824, 1925, 2026, 2127, 2228, 2329, 2430, 2531, 2632, 2733, 2834, 2935, 3036, 3137, 3238, 3339, 3440, 3541, 3642, 3743, 3844, 3945, 4046, 4147, 4248, 4349, 4450, 4551, 4652, 4753, 4854, 4955]
-5055 = [-5045, -4944, -4843, -4742, -4641, -4540, -4439, -4338, -4237, -4136, -4035, -3934, -3833, -3732, -3631, -3530, -3429, -3328, -3227, -3126, -3025, -2924, -2823, -2722, -2621, -2520, -2419, -2318, -2217, -2116, -2015, -1914, -1813, -1712, -1611, -1510, -1409, -1308, -1207, -1106, -1005, -904, -803, -702, -601, -505, -500, -399, -298, -197, -96, 5, 106, 207, 308, 409, 510, 611, 712, 813, 914, 1015, 1116, 1217, 1318, 1419, 1520, 1621, 1722, 1823, 1924, 2025, 2126, 2227, 2328, 2429, 2530, 2631, 2732, 2833, 2934, 3035, 3136, 3237, 3338, 3439, 3540, 3641, 3742, 3843, 3944, 4045, 4146, 4247, 4348, 4449, 4550, 4651, 4752, 4853, 4954]
-5054 = [-5046, -4945, -4844, -4743, -4642, -4541, -4440, -4339, -4238, -4137, -4036, -3935, -3834, -3733, -3632, -3531, -3430, -3329, -3228, -3127, -3026, -2925, -2824, -2723, -2622, -2521, -2420, -2319, -2218, -2117, -2016, -1915, -1814, -1713, -1612, -1511, -1410, -1309, -1208, -1107, -1006, -905, -804, -703, -602, -501, -404, -400, -299, -198, -97, 4, 105, 206, 307, 408, 509, 610, 711, 812, 913, 1014, 1115, 1216, 1317, 1418, 1519, 1620, 1721, 1822, 1923, 2024, 2125, 2226, 2327, 2428, 2529, 2630, 2731, 2832, 2933, 3034, 3135, 3236, 3337, 3438, 3539, 3640, 3741, 3842, 3943, 4044, 4145, 4246, 4347, 4448, 4549, 4650, 4751, 4852, 4953]
-5053 = [-5047, -4946, -4845, -4744, -4643, -4542, -4441, -4340, -4239, -4138, -4037, -3936, -3835, -3734, -3633, -3532, -3431, -3330, -3229, -3128, -3027, -2926, -2825, -2724, -2623, -2522, -2421, -2320, -2219, -2118, -2017, -1916, -1815, -1714, -1613, -1512, -1411, -1310, -1209, -1108, -1007, -906, -805, -704, -603, -502, -401, -303, -300, -199, -98, 3, 104, 205, 306, 407, 508, 609, 710, 811, 912, 1013, 1114, 1215, 1316, 1417, 1518, 1619, 1720, 1821, 1922, 2023, 2124, 2225, 2326, 2427, 2528, 2629, 2730, 2831, 2932, 3033, 3134, 3235, 3336, 3437, 3538, 3639, 3740, 3841, 3942, 4043, 4144, 4245, 4346, 4447, 4548, 4649, 4750, 4851, 4952]
-5052 = [-5048, -4947, -4846, -4745, -4644, -4543, -4442, -4341, -4240, -4139, -4038, -3937, -3836, -3735, -3634, -3533, -3432, -3331, -3230, -3129, -3028, -2927, -2826, -2725, -2624, -2523, -2422, -2321, -2220, -2119, -2018, -1917, -1816, -1715, -1614, -1513, -1412, -1311, -1210, -1109, -1008, -907, -806, -705, -604, -503, -402, -301, -202, -200, -99, 2, 103, 204, 305, 406, 507, 608, 709, 810, 911, 1012, 1113, 1214, 1315, 1416, 1517, 1618, 1719, 1820, 1921, 2022, 2123, 2224, 2325, 2426, 2527, 2628, 2729, 2830, 2931, 3032, 3133, 3234, 3335, 3436, 3537, 3638, 3739, 3840, 3941, 4042, 4143, 4244, 4345, 4446, 4547, 4648, 4749, 4850, 4951]
-5051 = [-5049, -4948, -4847, -4746, -4645, -4544, -4443, -4342, -4241, -4140, -4039, -3938, -3837, -3736, -3635, -3534, -3433, -3332, -3231, -3130, -3029, -2928, -2827, -2726, -2625, -2524, -2423, -2322, -2221, -2120, -2019, -1918, -1817, -1716, -1615, -1514, -1413, -1312, -1211, -1110, -1009, -908, -807, -706, -605, -504, -403, -302, -201, -101, -100, 1, 102, 203, 304, 405, 506, 607, 708, 809, 910, 1011, 1112, 1213, 1314, 1415, 1516, 1617, 1718, 1819, 1920, 2021, 2122, 2223, 2324, 2425, 2526, 2627, 2728, 2829, 2930, 3031, 3132, 3233, 3334, 3435, 3536, 3637, 3738, 3839, 3940, 4041, 4142, 4243, 4344, 4445, 4546, 4647, 4748, 4849, 4950]
