Maximum values for m = 1681 and d = 21:
821 = [-780, -739, -698, -657, -616, -575, -534, -493, -452, -411, -370, -329, -288, -247, -206, -165, -124, -83, -42, -1, 40, 41, 81, 122, 163, 204, 245, 286, 327, 368, 409, 450, 491, 532, 573, 614, 655, 696, 737, 778, 819]
822 = [-781, -740, -699, -658, -617, -576, -535, -494, -453, -412, -371, -330, -289, -248, -207, -166, -125, -84, -43, -2, 39, 80, 82, 121, 162, 203, 244, 285, 326, 367, 408, 449, 490, 531, 572, 613, 654, 695, 736, 777, 818]
823 = [-782, -741, -700, -659, -618, -577, -536, -495, -454, -413, -372, -331, -290, -249, -208, -167, -126, -85, -44, -3, 38, 79, 120, 123, 161, 202, 243, 284, 325, 366, 407, 448, 489, 530, 571, 612, 653, 694, 735, 776, 817]
824 = [-783, -742, -701, -660, -619, -578, -537, -496, -455, -414, -373, -332, -291, -250, -209, -168, -127, -86, -45, -4, 37, 78, 119, 160, 164, 201, 242, 283, 324, 365, 406, 447, 488, 529, 570, 611, 652, 693, 734, 775, 816]
825 = [-784, -743, -702, -661, -620, -579, -538, -497, -456, -415, -374, -333, -292, -251, -210, -169, -128, -87, -46, -5, 36, 77, 118, 159, 200, 205, 241, 282, 323, 364, 405, 446, 487, 528, 569, 610, 651, 692, 733, 774, 815]
826 = [-785, -744, -703, -662, -621, -580, -539, -498, -457, -416, -375, -334, -293, -252, -211, -170, -129, -88, -47, -6, 35, 76, 117, 158, 199, 240, 246, 281, 322, 363, 404, 445, 486, 527, 568, 609, 650, 691, 732, 773, 814]
827 = [-786, -745, -704, -663, -622, -581, -540, -499, -458, -417, -376, -335, -294, -253, -212, -171, -130, -89, -48, -7, 34, 75, 116, 157, 198, 239, 280, 287, 321, 362, 403, 444, 485, 526, 567, 608, 649, 690, 731, 772, 813]
828 = [-787, -746, -705, -664, -623, -582, -541, -500, -459, -418, -377, -336, -295, -254, -213, -172, -131, -90, -49, -8, 33, 74, 115, 156, 197, 238, 279, 320, 328, 361, 402, 443, 484, 525, 566, 607, 648, 689, 730, 771, 812]
829 = [-788, -747, -706, -665, -624, -583, -542, -501, -460, -419, -378, -337, -296, -255, -214, -173, -132, -91, -50, -9, 32, 73, 114, 155, 196, 237, 278, 319, 360, 369, 401, 442, 483, 524, 565, 606, 647, 688, 729, 770, 811]
830 = [-789, -748, -707, -666, -625, -584, -543, -502, -461, -420, -379, -338, -297, -256, -215, -174, -133, -92, -51, -10, 31, 72, 113, 154, 195, 236, 277, 318, 359, 400, 410, 441, 482, 523, 564, 605, 646, 687, 728, 769, 810]
831 = [-790, -749, -708, -667, -626, -585, -544, -503, -462, -421, -380, -339, -298, -257, -216, -175, -134, -93, -52, -11, 30, 71, 112, 153, 194, 235, 276, 317, 358, 399, 440, 451, 481, 522, 563, 604, 645, 686, 727, 768, 809]
832 = [-791, -750, -709, -668, -627, -586, -545, -504, -463, -422, -381, -340, -299, -258, -217, -176, -135, -94, -53, -12, 29, 70, 111, 152, 193, 234, 275, 316, 357, 398, 439, 480, 492, 521, 562, 603, 644, 685, 726, 767, 808]
833 = [-792, -751, -710, -669, -628, -587, -546, -505, -464, -423, -382, -341, -300, -259, -218, -177, -136, -95, -54, -13, 28, 69, 110, 151, 192, 233, 274, 315, 356, 397, 438, 479, 520, 533, 561, 602, 643, 684, 725, 766, 807]
834 = [-793, -752, -711, -670, -629, -588, -547, -506, -465, -424, -383, -342, -301, -260, -219, -178, -137, -96, -55, -14, 27, 68, 109, 150, 191, 232, 273, 314, 355, 396, 437, 478, 519, 560, 574, 601, 642, 683, 724, 765, 806]
835 = [-794, -753, -712, -671, -630, -589, -548, -507, -466, -425, -384, -343, -302, -261, -220, -179, -138, -97, -56, -15, 26, 67, 108, 149, 190, 231, 272, 313, 354, 395, 436, 477, 518, 559, 600, 615, 641, 682, 723, 764, 805]
836 = [-795, -754, -713, -672, -631, -590, -549, -508, -467, -426, -385, -344, -303, -262, -221, -180, -139, -98, -57, -16, 25, 66, 107, 148, 189, 230, 271, 312, 353, 394, 435, 476, 517, 558, 599, 640, 656, 681, 722, 763, 804]
837 = [-796, -755, -714, -673, -632, -591, -550, -509, -468, -427, -386, -345, -304, -263, -222, -181, -140, -99, -58, -17, 24, 65, 106, 147, 188, 229, 270, 311, 352, 393, 434, 475, 516, 557, 598, 639, 680, 697, 721, 762, 803]
838 = [-797, -756, -715, -674, -633, -592, -551, -510, -469, -428, -387, -346, -305, -264, -223, -182, -141, -100, -59, -18, 23, 64, 105, 146, 187, 228, 269, 310, 351, 392, 433, 474, 515, 556, 597, 638, 679, 720, 738, 761, 802]
839 = [-798, -757, -716, -675, -634, -593, -552, -511, -470, -429, -388, -347, -306, -265, -224, -183, -142, -101, -60, -19, 22, 63, 104, 145, 186, 227, 268, 309, 350, 391, 432, 473, 514, 555, 596, 637, 678, 719, 760, 779, 801]
840 = [-799, -758, -717, -676, -635, -594, -553, -512, -471, -430, -389, -348, -307, -266, -225, -184, -143, -102, -61, -20, 21, 62, 103, 144, 185, 226, 267, 308, 349, 390, 431, 472, 513, 554, 595, 636, 677, 718, 759, 800, 820]
-840 = [-820, -800, -759, -718, -677, -636, -595, -554, -513, -472, -431, -390, -349, -308, -267, -226, -185, -144, -103, -62, -21, 20, 61, 102, 143, 184, 225, 266, 307, 348, 389, 430, 471, 512, 553, 594, 635, 676, 717, 758, 799]
-839 = [-801, -779, -760, -719, -678, -637, -596, -555, -514, -473, -432, -391, -350, -309, -268, -227, -186, -145, -104, -63, -22, 19, 60, 101, 142, 183, 224, 265, 306, 347, 388, 429, 470, 511, 552, 593, 634, 675, 716, 757, 798]
-838 = [-802, -761, -738, -720, -679, -638, -597, -556, -515, -474, -433, -392, -351, -310, -269, -228, -187, -146, -105, -64, -23, 18, 59, 100, 141, 182, 223, 264, 305, 346, 387, 428, 469, 510, 551, 592, 633, 674, 715, 756, 797]
-837 = [-803, -762, -721, -697, -680, -639, -598, -557, -516, -475, -434, -393, -352, -311, -270, -229, -188, -147, -106, -65, -24, 17, 58, 99, 140, 181, 222, 263, 304, 345, 386, 427, 468, 509, 550, 591, 632, 673, 714, 755, 796]
-836 = [-804, -763, -722, -681, -656, -640, -599, -558, -517, -476, -435, -394, -353, -312, -271, -230, -189, -148, -107, -66, -25, 16, 57, 98, 139, 180, 221, 262, 303, 344, 385, 426, 467, 508, 549, 590, 631, 672, 713, 754, 795]
-835 = [-805, -764, -723, -682, -641, -615, -600, -559, -518, -477, -436, -395, -354, -313, -272, -231, -190, -149, -108, -67, -26, 15, 56, 97, 138, 179, 220, 261, 302, 343, 384, 425, 466, 507, 548, 589, 630, 671, 712, 753, 794]
-834 = [-806, -765, -724, -683, -642, -601, -574, -560, -519, -478, -437, -396, -355, -314, -273, -232, -191, -150, -109, -68, -27, 14, 55, 96, 137, 178, 219, 260, 301, 342, 383, 424, 465, 506, 547, 588, 629, 670, 711, 752, 793]
-833 = [-807, -766, -725, -684, -643, -602, -561, -533, -520, -479, -438, -397, -356, -315, -274, -233, -192, -151, -110, -69, -28, 13, 54, 95, 136, 177, 218, 259, 300, 341, 382, 423, 464, 505, 546, 587, 628, 669, 710, 751, 792]
-832 = [-808, -767, -726, -685, -644, -603, -562, -521, -492, -480, -439, -398, -357, -316, -275, -234, -193, -152, -111, -70, -29, 12, 53, 94, 135, 176, 217, 258, 299, 340, 381, 422, 463, 504, 545, 586, 627, 668, 709, 750, 791]
-831 = [-809, -768, -727, -686, -645, -604, -563, -522, -481, -451, -440, -399, -358, -317, -276, -235, -194, -153, -112, -71, -30, 11, 52, 93, 134, 175, 216, 257, 298, 339, 380, 421, 462, 503, 544, 585, 626, 667, 708, 749, 790]
-830 = [-810, -769, -728, -687, -646, -605, -564, -523, -482, -441, -410, -400, -359, -318, -277, -236, -195, -154, -113, -72, -31, 10, 51, 92, 133, 174, 215, 256, 297, 338, 379, 420, 461, 502, 543, 584, 625, 666, 707, 748, 789]
-829 = [-811, -770, -729, -688, -647, -606, -565, -524, -483, -442, -401, -369, -360, -319, -278, -237, -196, -155, -114, -73, -32, 9, 50, 91, 132, 173, 214, 255, 296, 337, 378, 419, 460, 501, 542, 583, 624, 665, 706, 747, 788]
-828 = [-812, -771, -730, -689, -648, -607, -566, -525, -484, -443, -402, -361, -328, -320, -279, -238, -197, -156, -115, -74, -33, 8, 49, 90, 131, 172, 213, 254, 295, 336, 377, 418, 459, 500, 541, 582, 623, 664, 705, 746, 787]
-827 = [-813, -772, -731, -690, -649, -608, -567, -526, -485, -444, -403, -362, -321, -287, -280, -239, -198, -157, -116, -75, -34, 7, 48, 89, 130, 171, 212, 253, 294, 335, 376, 417, 458, 499, 540, 581, 622, 663, 704, 745, 786]
-826 = [-814, -773, -732, -691, -650, -609, -568, -527, -486, -445, -404, -363, -322, -281, -246, -240, -199, -158, -117, -76, -35, 6, 47, 88, 129, 170, 211, 252, 293, 334, 375, 416, 457, 498, 539, 580, 621, 662, 703, 744, 785]
-825 = [-815, -774, -733, -692, -651, -610, -569, -528, -487, -446, -405, -364, -323, -282, -241, -205, -200, -159, -118, -77, -36, 5, 46, 87, 128, 169, 210, 251, 292, 333, 374, 415, 456, 497, 538, 579, 620, 661, 702, 743, 784]
-824 = [-816, -775, -734, -693, -652, -611, -570, -529, -488, -447, -406, -365, -324, -283, -242, -201, -164, -160, -119, -78, -37, 4, 45, 86, 127, 168, 209, 250, 291, 332, 373, 414, 455, 496, 537, 578, 619, 660, 701, 742, 783]
-823 = [-817, -776, -735, -694, -653, -612, -571, -530, -489, -448, -407, -366, -325, -284, -243, -202, -161, -123, -120, -79, -38, 3, 44, 85, 126, 167, 208, 249, 290, 331, 372, 413, 454, 495, 536, 577, 618, 659, 700, 741, 782]
-822 = [-818, -777, -736, -695, -654, -613, -572, -531, -490, -449, -408, -367, -326, -285, -244, -203, -162, -121, -82, -80, -39, 2, 43, 84, 125, 166, 207, 248, 289, 330, 371, 412, 453, 494, 535, 576, 617, 658, 699, 740, 781]
-821 = [-819, -778, -737, -696, -655, -614, -573, -532, -491, -450, -409, -368, -327, -286, -245, -204, -163, -122, -81, -41, -40, 1, 42, 83, 124, 165, 206, 247, 288, 329, 370, 411, 452, 493, 534, 575, 616, 657, 698, 739, 780]
