Maximum values for m = 5041 and d = 36:
2486 = [-2415, -2344, -2273, -2202, -2131, -2060, -1989, -1918, -1847, -1776, -1705, -1634, -1563, -1492, -1421, -1350, -1279, -1208, -1137, -1066, -995, -924, -853, -782, -711, -640, -569, -498, -427, -356, -285, -214, -143, -72, -1, 70, 71, 141, 212, 283, 354, 425, 496, 567, 638, 709, 780, 851, 922, 993, 1064, 1135, 1206, 1277, 1348, 1419, 1490, 1561, 1632, 1703, 1774, 1845, 1916, 1987, 2058, 2129, 2200, 2271, 2342, 2413, 2484]
2487 = [-2416, -2345, -2274, -2203, -2132, -2061, -1990, -1919, -1848, -1777, -1706, -1635, -1564, -1493, -1422, -1351, -1280, -1209, -1138, -1067, -996, -925, -854, -783, -712, -641, -570, -499, -428, -357, -286, -215, -144, -73, -2, 69, 140, 142, 211, 282, 353, 424, 495, 566, 637, 708, 779, 850, 921, 992, 1063, 1134, 1205, 1276, 1347, 1418, 1489, 1560, 1631, 1702, 1773, 1844, 1915, 1986, 2057, 2128, 2199, 2270, 2341, 2412, 2483]
2488 = [-2417, -2346, -2275, -2204, -2133, -2062, -1991, -1920, -1849, -1778, -1707, -1636, -1565, -1494, -1423, -1352, -1281, -1210, -1139, -1068, -997, -926, -855, -784, -713, -642, -571, -500, -429, -358, -287, -216, -145, -74, -3, 68, 139, 210, 213, 281, 352, 423, 494, 565, 636, 707, 778, 849, 920, 991, 1062, 1133, 1204, 1275, 1346, 1417, 1488, 1559, 1630, 1701, 1772, 1843, 1914, 1985, 2056, 2127, 2198, 2269, 2340, 2411, 2482]
2489 = [-2418, -2347, -2276, -2205, -2134, -2063, -1992, -1921, -1850, -1779, -1708, -1637, -1566, -1495, -1424, -1353, -1282, -1211, -1140, -1069, -998, -927, -856, -785, -714, -643, -572, -501, -430, -359, -288, -217, -146, -75, -4, 67, 138, 209, 280, 284, 351, 422, 493, 564, 635, 706, 777, 848, 919, 990, 1061, 1132, 1203, 1274, 1345, 1416, 1487, 1558, 1629, 1700, 1771, 1842, 1913, 1984, 2055, 2126, 2197, 2268, 2339, 2410, 2481]
2490 = [-2419, -2348, -2277, -2206, -2135, -2064, -1993, -1922, -1851, -1780, -1709, -1638, -1567, -1496, -1425, -1354, -1283, -1212, -1141, -1070, -999, -928, -857, -786, -715, -644, -573, -502, -431, -360, -289, -218, -147, -76, -5, 66, 137, 208, 279, 350, 355, 421, 492, 563, 634, 705, 776, 847, 918, 989, 1060, 1131, 1202, 1273, 1344, 1415, 1486, 1557, 1628, 1699, 1770, 1841, 1912, 1983, 2054, 2125, 2196, 2267, 2338, 2409, 2480]
2491 = [-2420, -2349, -2278, -2207, -2136, -2065, -1994, -1923, -1852, -1781, -1710, -1639, -1568, -1497, -1426, -1355, -1284, -1213, -1142, -1071, -1000, -929, -858, -787, -716, -645, -574, -503, -432, -361, -290, -219, -148, -77, -6, 65, 136, 207, 278, 349, 420, 426, 491, 562, 633, 704, 775, 846, 917, 988, 1059, 1130, 1201, 1272, 1343, 1414, 1485, 1556, 1627, 1698, 1769, 1840, 1911, 1982, 2053, 2124, 2195, 2266, 2337, 2408, 2479]
2492 = [-2421, -2350, -2279, -2208, -2137, -2066, -1995, -1924, -1853, -1782, -1711, -1640, -1569, -1498, -1427, -1356, -1285, -1214, -1143, -1072, -1001, -930, -859, -788, -717, -646, -575, -504, -433, -362, -291, -220, -149, -78, -7, 64, 135, 206, 277, 348, 419, 490, 497, 561, 632, 703, 774, 845, 916, 987, 1058, 1129, 1200, 1271, 1342, 1413, 1484, 1555, 1626, 1697, 1768, 1839, 1910, 1981, 2052, 2123, 2194, 2265, 2336, 2407, 2478]
2493 = [-2422, -2351, -2280, -2209, -2138, -2067, -1996, -1925, -1854, -1783, -1712, -1641, -1570, -1499, -1428, -1357, -1286, -1215, -1144, -1073, -1002, -931, -860, -789, -718, -647, -576, -505, -434, -363, -292, -221, -150, -79, -8, 63, 134, 205, 276, 347, 418, 489, 560, 568, 631, 702, 773, 844, 915, 986, 1057, 1128, 1199, 1270, 1341, 1412, 1483, 1554, 1625, 1696, 1767, 1838, 1909, 1980, 2051, 2122, 2193, 2264, 2335, 2406, 2477]
2494 = [-2423, -2352, -2281, -2210, -2139, -2068, -1997, -1926, -1855, -1784, -1713, -1642, -1571, -1500, -1429, -1358, -1287, -1216, -1145, -1074, -1003, -932, -861, -790, -719, -648, -577, -506, -435, -364, -293, -222, -151, -80, -9, 62, 133, 204, 275, 346, 417, 488, 559, 630, 639, 701, 772, 843, 914, 985, 1056, 1127, 1198, 1269, 1340, 1411, 1482, 1553, 1624, 1695, 1766, 1837, 1908, 1979, 2050, 2121, 2192, 2263, 2334, 2405, 2476]
2495 = [-2424, -2353, -2282, -2211, -2140, -2069, -1998, -1927, -1856, -1785, -1714, -1643, -1572, -1501, -1430, -1359, -1288, -1217, -1146, -1075, -1004, -933, -862, -791, -720, -649, -578, -507, -436, -365, -294, -223, -152, -81, -10, 61, 132, 203, 274, 345, 416, 487, 558, 629, 700, 710, 771, 842, 913, 984, 1055, 1126, 1197, 1268, 1339, 1410, 1481, 1552, 1623, 1694, 1765, 1836, 1907, 1978, 2049, 2120, 2191, 2262, 2333, 2404, 2475]
2496 = [-2425, -2354, -2283, -2212, -2141, -2070, -1999, -1928, -1857, -1786, -1715, -1644, -1573, -1502, -1431, -1360, -1289, -1218, -1147, -1076, -1005, -934, -863, -792, -721, -650, -579, -508, -437, -366, -295, -224, -153, -82, -11, 60, 131, 202, 273, 344, 415, 486, 557, 628, 699, 770, 781, 841, 912, 983, 1054, 1125, 1196, 1267, 1338, 1409, 1480, 1551, 1622, 1693, 1764, 1835, 1906, 1977, 2048, 2119, 2190, 2261, 2332, 2403, 2474]
2497 = [-2426, -2355, -2284, -2213, -2142, -2071, -2000, -1929, -1858, -1787, -1716, -1645, -1574, -1503, -1432, -1361, -1290, -1219, -1148, -1077, -1006, -935, -864, -793, -722, -651, -580, -509, -438, -367, -296, -225, -154, -83, -12, 59, 130, 201, 272, 343, 414, 485, 556, 627, 698, 769, 840, 852, 911, 982, 1053, 1124, 1195, 1266, 1337, 1408, 1479, 1550, 1621, 1692, 1763, 1834, 1905, 1976, 2047, 2118, 2189, 2260, 2331, 2402, 2473]
2498 = [-2427, -2356, -2285, -2214, -2143, -2072, -2001, -1930, -1859, -1788, -1717, -1646, -1575, -1504, -1433, -1362, -1291, -1220, -1149, -1078, -1007, -936, -865, -794, -723, -652, -581, -510, -439, -368, -297, -226, -155, -84, -13, 58, 129, 200, 271, 342, 413, 484, 555, 626, 697, 768, 839, 910, 923, 981, 1052, 1123, 1194, 1265, 1336, 1407, 1478, 1549, 1620, 1691, 1762, 1833, 1904, 1975, 2046, 2117, 2188, 2259, 2330, 2401, 2472]
2499 = [-2428, -2357, -2286, -2215, -2144, -2073, -2002, -1931, -1860, -1789, -1718, -1647, -1576, -1505, -1434, -1363, -1292, -1221, -1150, -1079, -1008, -937, -866, -795, -724, -653, -582, -511, -440, -369, -298, -227, -156, -85, -14, 57, 128, 199, 270, 341, 412, 483, 554, 625, 696, 767, 838, 909, 980, 994, 1051, 1122, 1193, 1264, 1335, 1406, 1477, 1548, 1619, 1690, 1761, 1832, 1903, 1974, 2045, 2116, 2187, 2258, 2329, 2400, 2471]
2500 = [-2429, -2358, -2287, -2216, -2145, -2074, -2003, -1932, -1861, -1790, -1719, -1648, -1577, -1506, -1435, -1364, -1293, -1222, -1151, -1080, -1009, -938, -867, -796, -725, -654, -583, -512, -441, -370, -299, -228, -157, -86, -15, 56, 127, 198, 269, 340, 411, 482, 553, 624, 695, 766, 837, 908, 979, 1050, 1065, 1121, 1192, 1263, 1334, 1405, 1476, 1547, 1618, 1689, 1760, 1831, 1902, 1973, 2044, 2115, 2186, 2257, 2328, 2399, 2470]
2501 = [-2430, -2359, -2288, -2217, -2146, -2075, -2004, -1933, -1862, -1791, -1720, -1649, -1578, -1507, -1436, -1365, -1294, -1223, -1152, -1081, -1010, -939, -868, -797, -726, -655, -584, -513, -442, -371, -300, -229, -158, -87, -16, 55, 126, 197, 268, 339, 410, 481, 552, 623, 694, 765, 836, 907, 978, 1049, 1120, 1136, 1191, 1262, 1333, 1404, 1475, 1546, 1617, 1688, 1759, 1830, 1901, 1972, 2043, 2114, 2185, 2256, 2327, 2398, 2469]
2502 = [-2431, -2360, -2289, -2218, -2147, -2076, -2005, -1934, -1863, -1792, -1721, -1650, -1579, -1508, -1437, -1366, -1295, -1224, -1153, -1082, -1011, -940, -869, -798, -727, -656, -585, -514, -443, -372, -301, -230, -159, -88, -17, 54, 125, 196, 267, 338, 409, 480, 551, 622, 693, 764, 835, 906, 977, 1048, 1119, 1190, 1207, 1261, 1332, 1403, 1474, 1545, 1616, 1687, 1758, 1829, 1900, 1971, 2042, 2113, 2184, 2255, 2326, 2397, 2468]
2503 = [-2432, -2361, -2290, -2219, -2148, -2077, -2006, -1935, -1864, -1793, -1722, -1651, -1580, -1509, -1438, -1367, -1296, -1225, -1154, -1083, -1012, -941, -870, -799, -728, -657, -586, -515, -444, -373, -302, -231, -160, -89, -18, 53, 124, 195, 266, 337, 408, 479, 550, 621, 692, 763, 834, 905, 976, 1047, 1118, 1189, 1260, 1278, 1331, 1402, 1473, 1544, 1615, 1686, 1757, 1828, 1899, 1970, 2041, 2112, 2183, 2254, 2325, 2396, 2467]
2504 = [-2433, -2362, -2291, -2220, -2149, -2078, -2007, -1936, -1865, -1794, -1723, -1652, -1581, -1510, -1439, -1368, -1297, -1226, -1155, -1084, -1013, -942, -871, -800, -729, -658, -587, -516, -445, -374, -303, -232, -161, -90, -19, 52, 123, 194, 265, 336, 407, 478, 549, 620, 691, 762, 833, 904, 975, 1046, 1117, 1188, 1259, 1330, 1349, 1401, 1472, 1543, 1614, 1685, 1756, 1827, 1898, 1969, 2040, 2111, 2182, 2253, 2324, 2395, 2466]
2505 = [-2434, -2363, -2292, -2221, -2150, -2079, -2008, -1937, -1866, -1795, -1724, -1653, -1582, -1511, -1440, -1369, -1298, -1227, -1156, -1085, -1014, -943, -872, -801, -730, -659, -588, -517, -446, -375, -304, -233, -162, -91, -20, 51, 122, 193, 264, 335, 406, 477, 548, 619, 690, 761, 832, 903, 974, 1045, 1116, 1187, 1258, 1329, 1400, 1420, 1471, 1542, 1613, 1684, 1755, 1826, 1897, 1968, 2039, 2110, 2181, 2252, 2323, 2394, 2465]
2506 = [-2435, -2364, -2293, -2222, -2151, -2080, -2009, -1938, -1867, -1796, -1725, -1654, -1583, -1512, -1441, -1370, -1299, -1228, -1157, -1086, -1015, -944, -873, -802, -731, -660, -589, -518, -447, -376, -305, -234, -163, -92, -21, 50, 121, 192, 263, 334, 405, 476, 547, 618, 689, 760, 831, 902, 973, 1044, 1115, 1186, 1257, 1328, 1399, 1470, 1491, 1541, 1612, 1683, 1754, 1825, 1896, 1967, 2038, 2109, 2180, 2251, 2322, 2393, 2464]
2507 = [-2436, -2365, -2294, -2223, -2152, -2081, -2010, -1939, -1868, -1797, -1726, -1655, -1584, -1513, -1442, -1371, -1300, -1229, -1158, -1087, -1016, -945, -874, -803, -732, -661, -590, -519, -448, -377, -306, -235, -164, -93, -22, 49, 120, 191, 262, 333, 404, 475, 546, 617, 688, 759, 830, 901, 972, 1043, 1114, 1185, 1256, 1327, 1398, 1469, 1540, 1562, 1611, 1682, 1753, 1824, 1895, 1966, 2037, 2108, 2179, 2250, 2321, 2392, 2463]
2508 = [-2437, -2366, -2295, -2224, -2153, -2082, -2011, -1940, -1869, -1798, -1727, -1656, -1585, -1514, -1443, -1372, -1301, -1230, -1159, -1088, -1017, -946, -875, -804, -733, -662, -591, -520, -449, -378, -307, -236, -165, -94, -23, 48, 119, 190, 261, 332, 403, 474, 545, 616, 687, 758, 829, 900, 971, 1042, 1113, 1184, 1255, 1326, 1397, 1468, 1539, 1610, 1633, 1681, 1752, 1823, 1894, 1965, 2036, 2107, 2178, 2249, 2320, 2391, 2462]
2509 = [-2438, -2367, -2296, -2225, -2154, -2083, -2012, -1941, -1870, -1799, -1728, -1657, -1586, -1515, -1444, -1373, -1302, -1231, -1160, -1089, -1018, -947, -876, -805, -734, -663, -592, -521, -450, -379, -308, -237, -166, -95, -24, 47, 118, 189, 260, 331, 402, 473, 544, 615, 686, 757, 828, 899, 970, 1041, 1112, 1183, 1254, 1325, 1396, 1467, 1538, 1609, 1680, 1704, 1751, 1822, 1893, 1964, 2035, 2106, 2177, 2248, 2319, 2390, 2461]
2510 = [-2439, -2368, -2297, -2226, -2155, -2084, -2013, -1942, -1871, -1800, -1729, -1658, -1587, -1516, -1445, -1374, -1303, -1232, -1161, -1090, -1019, -948, -877, -806, -735, -664, -593, -522, -451, -380, -309, -238, -167, -96, -25, 46, 117, 188, 259, 330, 401, 472, 543, 614, 685, 756, 827, 898, 969, 1040, 1111, 1182, 1253, 1324, 1395, 1466, 1537, 1608, 1679, 1750, 1775, 1821, 1892, 1963, 2034, 2105, 2176, 2247, 2318, 2389, 2460]
2511 = [-2440, -2369, -2298, -2227, -2156, -2085, -2014, -1943, -1872, -1801, -1730, -1659, -1588, -1517, -1446, -1375, -1304, -1233, -1162, -1091, -1020, -949, -878, -807, -736, -665, -594, -523, -452, -381, -310, -239, -168, -97, -26, 45, 116, 187, 258, 329, 400, 471, 542, 613, 684, 755, 826, 897, 968, 1039, 1110, 1181, 1252, 1323, 1394, 1465, 1536, 1607, 1678, 1749, 1820, 1846, 1891, 1962, 2033, 2104, 2175, 2246, 2317, 2388, 2459]
2512 = [-2441, -2370, -2299, -2228, -2157, -2086, -2015, -1944, -1873, -1802, -1731, -1660, -1589, -1518, -1447, -1376, -1305, -1234, -1163, -1092, -1021, -950, -879, -808, -737, -666, -595, -524, -453, -382, -311, -240, -169, -98, -27, 44, 115, 186, 257, 328, 399, 470, 541, 612, 683, 754, 825, 896, 967, 1038, 1109, 1180, 1251, 1322, 1393, 1464, 1535, 1606, 1677, 1748, 1819, 1890, 1917, 1961, 2032, 2103, 2174, 2245, 2316, 2387, 2458]
2513 = [-2442, -2371, -2300, -2229, -2158, -2087, -2016, -1945, -1874, -1803, -1732, -1661, -1590, -1519, -1448, -1377, -1306, -1235, -1164, -1093, -1022, -951, -880, -809, -738, -667, -596, -525, -454, -383, -312, -241, -170, -99, -28, 43, 114, 185, 256, 327, 398, 469, 540, 611, 682, 753, 824, 895, 966, 1037, 1108, 1179, 1250, 1321, 1392, 1463, 1534, 1605, 1676, 1747, 1818, 1889, 1960, 1988, 2031, 2102, 2173, 2244, 2315, 2386, 2457]
2514 = [-2443, -2372, -2301, -2230, -2159, -2088, -2017, -1946, -1875, -1804, -1733, -1662, -1591, -1520, -1449, -1378, -1307, -1236, -1165, -1094, -1023, -952, -881, -810, -739, -668, -597, -526, -455, -384, -313, -242, -171, -100, -29, 42, 113, 184, 255, 326, 397, 468, 539, 610, 681, 752, 823, 894, 965, 1036, 1107, 1178, 1249, 1320, 1391, 1462, 1533, 1604, 1675, 1746, 1817, 1888, 1959, 2030, 2059, 2101, 2172, 2243, 2314, 2385, 2456]
2515 = [-2444, -2373, -2302, -2231, -2160, -2089, -2018, -1947, -1876, -1805, -1734, -1663, -1592, -1521, -1450, -1379, -1308, -1237, -1166, -1095, -1024, -953, -882, -811, -740, -669, -598, -527, -456, -385, -314, -243, -172, -101, -30, 41, 112, 183, 254, 325, 396, 467, 538, 609, 680, 751, 822, 893, 964, 1035, 1106, 1177, 1248, 1319, 1390, 1461, 1532, 1603, 1674, 1745, 1816, 1887, 1958, 2029, 2100, 2130, 2171, 2242, 2313, 2384, 2455]
2516 = [-2445, -2374, -2303, -2232, -2161, -2090, -2019, -1948, -1877, -1806, -1735, -1664, -1593, -1522, -1451, -1380, -1309, -1238, -1167, -1096, -1025, -954, -883, -812, -741, -670, -599, -528, -457, -386, -315, -244, -173, -102, -31, 40, 111, 182, 253, 324, 395, 466, 537, 608, 679, 750, 821, 892, 963, 1034, 1105, 1176, 1247, 1318, 1389, 1460, 1531, 1602, 1673, 1744, 1815, 1886, 1957, 2028, 2099, 2170, 2201, 2241, 2312, 2383, 2454]
2517 = [-2446, -2375, -2304, -2233, -2162, -2091, -2020, -1949, -1878, -1807, -1736, -1665, -1594, -1523, -1452, -1381, -1310, -1239, -1168, -1097, -1026, -955, -884, -813, -742, -671, -600, -529, -458, -387, -316, -245, -174, -103, -32, 39, 110, 181, 252, 323, 394, 465, 536, 607, 678, 749, 820, 891, 962, 1033, 1104, 1175, 1246, 1317, 1388, 1459, 1530, 1601, 1672, 1743, 1814, 1885, 1956, 2027, 2098, 2169, 2240, 2272, 2311, 2382, 2453]
2518 = [-2447, -2376, -2305, -2234, -2163, -2092, -2021, -1950, -1879, -1808, -1737, -1666, -1595, -1524, -1453, -1382, -1311, -1240, -1169, -1098, -1027, -956, -885, -814, -743, -672, -601, -530, -459, -388, -317, -246, -175, -104, -33, 38, 109, 180, 251, 322, 393, 464, 535, 606, 677, 748, 819, 890, 961, 1032, 1103, 1174, 1245, 1316, 1387, 1458, 1529, 1600, 1671, 1742, 1813, 1884, 1955, 2026, 2097, 2168, 2239, 2310, 2343, 2381, 2452]
2519 = [-2448, -2377, -2306, -2235, -2164, -2093, -2022, -1951, -1880, -1809, -1738, -1667, -1596, -1525, -1454, -1383, -1312, -1241, -1170, -1099, -1028, -957, -886, -815, -744, -673, -602, -531, -460, -389, -318, -247, -176, -105, -34, 37, 108, 179, 250, 321, 392, 463, 534, 605, 676, 747, 818, 889, 960, 1031, 1102, 1173, 1244, 1315, 1386, 1457, 1528, 1599, 1670, 1741, 1812, 1883, 1954, 2025, 2096, 2167, 2238, 2309, 2380, 2414, 2451]
2520 = [-2449, -2378, -2307, -2236, -2165, -2094, -2023, -1952, -1881, -1810, -1739, -1668, -1597, -1526, -1455, -1384, -1313, -1242, -1171, -1100, -1029, -958, -887, -816, -745, -674, -603, -532, -461, -390, -319, -248, -177, -106, -35, 36, 107, 178, 249, 320, 391, 462, 533, 604, 675, 746, 817, 888, 959, 1030, 1101, 1172, 1243, 1314, 1385, 1456, 1527, 1598, 1669, 1740, 1811, 1882, 1953, 2024, 2095, 2166, 2237, 2308, 2379, 2450, 2485]
-2520 = [-2485, -2450, -2379, -2308, -2237, -2166, -2095, -2024, -1953, -1882, -1811, -1740, -1669, -1598, -1527, -1456, -1385, -1314, -1243, -1172, -1101, -1030, -959, -888, -817, -746, -675, -604, -533, -462, -391, -320, -249, -178, -107, -36, 35, 106, 177, 248, 319, 390, 461, 532, 603, 674, 745, 816, 887, 958, 1029, 1100, 1171, 1242, 1313, 1384, 1455, 1526, 1597, 1668, 1739, 1810, 1881, 1952, 2023, 2094, 2165, 2236, 2307, 2378, 2449]
-2519 = [-2451, -2414, -2380, -2309, -2238, -2167, -2096, -2025, -1954, -1883, -1812, -1741, -1670, -1599, -1528, -1457, -1386, -1315, -1244, -1173, -1102, -1031, -960, -889, -818, -747, -676, -605, -534, -463, -392, -321, -250, -179, -108, -37, 34, 105, 176, 247, 318, 389, 460, 531, 602, 673, 744, 815, 886, 957, 1028, 1099, 1170, 1241, 1312, 1383, 1454, 1525, 1596, 1667, 1738, 1809, 1880, 1951, 2022, 2093, 2164, 2235, 2306, 2377, 2448]
-2518 = [-2452, -2381, -2343, -2310, -2239, -2168, -2097, -2026, -1955, -1884, -1813, -1742, -1671, -1600, -1529, -1458, -1387, -1316, -1245, -1174, -1103, -1032, -961, -890, -819, -748, -677, -606, -535, -464, -393, -322, -251, -180, -109, -38, 33, 104, 175, 246, 317, 388, 459, 530, 601, 672, 743, 814, 885, 956, 1027, 1098, 1169, 1240, 1311, 1382, 1453, 1524, 1595, 1666, 1737, 1808, 1879, 1950, 2021, 2092, 2163, 2234, 2305, 2376, 2447]
-2517 = [-2453, -2382, -2311, -2272, -2240, -2169, -2098, -2027, -1956, -1885, -1814, -1743, -1672, -1601, -1530, -1459, -1388, -1317, -1246, -1175, -1104, -1033, -962, -891, -820, -749, -678, -607, -536, -465, -394, -323, -252, -181, -110, -39, 32, 103, 174, 245, 316, 387, 458, 529, 600, 671, 742, 813, 884, 955, 1026, 1097, 1168, 1239, 1310, 1381, 1452, 1523, 1594, 1665, 1736, 1807, 1878, 1949, 2020, 2091, 2162, 2233, 2304, 2375, 2446]
-2516 = [-2454, -2383, -2312, -2241, -2201, -2170, -2099, -2028, -1957, -1886, -1815, -1744, -1673, -1602, -1531, -1460, -1389, -1318, -1247, -1176, -1105, -1034, -963, -892, -821, -750, -679, -608, -537, -466, -395, -324, -253, -182, -111, -40, 31, 102, 173, 244, 315, 386, 457, 528, 599, 670, 741, 812, 883, 954, 1025, 1096, 1167, 1238, 1309, 1380, 1451, 1522, 1593, 1664, 1735, 1806, 1877, 1948, 2019, 2090, 2161, 2232, 2303, 2374, 2445]
-2515 = [-2455, -2384, -2313, -2242, -2171, -2130, -2100, -2029, -1958, -1887, -1816, -1745, -1674, -1603, -1532, -1461, -1390, -1319, -1248, -1177, -1106, -1035, -964, -893, -822, -751, -680, -609, -538, -467, -396, -325, -254, -183, -112, -41, 30, 101, 172, 243, 314, 385, 456, 527, 598, 669, 740, 811, 882, 953, 1024, 1095, 1166, 1237, 1308, 1379, 1450, 1521, 1592, 1663, 1734, 1805, 1876, 1947, 2018, 2089, 2160, 2231, 2302, 2373, 2444]
-2514 = [-2456, -2385, -2314, -2243, -2172, -2101, -2059, -2030, -1959, -1888, -1817, -1746, -1675, -1604, -1533, -1462, -1391, -1320, -1249, -1178, -1107, -1036, -965, -894, -823, -752, -681, -610, -539, -468, -397, -326, -255, -184, -113, -42, 29, 100, 171, 242, 313, 384, 455, 526, 597, 668, 739, 810, 881, 952, 1023, 1094, 1165, 1236, 1307, 1378, 1449, 1520, 1591, 1662, 1733, 1804, 1875, 1946, 2017, 2088, 2159, 2230, 2301, 2372, 2443]
-2513 = [-2457, -2386, -2315, -2244, -2173, -2102, -2031, -1988, -1960, -1889, -1818, -1747, -1676, -1605, -1534, -1463, -1392, -1321, -1250, -1179, -1108, -1037, -966, -895, -824, -753, -682, -611, -540, -469, -398, -327, -256, -185, -114, -43, 28, 99, 170, 241, 312, 383, 454, 525, 596, 667, 738, 809, 880, 951, 1022, 1093, 1164, 1235, 1306, 1377, 1448, 1519, 1590, 1661, 1732, 1803, 1874, 1945, 2016, 2087, 2158, 2229, 2300, 2371, 2442]
-2512 = [-2458, -2387, -2316, -2245, -2174, -2103, -2032, -1961, -1917, -1890, -1819, -1748, -1677, -1606, -1535, -1464, -1393, -1322, -1251, -1180, -1109, -1038, -967, -896, -825, -754, -683, -612, -541, -470, -399, -328, -257, -186, -115, -44, 27, 98, 169, 240, 311, 382, 453, 524, 595, 666, 737, 808, 879, 950, 1021, 1092, 1163, 1234, 1305, 1376, 1447, 1518, 1589, 1660, 1731, 1802, 1873, 1944, 2015, 2086, 2157, 2228, 2299, 2370, 2441]
-2511 = [-2459, -2388, -2317, -2246, -2175, -2104, -2033, -1962, -1891, -1846, -1820, -1749, -1678, -1607, -1536, -1465, -1394, -1323, -1252, -1181, -1110, -1039, -968, -897, -826, -755, -684, -613, -542, -471, -400, -329, -258, -187, -116, -45, 26, 97, 168, 239, 310, 381, 452, 523, 594, 665, 736, 807, 878, 949, 1020, 1091, 1162, 1233, 1304, 1375, 1446, 1517, 1588, 1659, 1730, 1801, 1872, 1943, 2014, 2085, 2156, 2227, 2298, 2369, 2440]
-2510 = [-2460, -2389, -2318, -2247, -2176, -2105, -2034, -1963, -1892, -1821, -1775, -1750, -1679, -1608, -1537, -1466, -1395, -1324, -1253, -1182, -1111, -1040, -969, -898, -827, -756, -685, -614, -543, -472, -401, -330, -259, -188, -117, -46, 25, 96, 167, 238, 309, 380, 451, 522, 593, 664, 735, 806, 877, 948, 1019, 1090, 1161, 1232, 1303, 1374, 1445, 1516, 1587, 1658, 1729, 1800, 1871, 1942, 2013, 2084, 2155, 2226, 2297, 2368, 2439]
-2509 = [-2461, -2390, -2319, -2248, -2177, -2106, -2035, -1964, -1893, -1822, -1751, -1704, -1680, -1609, -1538, -1467, -1396, -1325, -1254, -1183, -1112, -1041, -970, -899, -828, -757, -686, -615, -544, -473, -402, -331, -260, -189, -118, -47, 24, 95, 166, 237, 308, 379, 450, 521, 592, 663, 734, 805, 876, 947, 1018, 1089, 1160, 1231, 1302, 1373, 1444, 1515, 1586, 1657, 1728, 1799, 1870, 1941, 2012, 2083, 2154, 2225, 2296, 2367, 2438]
-2508 = [-2462, -2391, -2320, -2249, -2178, -2107, -2036, -1965, -1894, -1823, -1752, -1681, -1633, -1610, -1539, -1468, -1397, -1326, -1255, -1184, -1113, -1042, -971, -900, -829, -758, -687, -616, -545, -474, -403, -332, -261, -190, -119, -48, 23, 94, 165, 236, 307, 378, 449, 520, 591, 662, 733, 804, 875, 946, 1017, 1088, 1159, 1230, 1301, 1372, 1443, 1514, 1585, 1656, 1727, 1798, 1869, 1940, 2011, 2082, 2153, 2224, 2295, 2366, 2437]
-2507 = [-2463, -2392, -2321, -2250, -2179, -2108, -2037, -1966, -1895, -1824, -1753, -1682, -1611, -1562, -1540, -1469, -1398, -1327, -1256, -1185, -1114, -1043, -972, -901, -830, -759, -688, -617, -546, -475, -404, -333, -262, -191, -120, -49, 22, 93, 164, 235, 306, 377, 448, 519, 590, 661, 732, 803, 874, 945, 1016, 1087, 1158, 1229, 1300, 1371, 1442, 1513, 1584, 1655, 1726, 1797, 1868, 1939, 2010, 2081, 2152, 2223, 2294, 2365, 2436]
-2506 = [-2464, -2393, -2322, -2251, -2180, -2109, -2038, -1967, -1896, -1825, -1754, -1683, -1612, -1541, -1491, -1470, -1399, -1328, -1257, -1186, -1115, -1044, -973, -902, -831, -760, -689, -618, -547, -476, -405, -334, -263, -192, -121, -50, 21, 92, 163, 234, 305, 376, 447, 518, 589, 660, 731, 802, 873, 944, 1015, 1086, 1157, 1228, 1299, 1370, 1441, 1512, 1583, 1654, 1725, 1796, 1867, 1938, 2009, 2080, 2151, 2222, 2293, 2364, 2435]
-2505 = [-2465, -2394, -2323, -2252, -2181, -2110, -2039, -1968, -1897, -1826, -1755, -1684, -1613, -1542, -1471, -1420, -1400, -1329, -1258, -1187, -1116, -1045, -974, -903, -832, -761, -690, -619, -548, -477, -406, -335, -264, -193, -122, -51, 20, 91, 162, 233, 304, 375, 446, 517, 588, 659, 730, 801, 872, 943, 1014, 1085, 1156, 1227, 1298, 1369, 1440, 1511, 1582, 1653, 1724, 1795, 1866, 1937, 2008, 2079, 2150, 2221, 2292, 2363, 2434]
-2504 = [-2466, -2395, -2324, -2253, -2182, -2111, -2040, -1969, -1898, -1827, -1756, -1685, -1614, -1543, -1472, -1401, -1349, -1330, -1259, -1188, -1117, -1046, -975, -904, -833, -762, -691, -620, -549, -478, -407, -336, -265, -194, -123, -52, 19, 90, 161, 232, 303, 374, 445, 516, 587, 658, 729, 800, 871, 942, 1013, 1084, 1155, 1226, 1297, 1368, 1439, 1510, 1581, 1652, 1723, 1794, 1865, 1936, 2007, 2078, 2149, 2220, 2291, 2362, 2433]
-2503 = [-2467, -2396, -2325, -2254, -2183, -2112, -2041, -1970, -1899, -1828, -1757, -1686, -1615, -1544, -1473, -1402, -1331, -1278, -1260, -1189, -1118, -1047, -976, -905, -834, -763, -692, -621, -550, -479, -408, -337, -266, -195, -124, -53, 18, 89, 160, 231, 302, 373, 444, 515, 586, 657, 728, 799, 870, 941, 1012, 1083, 1154, 1225, 1296, 1367, 1438, 1509, 1580, 1651, 1722, 1793, 1864, 1935, 2006, 2077, 2148, 2219, 2290, 2361, 2432]
-2502 = [-2468, -2397, -2326, -2255, -2184, -2113, -2042, -1971, -1900, -1829, -1758, -1687, -1616, -1545, -1474, -1403, -1332, -1261, -1207, -1190, -1119, -1048, -977, -906, -835, -764, -693, -622, -551, -480, -409, -338, -267, -196, -125, -54, 17, 88, 159, 230, 301, 372, 443, 514, 585, 656, 727, 798, 869, 940, 1011, 1082, 1153, 1224, 1295, 1366, 1437, 1508, 1579, 1650, 1721, 1792, 1863, 1934, 2005, 2076, 2147, 2218, 2289, 2360, 2431]
-2501 = [-2469, -2398, -2327, -2256, -2185, -2114, -2043, -1972, -1901, -1830, -1759, -1688, -1617, -1546, -1475, -1404, -1333, -1262, -1191, -1136, -1120, -1049, -978, -907, -836, -765, -694, -623, -552, -481, -410, -339, -268, -197, -126, -55, 16, 87, 158, 229, 300, 371, 442, 513, 584, 655, 726, 797, 868, 939, 1010, 1081, 1152, 1223, 1294, 1365, 1436, 1507, 1578, 1649, 1720, 1791, 1862, 1933, 2004, 2075, 2146, 2217, 2288, 2359, 2430]
-2500 = [-2470, -2399, -2328, -2257, -2186, -2115, -2044, -1973, -1902, -1831, -1760, -1689, -1618, -1547, -1476, -1405, -1334, -1263, -1192, -1121, -1065, -1050, -979, -908, -837, -766, -695, -624, -553, -482, -411, -340, -269, -198, -127, -56, 15, 86, 157, 228, 299, 370, 441, 512, 583, 654, 725, 796, 867, 938, 1009, 1080, 1151, 1222, 1293, 1364, 1435, 1506, 1577, 1648, 1719, 1790, 1861, 1932, 2003, 2074, 2145, 2216, 2287, 2358, 2429]
-2499 = [-2471, -2400, -2329, -2258, -2187, -2116, -2045, -1974, -1903, -1832, -1761, -1690, -1619, -1548, -1477, -1406, -1335, -1264, -1193, -1122, -1051, -994, -980, -909, -838, -767, -696, -625, -554, -483, -412, -341, -270, -199, -128, -57, 14, 85, 156, 227, 298, 369, 440, 511, 582, 653, 724, 795, 866, 937, 1008, 1079, 1150, 1221, 1292, 1363, 1434, 1505, 1576, 1647, 1718, 1789, 1860, 1931, 2002, 2073, 2144, 2215, 2286, 2357, 2428]
-2498 = [-2472, -2401, -2330, -2259, -2188, -2117, -2046, -1975, -1904, -1833, -1762, -1691, -1620, -1549, -1478, -1407, -1336, -1265, -1194, -1123, -1052, -981, -923, -910, -839, -768, -697, -626, -555, -484, -413, -342, -271, -200, -129, -58, 13, 84, 155, 226, 297, 368, 439, 510, 581, 652, 723, 794, 865, 936, 1007, 1078, 1149, 1220, 1291, 1362, 1433, 1504, 1575, 1646, 1717, 1788, 1859, 1930, 2001, 2072, 2143, 2214, 2285, 2356, 2427]
-2497 = [-2473, -2402, -2331, -2260, -2189, -2118, -2047, -1976, -1905, -1834, -1763, -1692, -1621, -1550, -1479, -1408, -1337, -1266, -1195, -1124, -1053, -982, -911, -852, -840, -769, -698, -627, -556, -485, -414, -343, -272, -201, -130, -59, 12, 83, 154, 225, 296, 367, 438, 509, 580, 651, 722, 793, 864, 935, 1006, 1077, 1148, 1219, 1290, 1361, 1432, 1503, 1574, 1645, 1716, 1787, 1858, 1929, 2000, 2071, 2142, 2213, 2284, 2355, 2426]
-2496 = [-2474, -2403, -2332, -2261, -2190, -2119, -2048, -1977, -1906, -1835, -1764, -1693, -1622, -1551, -1480, -1409, -1338, -1267, -1196, -1125, -1054, -983, -912, -841, -781, -770, -699, -628, -557, -486, -415, -344, -273, -202, -131, -60, 11, 82, 153, 224, 295, 366, 437, 508, 579, 650, 721, 792, 863, 934, 1005, 1076, 1147, 1218, 1289, 1360, 1431, 1502, 1573, 1644, 1715, 1786, 1857, 1928, 1999, 2070, 2141, 2212, 2283, 2354, 2425]
-2495 = [-2475, -2404, -2333, -2262, -2191, -2120, -2049, -1978, -1907, -1836, -1765, -1694, -1623, -1552, -1481, -1410, -1339, -1268, -1197, -1126, -1055, -984, -913, -842, -771, -710, -700, -629, -558, -487, -416, -345, -274, -203, -132, -61, 10, 81, 152, 223, 294, 365, 436, 507, 578, 649, 720, 791, 862, 933, 1004, 1075, 1146, 1217, 1288, 1359, 1430, 1501, 1572, 1643, 1714, 1785, 1856, 1927, 1998, 2069, 2140, 2211, 2282, 2353, 2424]
-2494 = [-2476, -2405, -2334, -2263, -2192, -2121, -2050, -1979, -1908, -1837, -1766, -1695, -1624, -1553, -1482, -1411, -1340, -1269, -1198, -1127, -1056, -985, -914, -843, -772, -701, -639, -630, -559, -488, -417, -346, -275, -204, -133, -62, 9, 80, 151, 222, 293, 364, 435, 506, 577, 648, 719, 790, 861, 932, 1003, 1074, 1145, 1216, 1287, 1358, 1429, 1500, 1571, 1642, 1713, 1784, 1855, 1926, 1997, 2068, 2139, 2210, 2281, 2352, 2423]
-2493 = [-2477, -2406, -2335, -2264, -2193, -2122, -2051, -1980, -1909, -1838, -1767, -1696, -1625, -1554, -1483, -1412, -1341, -1270, -1199, -1128, -1057, -986, -915, -844, -773, -702, -631, -568, -560, -489, -418, -347, -276, -205, -134, -63, 8, 79, 150, 221, 292, 363, 434, 505, 576, 647, 718, 789, 860, 931, 1002, 1073, 1144, 1215, 1286, 1357, 1428, 1499, 1570, 1641, 1712, 1783, 1854, 1925, 1996, 2067, 2138, 2209, 2280, 2351, 2422]
-2492 = [-2478, -2407, -2336, -2265, -2194, -2123, -2052, -1981, -1910, -1839, -1768, -1697, -1626, -1555, -1484, -1413, -1342, -1271, -1200, -1129, -1058, -987, -916, -845, -774, -703, -632, -561, -497, -490, -419, -348, -277, -206, -135, -64, 7, 78, 149, 220, 291, 362, 433, 504, 575, 646, 717, 788, 859, 930, 1001, 1072, 1143, 1214, 1285, 1356, 1427, 1498, 1569, 1640, 1711, 1782, 1853, 1924, 1995, 2066, 2137, 2208, 2279, 2350, 2421]
-2491 = [-2479, -2408, -2337, -2266, -2195, -2124, -2053, -1982, -1911, -1840, -1769, -1698, -1627, -1556, -1485, -1414, -1343, -1272, -1201, -1130, -1059, -988, -917, -846, -775, -704, -633, -562, -491, -426, -420, -349, -278, -207, -136, -65, 6, 77, 148, 219, 290, 361, 432, 503, 574, 645, 716, 787, 858, 929, 1000, 1071, 1142, 1213, 1284, 1355, 1426, 1497, 1568, 1639, 1710, 1781, 1852, 1923, 1994, 2065, 2136, 2207, 2278, 2349, 2420]
-2490 = [-2480, -2409, -2338, -2267, -2196, -2125, -2054, -1983, -1912, -1841, -1770, -1699, -1628, -1557, -1486, -1415, -1344, -1273, -1202, -1131, -1060, -989, -918, -847, -776, -705, -634, -563, -492, -421, -355, -350, -279, -208, -137, -66, 5, 76, 147, 218, 289, 360, 431, 502, 573, 644, 715, 786, 857, 928, 999, 1070, 1141, 1212, 1283, 1354, 1425, 1496, 1567, 1638, 1709, 1780, 1851, 1922, 1993, 2064, 2135, 2206, 2277, 2348, 2419]
-2489 = [-2481, -2410, -2339, -2268, -2197, -2126, -2055, -1984, -1913, -1842, -1771, -1700, -1629, -1558, -1487, -1416, -1345, -1274, -1203, -1132, -1061, -990, -919, -848, -777, -706, -635, -564, -493, -422, -351, -284, -280, -209, -138, -67, 4, 75, 146, 217, 288, 359, 430, 501, 572, 643, 714, 785, 856, 927, 998, 1069, 1140, 1211, 1282, 1353, 1424, 1495, 1566, 1637, 1708, 1779, 1850, 1921, 1992, 2063, 2134, 2205, 2276, 2347, 2418]
-2488 = [-2482, -2411, -2340, -2269, -2198, -2127, -2056, -1985, -1914, -1843, -1772, -1701, -1630, -1559, -1488, -1417, -1346, -1275, -1204, -1133, -1062, -991, -920, -849, -778, -707, -636, -565, -494, -423, -352, -281, -213, -210, -139, -68, 3, 74, 145, 216, 287, 358, 429, 500, 571, 642, 713, 784, 855, 926, 997, 1068, 1139, 1210, 1281, 1352, 1423, 1494, 1565, 1636, 1707, 1778, 1849, 1920, 1991, 2062, 2133, 2204, 2275, 2346, 2417]
-2487 = [-2483, -2412, -2341, -2270, -2199, -2128, -2057, -1986, -1915, -1844, -1773, -1702, -1631, -1560, -1489, -1418, -1347, -1276, -1205, -1134, -1063, -992, -921, -850, -779, -708, -637, -566, -495, -424, -353, -282, -211, -142, -140, -69, 2, 73, 144, 215, 286, 357, 428, 499, 570, 641, 712, 783, 854, 925, 996, 1067, 1138, 1209, 1280, 1351, 1422, 1493, 1564, 1635, 1706, 1777, 1848, 1919, 1990, 2061, 2132, 2203, 2274, 2345, 2416]
-2486 = [-2484, -2413, -2342, -2271, -2200, -2129, -2058, -1987, -1916, -1845, -1774, -1703, -1632, -1561, -1490, -1419, -1348, -1277, -1206, -1135, -1064, -993, -922, -851, -780, -709, -638, -567, -496, -425, -354, -283, -212, -141, -71, -70, 1, 72, 143, 214, 285, 356, 427, 498, 569, 640, 711, 782, 853, 924, 995, 1066, 1137, 1208, 1279, 1350, 1421, 1492, 1563, 1634, 1705, 1776, 1847, 1918, 1989, 2060, 2131, 2202, 2273, 2344, 2415]
