Maximum values for m = 5329 and d = 37:
2629 = [-2556, -2483, -2410, -2337, -2264, -2191, -2118, -2045, -1972, -1899, -1826, -1753, -1680, -1607, -1534, -1461, -1388, -1315, -1242, -1169, -1096, -1023, -950, -877, -804, -731, -658, -585, -512, -439, -366, -293, -220, -147, -74, -1, 72, 73, 145, 218, 291, 364, 437, 510, 583, 656, 729, 802, 875, 948, 1021, 1094, 1167, 1240, 1313, 1386, 1459, 1532, 1605, 1678, 1751, 1824, 1897, 1970, 2043, 2116, 2189, 2262, 2335, 2408, 2481, 2554, 2627]
2630 = [-2557, -2484, -2411, -2338, -2265, -2192, -2119, -2046, -1973, -1900, -1827, -1754, -1681, -1608, -1535, -1462, -1389, -1316, -1243, -1170, -1097, -1024, -951, -878, -805, -732, -659, -586, -513, -440, -367, -294, -221, -148, -75, -2, 71, 144, 146, 217, 290, 363, 436, 509, 582, 655, 728, 801, 874, 947, 1020, 1093, 1166, 1239, 1312, 1385, 1458, 1531, 1604, 1677, 1750, 1823, 1896, 1969, 2042, 2115, 2188, 2261, 2334, 2407, 2480, 2553, 2626]
2631 = [-2558, -2485, -2412, -2339, -2266, -2193, -2120, -2047, -1974, -1901, -1828, -1755, -1682, -1609, -1536, -1463, -1390, -1317, -1244, -1171, -1098, -1025, -952, -879, -806, -733, -660, -587, -514, -441, -368, -295, -222, -149, -76, -3, 70, 143, 216, 219, 289, 362, 435, 508, 581, 654, 727, 800, 873, 946, 1019, 1092, 1165, 1238, 1311, 1384, 1457, 1530, 1603, 1676, 1749, 1822, 1895, 1968, 2041, 2114, 2187, 2260, 2333, 2406, 2479, 2552, 2625]
2632 = [-2559, -2486, -2413, -2340, -2267, -2194, -2121, -2048, -1975, -1902, -1829, -1756, -1683, -1610, -1537, -1464, -1391, -1318, -1245, -1172, -1099, -1026, -953, -880, -807, -734, -661, -588, -515, -442, -369, -296, -223, -150, -77, -4, 69, 142, 215, 288, 292, 361, 434, 507, 580, 653, 726, 799, 872, 945, 1018, 1091, 1164, 1237, 1310, 1383, 1456, 1529, 1602, 1675, 1748, 1821, 1894, 1967, 2040, 2113, 2186, 2259, 2332, 2405, 2478, 2551, 2624]
2633 = [-2560, -2487, -2414, -2341, -2268, -2195, -2122, -2049, -1976, -1903, -1830, -1757, -1684, -1611, -1538, -1465, -1392, -1319, -1246, -1173, -1100, -1027, -954, -881, -808, -735, -662, -589, -516, -443, -370, -297, -224, -151, -78, -5, 68, 141, 214, 287, 360, 365, 433, 506, 579, 652, 725, 798, 871, 944, 1017, 1090, 1163, 1236, 1309, 1382, 1455, 1528, 1601, 1674, 1747, 1820, 1893, 1966, 2039, 2112, 2185, 2258, 2331, 2404, 2477, 2550, 2623]
2634 = [-2561, -2488, -2415, -2342, -2269, -2196, -2123, -2050, -1977, -1904, -1831, -1758, -1685, -1612, -1539, -1466, -1393, -1320, -1247, -1174, -1101, -1028, -955, -882, -809, -736, -663, -590, -517, -444, -371, -298, -225, -152, -79, -6, 67, 140, 213, 286, 359, 432, 438, 505, 578, 651, 724, 797, 870, 943, 1016, 1089, 1162, 1235, 1308, 1381, 1454, 1527, 1600, 1673, 1746, 1819, 1892, 1965, 2038, 2111, 2184, 2257, 2330, 2403, 2476, 2549, 2622]
2635 = [-2562, -2489, -2416, -2343, -2270, -2197, -2124, -2051, -1978, -1905, -1832, -1759, -1686, -1613, -1540, -1467, -1394, -1321, -1248, -1175, -1102, -1029, -956, -883, -810, -737, -664, -591, -518, -445, -372, -299, -226, -153, -80, -7, 66, 139, 212, 285, 358, 431, 504, 511, 577, 650, 723, 796, 869, 942, 1015, 1088, 1161, 1234, 1307, 1380, 1453, 1526, 1599, 1672, 1745, 1818, 1891, 1964, 2037, 2110, 2183, 2256, 2329, 2402, 2475, 2548, 2621]
2636 = [-2563, -2490, -2417, -2344, -2271, -2198, -2125, -2052, -1979, -1906, -1833, -1760, -1687, -1614, -1541, -1468, -1395, -1322, -1249, -1176, -1103, -1030, -957, -884, -811, -738, -665, -592, -519, -446, -373, -300, -227, -154, -81, -8, 65, 138, 211, 284, 357, 430, 503, 576, 584, 649, 722, 795, 868, 941, 1014, 1087, 1160, 1233, 1306, 1379, 1452, 1525, 1598, 1671, 1744, 1817, 1890, 1963, 2036, 2109, 2182, 2255, 2328, 2401, 2474, 2547, 2620]
2637 = [-2564, -2491, -2418, -2345, -2272, -2199, -2126, -2053, -1980, -1907, -1834, -1761, -1688, -1615, -1542, -1469, -1396, -1323, -1250, -1177, -1104, -1031, -958, -885, -812, -739, -666, -593, -520, -447, -374, -301, -228, -155, -82, -9, 64, 137, 210, 283, 356, 429, 502, 575, 648, 657, 721, 794, 867, 940, 1013, 1086, 1159, 1232, 1305, 1378, 1451, 1524, 1597, 1670, 1743, 1816, 1889, 1962, 2035, 2108, 2181, 2254, 2327, 2400, 2473, 2546, 2619]
2638 = [-2565, -2492, -2419, -2346, -2273, -2200, -2127, -2054, -1981, -1908, -1835, -1762, -1689, -1616, -1543, -1470, -1397, -1324, -1251, -1178, -1105, -1032, -959, -886, -813, -740, -667, -594, -521, -448, -375, -302, -229, -156, -83, -10, 63, 136, 209, 282, 355, 428, 501, 574, 647, 720, 730, 793, 866, 939, 1012, 1085, 1158, 1231, 1304, 1377, 1450, 1523, 1596, 1669, 1742, 1815, 1888, 1961, 2034, 2107, 2180, 2253, 2326, 2399, 2472, 2545, 2618]
2639 = [-2566, -2493, -2420, -2347, -2274, -2201, -2128, -2055, -1982, -1909, -1836, -1763, -1690, -1617, -1544, -1471, -1398, -1325, -1252, -1179, -1106, -1033, -960, -887, -814, -741, -668, -595, -522, -449, -376, -303, -230, -157, -84, -11, 62, 135, 208, 281, 354, 427, 500, 573, 646, 719, 792, 803, 865, 938, 1011, 1084, 1157, 1230, 1303, 1376, 1449, 1522, 1595, 1668, 1741, 1814, 1887, 1960, 2033, 2106, 2179, 2252, 2325, 2398, 2471, 2544, 2617]
2640 = [-2567, -2494, -2421, -2348, -2275, -2202, -2129, -2056, -1983, -1910, -1837, -1764, -1691, -1618, -1545, -1472, -1399, -1326, -1253, -1180, -1107, -1034, -961, -888, -815, -742, -669, -596, -523, -450, -377, -304, -231, -158, -85, -12, 61, 134, 207, 280, 353, 426, 499, 572, 645, 718, 791, 864, 876, 937, 1010, 1083, 1156, 1229, 1302, 1375, 1448, 1521, 1594, 1667, 1740, 1813, 1886, 1959, 2032, 2105, 2178, 2251, 2324, 2397, 2470, 2543, 2616]
2641 = [-2568, -2495, -2422, -2349, -2276, -2203, -2130, -2057, -1984, -1911, -1838, -1765, -1692, -1619, -1546, -1473, -1400, -1327, -1254, -1181, -1108, -1035, -962, -889, -816, -743, -670, -597, -524, -451, -378, -305, -232, -159, -86, -13, 60, 133, 206, 279, 352, 425, 498, 571, 644, 717, 790, 863, 936, 949, 1009, 1082, 1155, 1228, 1301, 1374, 1447, 1520, 1593, 1666, 1739, 1812, 1885, 1958, 2031, 2104, 2177, 2250, 2323, 2396, 2469, 2542, 2615]
2642 = [-2569, -2496, -2423, -2350, -2277, -2204, -2131, -2058, -1985, -1912, -1839, -1766, -1693, -1620, -1547, -1474, -1401, -1328, -1255, -1182, -1109, -1036, -963, -890, -817, -744, -671, -598, -525, -452, -379, -306, -233, -160, -87, -14, 59, 132, 205, 278, 351, 424, 497, 570, 643, 716, 789, 862, 935, 1008, 1022, 1081, 1154, 1227, 1300, 1373, 1446, 1519, 1592, 1665, 1738, 1811, 1884, 1957, 2030, 2103, 2176, 2249, 2322, 2395, 2468, 2541, 2614]
2643 = [-2570, -2497, -2424, -2351, -2278, -2205, -2132, -2059, -1986, -1913, -1840, -1767, -1694, -1621, -1548, -1475, -1402, -1329, -1256, -1183, -1110, -1037, -964, -891, -818, -745, -672, -599, -526, -453, -380, -307, -234, -161, -88, -15, 58, 131, 204, 277, 350, 423, 496, 569, 642, 715, 788, 861, 934, 1007, 1080, 1095, 1153, 1226, 1299, 1372, 1445, 1518, 1591, 1664, 1737, 1810, 1883, 1956, 2029, 2102, 2175, 2248, 2321, 2394, 2467, 2540, 2613]
2644 = [-2571, -2498, -2425, -2352, -2279, -2206, -2133, -2060, -1987, -1914, -1841, -1768, -1695, -1622, -1549, -1476, -1403, -1330, -1257, -1184, -1111, -1038, -965, -892, -819, -746, -673, -600, -527, -454, -381, -308, -235, -162, -89, -16, 57, 130, 203, 276, 349, 422, 495, 568, 641, 714, 787, 860, 933, 1006, 1079, 1152, 1168, 1225, 1298, 1371, 1444, 1517, 1590, 1663, 1736, 1809, 1882, 1955, 2028, 2101, 2174, 2247, 2320, 2393, 2466, 2539, 2612]
2645 = [-2572, -2499, -2426, -2353, -2280, -2207, -2134, -2061, -1988, -1915, -1842, -1769, -1696, -1623, -1550, -1477, -1404, -1331, -1258, -1185, -1112, -1039, -966, -893, -820, -747, -674, -601, -528, -455, -382, -309, -236, -163, -90, -17, 56, 129, 202, 275, 348, 421, 494, 567, 640, 713, 786, 859, 932, 1005, 1078, 1151, 1224, 1241, 1297, 1370, 1443, 1516, 1589, 1662, 1735, 1808, 1881, 1954, 2027, 2100, 2173, 2246, 2319, 2392, 2465, 2538, 2611]
2646 = [-2573, -2500, -2427, -2354, -2281, -2208, -2135, -2062, -1989, -1916, -1843, -1770, -1697, -1624, -1551, -1478, -1405, -1332, -1259, -1186, -1113, -1040, -967, -894, -821, -748, -675, -602, -529, -456, -383, -310, -237, -164, -91, -18, 55, 128, 201, 274, 347, 420, 493, 566, 639, 712, 785, 858, 931, 1004, 1077, 1150, 1223, 1296, 1314, 1369, 1442, 1515, 1588, 1661, 1734, 1807, 1880, 1953, 2026, 2099, 2172, 2245, 2318, 2391, 2464, 2537, 2610]
2647 = [-2574, -2501, -2428, -2355, -2282, -2209, -2136, -2063, -1990, -1917, -1844, -1771, -1698, -1625, -1552, -1479, -1406, -1333, -1260, -1187, -1114, -1041, -968, -895, -822, -749, -676, -603, -530, -457, -384, -311, -238, -165, -92, -19, 54, 127, 200, 273, 346, 419, 492, 565, 638, 711, 784, 857, 930, 1003, 1076, 1149, 1222, 1295, 1368, 1387, 1441, 1514, 1587, 1660, 1733, 1806, 1879, 1952, 2025, 2098, 2171, 2244, 2317, 2390, 2463, 2536, 2609]
2648 = [-2575, -2502, -2429, -2356, -2283, -2210, -2137, -2064, -1991, -1918, -1845, -1772, -1699, -1626, -1553, -1480, -1407, -1334, -1261, -1188, -1115, -1042, -969, -896, -823, -750, -677, -604, -531, -458, -385, -312, -239, -166, -93, -20, 53, 126, 199, 272, 345, 418, 491, 564, 637, 710, 783, 856, 929, 1002, 1075, 1148, 1221, 1294, 1367, 1440, 1460, 1513, 1586, 1659, 1732, 1805, 1878, 1951, 2024, 2097, 2170, 2243, 2316, 2389, 2462, 2535, 2608]
2649 = [-2576, -2503, -2430, -2357, -2284, -2211, -2138, -2065, -1992, -1919, -1846, -1773, -1700, -1627, -1554, -1481, -1408, -1335, -1262, -1189, -1116, -1043, -970, -897, -824, -751, -678, -605, -532, -459, -386, -313, -240, -167, -94, -21, 52, 125, 198, 271, 344, 417, 490, 563, 636, 709, 782, 855, 928, 1001, 1074, 1147, 1220, 1293, 1366, 1439, 1512, 1533, 1585, 1658, 1731, 1804, 1877, 1950, 2023, 2096, 2169, 2242, 2315, 2388, 2461, 2534, 2607]
2650 = [-2577, -2504, -2431, -2358, -2285, -2212, -2139, -2066, -1993, -1920, -1847, -1774, -1701, -1628, -1555, -1482, -1409, -1336, -1263, -1190, -1117, -1044, -971, -898, -825, -752, -679, -606, -533, -460, -387, -314, -241, -168, -95, -22, 51, 124, 197, 270, 343, 416, 489, 562, 635, 708, 781, 854, 927, 1000, 1073, 1146, 1219, 1292, 1365, 1438, 1511, 1584, 1606, 1657, 1730, 1803, 1876, 1949, 2022, 2095, 2168, 2241, 2314, 2387, 2460, 2533, 2606]
2651 = [-2578, -2505, -2432, -2359, -2286, -2213, -2140, -2067, -1994, -1921, -1848, -1775, -1702, -1629, -1556, -1483, -1410, -1337, -1264, -1191, -1118, -1045, -972, -899, -826, -753, -680, -607, -534, -461, -388, -315, -242, -169, -96, -23, 50, 123, 196, 269, 342, 415, 488, 561, 634, 707, 780, 853, 926, 999, 1072, 1145, 1218, 1291, 1364, 1437, 1510, 1583, 1656, 1679, 1729, 1802, 1875, 1948, 2021, 2094, 2167, 2240, 2313, 2386, 2459, 2532, 2605]
2652 = [-2579, -2506, -2433, -2360, -2287, -2214, -2141, -2068, -1995, -1922, -1849, -1776, -1703, -1630, -1557, -1484, -1411, -1338, -1265, -1192, -1119, -1046, -973, -900, -827, -754, -681, -608, -535, -462, -389, -316, -243, -170, -97, -24, 49, 122, 195, 268, 341, 414, 487, 560, 633, 706, 779, 852, 925, 998, 1071, 1144, 1217, 1290, 1363, 1436, 1509, 1582, 1655, 1728, 1752, 1801, 1874, 1947, 2020, 2093, 2166, 2239, 2312, 2385, 2458, 2531, 2604]
2653 = [-2580, -2507, -2434, -2361, -2288, -2215, -2142, -2069, -1996, -1923, -1850, -1777, -1704, -1631, -1558, -1485, -1412, -1339, -1266, -1193, -1120, -1047, -974, -901, -828, -755, -682, -609, -536, -463, -390, -317, -244, -171, -98, -25, 48, 121, 194, 267, 340, 413, 486, 559, 632, 705, 778, 851, 924, 997, 1070, 1143, 1216, 1289, 1362, 1435, 1508, 1581, 1654, 1727, 1800, 1825, 1873, 1946, 2019, 2092, 2165, 2238, 2311, 2384, 2457, 2530, 2603]
2654 = [-2581, -2508, -2435, -2362, -2289, -2216, -2143, -2070, -1997, -1924, -1851, -1778, -1705, -1632, -1559, -1486, -1413, -1340, -1267, -1194, -1121, -1048, -975, -902, -829, -756, -683, -610, -537, -464, -391, -318, -245, -172, -99, -26, 47, 120, 193, 266, 339, 412, 485, 558, 631, 704, 777, 850, 923, 996, 1069, 1142, 1215, 1288, 1361, 1434, 1507, 1580, 1653, 1726, 1799, 1872, 1898, 1945, 2018, 2091, 2164, 2237, 2310, 2383, 2456, 2529, 2602]
2655 = [-2582, -2509, -2436, -2363, -2290, -2217, -2144, -2071, -1998, -1925, -1852, -1779, -1706, -1633, -1560, -1487, -1414, -1341, -1268, -1195, -1122, -1049, -976, -903, -830, -757, -684, -611, -538, -465, -392, -319, -246, -173, -100, -27, 46, 119, 192, 265, 338, 411, 484, 557, 630, 703, 776, 849, 922, 995, 1068, 1141, 1214, 1287, 1360, 1433, 1506, 1579, 1652, 1725, 1798, 1871, 1944, 1971, 2017, 2090, 2163, 2236, 2309, 2382, 2455, 2528, 2601]
2656 = [-2583, -2510, -2437, -2364, -2291, -2218, -2145, -2072, -1999, -1926, -1853, -1780, -1707, -1634, -1561, -1488, -1415, -1342, -1269, -1196, -1123, -1050, -977, -904, -831, -758, -685, -612, -539, -466, -393, -320, -247, -174, -101, -28, 45, 118, 191, 264, 337, 410, 483, 556, 629, 702, 775, 848, 921, 994, 1067, 1140, 1213, 1286, 1359, 1432, 1505, 1578, 1651, 1724, 1797, 1870, 1943, 2016, 2044, 2089, 2162, 2235, 2308, 2381, 2454, 2527, 2600]
2657 = [-2584, -2511, -2438, -2365, -2292, -2219, -2146, -2073, -2000, -1927, -1854, -1781, -1708, -1635, -1562, -1489, -1416, -1343, -1270, -1197, -1124, -1051, -978, -905, -832, -759, -686, -613, -540, -467, -394, -321, -248, -175, -102, -29, 44, 117, 190, 263, 336, 409, 482, 555, 628, 701, 774, 847, 920, 993, 1066, 1139, 1212, 1285, 1358, 1431, 1504, 1577, 1650, 1723, 1796, 1869, 1942, 2015, 2088, 2117, 2161, 2234, 2307, 2380, 2453, 2526, 2599]
2658 = [-2585, -2512, -2439, -2366, -2293, -2220, -2147, -2074, -2001, -1928, -1855, -1782, -1709, -1636, -1563, -1490, -1417, -1344, -1271, -1198, -1125, -1052, -979, -906, -833, -760, -687, -614, -541, -468, -395, -322, -249, -176, -103, -30, 43, 116, 189, 262, 335, 408, 481, 554, 627, 700, 773, 846, 919, 992, 1065, 1138, 1211, 1284, 1357, 1430, 1503, 1576, 1649, 1722, 1795, 1868, 1941, 2014, 2087, 2160, 2190, 2233, 2306, 2379, 2452, 2525, 2598]
2659 = [-2586, -2513, -2440, -2367, -2294, -2221, -2148, -2075, -2002, -1929, -1856, -1783, -1710, -1637, -1564, -1491, -1418, -1345, -1272, -1199, -1126, -1053, -980, -907, -834, -761, -688, -615, -542, -469, -396, -323, -250, -177, -104, -31, 42, 115, 188, 261, 334, 407, 480, 553, 626, 699, 772, 845, 918, 991, 1064, 1137, 1210, 1283, 1356, 1429, 1502, 1575, 1648, 1721, 1794, 1867, 1940, 2013, 2086, 2159, 2232, 2263, 2305, 2378, 2451, 2524, 2597]
2660 = [-2587, -2514, -2441, -2368, -2295, -2222, -2149, -2076, -2003, -1930, -1857, -1784, -1711, -1638, -1565, -1492, -1419, -1346, -1273, -1200, -1127, -1054, -981, -908, -835, -762, -689, -616, -543, -470, -397, -324, -251, -178, -105, -32, 41, 114, 187, 260, 333, 406, 479, 552, 625, 698, 771, 844, 917, 990, 1063, 1136, 1209, 1282, 1355, 1428, 1501, 1574, 1647, 1720, 1793, 1866, 1939, 2012, 2085, 2158, 2231, 2304, 2336, 2377, 2450, 2523, 2596]
2661 = [-2588, -2515, -2442, -2369, -2296, -2223, -2150, -2077, -2004, -1931, -1858, -1785, -1712, -1639, -1566, -1493, -1420, -1347, -1274, -1201, -1128, -1055, -982, -909, -836, -763, -690, -617, -544, -471, -398, -325, -252, -179, -106, -33, 40, 113, 186, 259, 332, 405, 478, 551, 624, 697, 770, 843, 916, 989, 1062, 1135, 1208, 1281, 1354, 1427, 1500, 1573, 1646, 1719, 1792, 1865, 1938, 2011, 2084, 2157, 2230, 2303, 2376, 2409, 2449, 2522, 2595]
2662 = [-2589, -2516, -2443, -2370, -2297, -2224, -2151, -2078, -2005, -1932, -1859, -1786, -1713, -1640, -1567, -1494, -1421, -1348, -1275, -1202, -1129, -1056, -983, -910, -837, -764, -691, -618, -545, -472, -399, -326, -253, -180, -107, -34, 39, 112, 185, 258, 331, 404, 477, 550, 623, 696, 769, 842, 915, 988, 1061, 1134, 1207, 1280, 1353, 1426, 1499, 1572, 1645, 1718, 1791, 1864, 1937, 2010, 2083, 2156, 2229, 2302, 2375, 2448, 2482, 2521, 2594]
2663 = [-2590, -2517, -2444, -2371, -2298, -2225, -2152, -2079, -2006, -1933, -1860, -1787, -1714, -1641, -1568, -1495, -1422, -1349, -1276, -1203, -1130, -1057, -984, -911, -838, -765, -692, -619, -546, -473, -400, -327, -254, -181, -108, -35, 38, 111, 184, 257, 330, 403, 476, 549, 622, 695, 768, 841, 914, 987, 1060, 1133, 1206, 1279, 1352, 1425, 1498, 1571, 1644, 1717, 1790, 1863, 1936, 2009, 2082, 2155, 2228, 2301, 2374, 2447, 2520, 2555, 2593]
2664 = [-2591, -2518, -2445, -2372, -2299, -2226, -2153, -2080, -2007, -1934, -1861, -1788, -1715, -1642, -1569, -1496, -1423, -1350, -1277, -1204, -1131, -1058, -985, -912, -839, -766, -693, -620, -547, -474, -401, -328, -255, -182, -109, -36, 37, 110, 183, 256, 329, 402, 475, 548, 621, 694, 767, 840, 913, 986, 1059, 1132, 1205, 1278, 1351, 1424, 1497, 1570, 1643, 1716, 1789, 1862, 1935, 2008, 2081, 2154, 2227, 2300, 2373, 2446, 2519, 2592, 2628]
-2664 = [-2628, -2592, -2519, -2446, -2373, -2300, -2227, -2154, -2081, -2008, -1935, -1862, -1789, -1716, -1643, -1570, -1497, -1424, -1351, -1278, -1205, -1132, -1059, -986, -913, -840, -767, -694, -621, -548, -475, -402, -329, -256, -183, -110, -37, 36, 109, 182, 255, 328, 401, 474, 547, 620, 693, 766, 839, 912, 985, 1058, 1131, 1204, 1277, 1350, 1423, 1496, 1569, 1642, 1715, 1788, 1861, 1934, 2007, 2080, 2153, 2226, 2299, 2372, 2445, 2518, 2591]
-2663 = [-2593, -2555, -2520, -2447, -2374, -2301, -2228, -2155, -2082, -2009, -1936, -1863, -1790, -1717, -1644, -1571, -1498, -1425, -1352, -1279, -1206, -1133, -1060, -987, -914, -841, -768, -695, -622, -549, -476, -403, -330, -257, -184, -111, -38, 35, 108, 181, 254, 327, 400, 473, 546, 619, 692, 765, 838, 911, 984, 1057, 1130, 1203, 1276, 1349, 1422, 1495, 1568, 1641, 1714, 1787, 1860, 1933, 2006, 2079, 2152, 2225, 2298, 2371, 2444, 2517, 2590]
-2662 = [-2594, -2521, -2482, -2448, -2375, -2302, -2229, -2156, -2083, -2010, -1937, -1864, -1791, -1718, -1645, -1572, -1499, -1426, -1353, -1280, -1207, -1134, -1061, -988, -915, -842, -769, -696, -623, -550, -477, -404, -331, -258, -185, -112, -39, 34, 107, 180, 253, 326, 399, 472, 545, 618, 691, 764, 837, 910, 983, 1056, 1129, 1202, 1275, 1348, 1421, 1494, 1567, 1640, 1713, 1786, 1859, 1932, 2005, 2078, 2151, 2224, 2297, 2370, 2443, 2516, 2589]
-2661 = [-2595, -2522, -2449, -2409, -2376, -2303, -2230, -2157, -2084, -2011, -1938, -1865, -1792, -1719, -1646, -1573, -1500, -1427, -1354, -1281, -1208, -1135, -1062, -989, -916, -843, -770, -697, -624, -551, -478, -405, -332, -259, -186, -113, -40, 33, 106, 179, 252, 325, 398, 471, 544, 617, 690, 763, 836, 909, 982, 1055, 1128, 1201, 1274, 1347, 1420, 1493, 1566, 1639, 1712, 1785, 1858, 1931, 2004, 2077, 2150, 2223, 2296, 2369, 2442, 2515, 2588]
-2660 = [-2596, -2523, -2450, -2377, -2336, -2304, -2231, -2158, -2085, -2012, -1939, -1866, -1793, -1720, -1647, -1574, -1501, -1428, -1355, -1282, -1209, -1136, -1063, -990, -917, -844, -771, -698, -625, -552, -479, -406, -333, -260, -187, -114, -41, 32, 105, 178, 251, 324, 397, 470, 543, 616, 689, 762, 835, 908, 981, 1054, 1127, 1200, 1273, 1346, 1419, 1492, 1565, 1638, 1711, 1784, 1857, 1930, 2003, 2076, 2149, 2222, 2295, 2368, 2441, 2514, 2587]
-2659 = [-2597, -2524, -2451, -2378, -2305, -2263, -2232, -2159, -2086, -2013, -1940, -1867, -1794, -1721, -1648, -1575, -1502, -1429, -1356, -1283, -1210, -1137, -1064, -991, -918, -845, -772, -699, -626, -553, -480, -407, -334, -261, -188, -115, -42, 31, 104, 177, 250, 323, 396, 469, 542, 615, 688, 761, 834, 907, 980, 1053, 1126, 1199, 1272, 1345, 1418, 1491, 1564, 1637, 1710, 1783, 1856, 1929, 2002, 2075, 2148, 2221, 2294, 2367, 2440, 2513, 2586]
-2658 = [-2598, -2525, -2452, -2379, -2306, -2233, -2190, -2160, -2087, -2014, -1941, -1868, -1795, -1722, -1649, -1576, -1503, -1430, -1357, -1284, -1211, -1138, -1065, -992, -919, -846, -773, -700, -627, -554, -481, -408, -335, -262, -189, -116, -43, 30, 103, 176, 249, 322, 395, 468, 541, 614, 687, 760, 833, 906, 979, 1052, 1125, 1198, 1271, 1344, 1417, 1490, 1563, 1636, 1709, 1782, 1855, 1928, 2001, 2074, 2147, 2220, 2293, 2366, 2439, 2512, 2585]
-2657 = [-2599, -2526, -2453, -2380, -2307, -2234, -2161, -2117, -2088, -2015, -1942, -1869, -1796, -1723, -1650, -1577, -1504, -1431, -1358, -1285, -1212, -1139, -1066, -993, -920, -847, -774, -701, -628, -555, -482, -409, -336, -263, -190, -117, -44, 29, 102, 175, 248, 321, 394, 467, 540, 613, 686, 759, 832, 905, 978, 1051, 1124, 1197, 1270, 1343, 1416, 1489, 1562, 1635, 1708, 1781, 1854, 1927, 2000, 2073, 2146, 2219, 2292, 2365, 2438, 2511, 2584]
-2656 = [-2600, -2527, -2454, -2381, -2308, -2235, -2162, -2089, -2044, -2016, -1943, -1870, -1797, -1724, -1651, -1578, -1505, -1432, -1359, -1286, -1213, -1140, -1067, -994, -921, -848, -775, -702, -629, -556, -483, -410, -337, -264, -191, -118, -45, 28, 101, 174, 247, 320, 393, 466, 539, 612, 685, 758, 831, 904, 977, 1050, 1123, 1196, 1269, 1342, 1415, 1488, 1561, 1634, 1707, 1780, 1853, 1926, 1999, 2072, 2145, 2218, 2291, 2364, 2437, 2510, 2583]
-2655 = [-2601, -2528, -2455, -2382, -2309, -2236, -2163, -2090, -2017, -1971, -1944, -1871, -1798, -1725, -1652, -1579, -1506, -1433, -1360, -1287, -1214, -1141, -1068, -995, -922, -849, -776, -703, -630, -557, -484, -411, -338, -265, -192, -119, -46, 27, 100, 173, 246, 319, 392, 465, 538, 611, 684, 757, 830, 903, 976, 1049, 1122, 1195, 1268, 1341, 1414, 1487, 1560, 1633, 1706, 1779, 1852, 1925, 1998, 2071, 2144, 2217, 2290, 2363, 2436, 2509, 2582]
-2654 = [-2602, -2529, -2456, -2383, -2310, -2237, -2164, -2091, -2018, -1945, -1898, -1872, -1799, -1726, -1653, -1580, -1507, -1434, -1361, -1288, -1215, -1142, -1069, -996, -923, -850, -777, -704, -631, -558, -485, -412, -339, -266, -193, -120, -47, 26, 99, 172, 245, 318, 391, 464, 537, 610, 683, 756, 829, 902, 975, 1048, 1121, 1194, 1267, 1340, 1413, 1486, 1559, 1632, 1705, 1778, 1851, 1924, 1997, 2070, 2143, 2216, 2289, 2362, 2435, 2508, 2581]
-2653 = [-2603, -2530, -2457, -2384, -2311, -2238, -2165, -2092, -2019, -1946, -1873, -1825, -1800, -1727, -1654, -1581, -1508, -1435, -1362, -1289, -1216, -1143, -1070, -997, -924, -851, -778, -705, -632, -559, -486, -413, -340, -267, -194, -121, -48, 25, 98, 171, 244, 317, 390, 463, 536, 609, 682, 755, 828, 901, 974, 1047, 1120, 1193, 1266, 1339, 1412, 1485, 1558, 1631, 1704, 1777, 1850, 1923, 1996, 2069, 2142, 2215, 2288, 2361, 2434, 2507, 2580]
-2652 = [-2604, -2531, -2458, -2385, -2312, -2239, -2166, -2093, -2020, -1947, -1874, -1801, -1752, -1728, -1655, -1582, -1509, -1436, -1363, -1290, -1217, -1144, -1071, -998, -925, -852, -779, -706, -633, -560, -487, -414, -341, -268, -195, -122, -49, 24, 97, 170, 243, 316, 389, 462, 535, 608, 681, 754, 827, 900, 973, 1046, 1119, 1192, 1265, 1338, 1411, 1484, 1557, 1630, 1703, 1776, 1849, 1922, 1995, 2068, 2141, 2214, 2287, 2360, 2433, 2506, 2579]
-2651 = [-2605, -2532, -2459, -2386, -2313, -2240, -2167, -2094, -2021, -1948, -1875, -1802, -1729, -1679, -1656, -1583, -1510, -1437, -1364, -1291, -1218, -1145, -1072, -999, -926, -853, -780, -707, -634, -561, -488, -415, -342, -269, -196, -123, -50, 23, 96, 169, 242, 315, 388, 461, 534, 607, 680, 753, 826, 899, 972, 1045, 1118, 1191, 1264, 1337, 1410, 1483, 1556, 1629, 1702, 1775, 1848, 1921, 1994, 2067, 2140, 2213, 2286, 2359, 2432, 2505, 2578]
-2650 = [-2606, -2533, -2460, -2387, -2314, -2241, -2168, -2095, -2022, -1949, -1876, -1803, -1730, -1657, -1606, -1584, -1511, -1438, -1365, -1292, -1219, -1146, -1073, -1000, -927, -854, -781, -708, -635, -562, -489, -416, -343, -270, -197, -124, -51, 22, 95, 168, 241, 314, 387, 460, 533, 606, 679, 752, 825, 898, 971, 1044, 1117, 1190, 1263, 1336, 1409, 1482, 1555, 1628, 1701, 1774, 1847, 1920, 1993, 2066, 2139, 2212, 2285, 2358, 2431, 2504, 2577]
-2649 = [-2607, -2534, -2461, -2388, -2315, -2242, -2169, -2096, -2023, -1950, -1877, -1804, -1731, -1658, -1585, -1533, -1512, -1439, -1366, -1293, -1220, -1147, -1074, -1001, -928, -855, -782, -709, -636, -563, -490, -417, -344, -271, -198, -125, -52, 21, 94, 167, 240, 313, 386, 459, 532, 605, 678, 751, 824, 897, 970, 1043, 1116, 1189, 1262, 1335, 1408, 1481, 1554, 1627, 1700, 1773, 1846, 1919, 1992, 2065, 2138, 2211, 2284, 2357, 2430, 2503, 2576]
-2648 = [-2608, -2535, -2462, -2389, -2316, -2243, -2170, -2097, -2024, -1951, -1878, -1805, -1732, -1659, -1586, -1513, -1460, -1440, -1367, -1294, -1221, -1148, -1075, -1002, -929, -856, -783, -710, -637, -564, -491, -418, -345, -272, -199, -126, -53, 20, 93, 166, 239, 312, 385, 458, 531, 604, 677, 750, 823, 896, 969, 1042, 1115, 1188, 1261, 1334, 1407, 1480, 1553, 1626, 1699, 1772, 1845, 1918, 1991, 2064, 2137, 2210, 2283, 2356, 2429, 2502, 2575]
-2647 = [-2609, -2536, -2463, -2390, -2317, -2244, -2171, -2098, -2025, -1952, -1879, -1806, -1733, -1660, -1587, -1514, -1441, -1387, -1368, -1295, -1222, -1149, -1076, -1003, -930, -857, -784, -711, -638, -565, -492, -419, -346, -273, -200, -127, -54, 19, 92, 165, 238, 311, 384, 457, 530, 603, 676, 749, 822, 895, 968, 1041, 1114, 1187, 1260, 1333, 1406, 1479, 1552, 1625, 1698, 1771, 1844, 1917, 1990, 2063, 2136, 2209, 2282, 2355, 2428, 2501, 2574]
-2646 = [-2610, -2537, -2464, -2391, -2318, -2245, -2172, -2099, -2026, -1953, -1880, -1807, -1734, -1661, -1588, -1515, -1442, -1369, -1314, -1296, -1223, -1150, -1077, -1004, -931, -858, -785, -712, -639, -566, -493, -420, -347, -274, -201, -128, -55, 18, 91, 164, 237, 310, 383, 456, 529, 602, 675, 748, 821, 894, 967, 1040, 1113, 1186, 1259, 1332, 1405, 1478, 1551, 1624, 1697, 1770, 1843, 1916, 1989, 2062, 2135, 2208, 2281, 2354, 2427, 2500, 2573]
-2645 = [-2611, -2538, -2465, -2392, -2319, -2246, -2173, -2100, -2027, -1954, -1881, -1808, -1735, -1662, -1589, -1516, -1443, -1370, -1297, -1241, -1224, -1151, -1078, -1005, -932, -859, -786, -713, -640, -567, -494, -421, -348, -275, -202, -129, -56, 17, 90, 163, 236, 309, 382, 455, 528, 601, 674, 747, 820, 893, 966, 1039, 1112, 1185, 1258, 1331, 1404, 1477, 1550, 1623, 1696, 1769, 1842, 1915, 1988, 2061, 2134, 2207, 2280, 2353, 2426, 2499, 2572]
-2644 = [-2612, -2539, -2466, -2393, -2320, -2247, -2174, -2101, -2028, -1955, -1882, -1809, -1736, -1663, -1590, -1517, -1444, -1371, -1298, -1225, -1168, -1152, -1079, -1006, -933, -860, -787, -714, -641, -568, -495, -422, -349, -276, -203, -130, -57, 16, 89, 162, 235, 308, 381, 454, 527, 600, 673, 746, 819, 892, 965, 1038, 1111, 1184, 1257, 1330, 1403, 1476, 1549, 1622, 1695, 1768, 1841, 1914, 1987, 2060, 2133, 2206, 2279, 2352, 2425, 2498, 2571]
-2643 = [-2613, -2540, -2467, -2394, -2321, -2248, -2175, -2102, -2029, -1956, -1883, -1810, -1737, -1664, -1591, -1518, -1445, -1372, -1299, -1226, -1153, -1095, -1080, -1007, -934, -861, -788, -715, -642, -569, -496, -423, -350, -277, -204, -131, -58, 15, 88, 161, 234, 307, 380, 453, 526, 599, 672, 745, 818, 891, 964, 1037, 1110, 1183, 1256, 1329, 1402, 1475, 1548, 1621, 1694, 1767, 1840, 1913, 1986, 2059, 2132, 2205, 2278, 2351, 2424, 2497, 2570]
-2642 = [-2614, -2541, -2468, -2395, -2322, -2249, -2176, -2103, -2030, -1957, -1884, -1811, -1738, -1665, -1592, -1519, -1446, -1373, -1300, -1227, -1154, -1081, -1022, -1008, -935, -862, -789, -716, -643, -570, -497, -424, -351, -278, -205, -132, -59, 14, 87, 160, 233, 306, 379, 452, 525, 598, 671, 744, 817, 890, 963, 1036, 1109, 1182, 1255, 1328, 1401, 1474, 1547, 1620, 1693, 1766, 1839, 1912, 1985, 2058, 2131, 2204, 2277, 2350, 2423, 2496, 2569]
-2641 = [-2615, -2542, -2469, -2396, -2323, -2250, -2177, -2104, -2031, -1958, -1885, -1812, -1739, -1666, -1593, -1520, -1447, -1374, -1301, -1228, -1155, -1082, -1009, -949, -936, -863, -790, -717, -644, -571, -498, -425, -352, -279, -206, -133, -60, 13, 86, 159, 232, 305, 378, 451, 524, 597, 670, 743, 816, 889, 962, 1035, 1108, 1181, 1254, 1327, 1400, 1473, 1546, 1619, 1692, 1765, 1838, 1911, 1984, 2057, 2130, 2203, 2276, 2349, 2422, 2495, 2568]
-2640 = [-2616, -2543, -2470, -2397, -2324, -2251, -2178, -2105, -2032, -1959, -1886, -1813, -1740, -1667, -1594, -1521, -1448, -1375, -1302, -1229, -1156, -1083, -1010, -937, -876, -864, -791, -718, -645, -572, -499, -426, -353, -280, -207, -134, -61, 12, 85, 158, 231, 304, 377, 450, 523, 596, 669, 742, 815, 888, 961, 1034, 1107, 1180, 1253, 1326, 1399, 1472, 1545, 1618, 1691, 1764, 1837, 1910, 1983, 2056, 2129, 2202, 2275, 2348, 2421, 2494, 2567]
-2639 = [-2617, -2544, -2471, -2398, -2325, -2252, -2179, -2106, -2033, -1960, -1887, -1814, -1741, -1668, -1595, -1522, -1449, -1376, -1303, -1230, -1157, -1084, -1011, -938, -865, -803, -792, -719, -646, -573, -500, -427, -354, -281, -208, -135, -62, 11, 84, 157, 230, 303, 376, 449, 522, 595, 668, 741, 814, 887, 960, 1033, 1106, 1179, 1252, 1325, 1398, 1471, 1544, 1617, 1690, 1763, 1836, 1909, 1982, 2055, 2128, 2201, 2274, 2347, 2420, 2493, 2566]
-2638 = [-2618, -2545, -2472, -2399, -2326, -2253, -2180, -2107, -2034, -1961, -1888, -1815, -1742, -1669, -1596, -1523, -1450, -1377, -1304, -1231, -1158, -1085, -1012, -939, -866, -793, -730, -720, -647, -574, -501, -428, -355, -282, -209, -136, -63, 10, 83, 156, 229, 302, 375, 448, 521, 594, 667, 740, 813, 886, 959, 1032, 1105, 1178, 1251, 1324, 1397, 1470, 1543, 1616, 1689, 1762, 1835, 1908, 1981, 2054, 2127, 2200, 2273, 2346, 2419, 2492, 2565]
-2637 = [-2619, -2546, -2473, -2400, -2327, -2254, -2181, -2108, -2035, -1962, -1889, -1816, -1743, -1670, -1597, -1524, -1451, -1378, -1305, -1232, -1159, -1086, -1013, -940, -867, -794, -721, -657, -648, -575, -502, -429, -356, -283, -210, -137, -64, 9, 82, 155, 228, 301, 374, 447, 520, 593, 666, 739, 812, 885, 958, 1031, 1104, 1177, 1250, 1323, 1396, 1469, 1542, 1615, 1688, 1761, 1834, 1907, 1980, 2053, 2126, 2199, 2272, 2345, 2418, 2491, 2564]
-2636 = [-2620, -2547, -2474, -2401, -2328, -2255, -2182, -2109, -2036, -1963, -1890, -1817, -1744, -1671, -1598, -1525, -1452, -1379, -1306, -1233, -1160, -1087, -1014, -941, -868, -795, -722, -649, -584, -576, -503, -430, -357, -284, -211, -138, -65, 8, 81, 154, 227, 300, 373, 446, 519, 592, 665, 738, 811, 884, 957, 1030, 1103, 1176, 1249, 1322, 1395, 1468, 1541, 1614, 1687, 1760, 1833, 1906, 1979, 2052, 2125, 2198, 2271, 2344, 2417, 2490, 2563]
-2635 = [-2621, -2548, -2475, -2402, -2329, -2256, -2183, -2110, -2037, -1964, -1891, -1818, -1745, -1672, -1599, -1526, -1453, -1380, -1307, -1234, -1161, -1088, -1015, -942, -869, -796, -723, -650, -577, -511, -504, -431, -358, -285, -212, -139, -66, 7, 80, 153, 226, 299, 372, 445, 518, 591, 664, 737, 810, 883, 956, 1029, 1102, 1175, 1248, 1321, 1394, 1467, 1540, 1613, 1686, 1759, 1832, 1905, 1978, 2051, 2124, 2197, 2270, 2343, 2416, 2489, 2562]
-2634 = [-2622, -2549, -2476, -2403, -2330, -2257, -2184, -2111, -2038, -1965, -1892, -1819, -1746, -1673, -1600, -1527, -1454, -1381, -1308, -1235, -1162, -1089, -1016, -943, -870, -797, -724, -651, -578, -505, -438, -432, -359, -286, -213, -140, -67, 6, 79, 152, 225, 298, 371, 444, 517, 590, 663, 736, 809, 882, 955, 1028, 1101, 1174, 1247, 1320, 1393, 1466, 1539, 1612, 1685, 1758, 1831, 1904, 1977, 2050, 2123, 2196, 2269, 2342, 2415, 2488, 2561]
-2633 = [-2623, -2550, -2477, -2404, -2331, -2258, -2185, -2112, -2039, -1966, -1893, -1820, -1747, -1674, -1601, -1528, -1455, -1382, -1309, -1236, -1163, -1090, -1017, -944, -871, -798, -725, -652, -579, -506, -433, -365, -360, -287, -214, -141, -68, 5, 78, 151, 224, 297, 370, 443, 516, 589, 662, 735, 808, 881, 954, 1027, 1100, 1173, 1246, 1319, 1392, 1465, 1538, 1611, 1684, 1757, 1830, 1903, 1976, 2049, 2122, 2195, 2268, 2341, 2414, 2487, 2560]
-2632 = [-2624, -2551, -2478, -2405, -2332, -2259, -2186, -2113, -2040, -1967, -1894, -1821, -1748, -1675, -1602, -1529, -1456, -1383, -1310, -1237, -1164, -1091, -1018, -945, -872, -799, -726, -653, -580, -507, -434, -361, -292, -288, -215, -142, -69, 4, 77, 150, 223, 296, 369, 442, 515, 588, 661, 734, 807, 880, 953, 1026, 1099, 1172, 1245, 1318, 1391, 1464, 1537, 1610, 1683, 1756, 1829, 1902, 1975, 2048, 2121, 2194, 2267, 2340, 2413, 2486, 2559]
-2631 = [-2625, -2552, -2479, -2406, -2333, -2260, -2187, -2114, -2041, -1968, -1895, -1822, -1749, -1676, -1603, -1530, -1457, -1384, -1311, -1238, -1165, -1092, -1019, -946, -873, -800, -727, -654, -581, -508, -435, -362, -289, -219, -216, -143, -70, 3, 76, 149, 222, 295, 368, 441, 514, 587, 660, 733, 806, 879, 952, 1025, 1098, 1171, 1244, 1317, 1390, 1463, 1536, 1609, 1682, 1755, 1828, 1901, 1974, 2047, 2120, 2193, 2266, 2339, 2412, 2485, 2558]
-2630 = [-2626, -2553, -2480, -2407, -2334, -2261, -2188, -2115, -2042, -1969, -1896, -1823, -1750, -1677, -1604, -1531, -1458, -1385, -1312, -1239, -1166, -1093, -1020, -947, -874, -801, -728, -655, -582, -509, -436, -363, -290, -217, -146, -144, -71, 2, 75, 148, 221, 294, 367, 440, 513, 586, 659, 732, 805, 878, 951, 1024, 1097, 1170, 1243, 1316, 1389, 1462, 1535, 1608, 1681, 1754, 1827, 1900, 1973, 2046, 2119, 2192, 2265, 2338, 2411, 2484, 2557]
-2629 = [-2627, -2554, -2481, -2408, -2335, -2262, -2189, -2116, -2043, -1970, -1897, -1824, -1751, -1678, -1605, -1532, -1459, -1386, -1313, -1240, -1167, -1094, -1021, -948, -875, -802, -729, -656, -583, -510, -437, -364, -291, -218, -145, -73, -72, 1, 74, 147, 220, 293, 366, 439, 512, 585, 658, 731, 804, 877, 950, 1023, 1096, 1169, 1242, 1315, 1388, 1461, 1534, 1607, 1680, 1753, 1826, 1899, 1972, 2045, 2118, 2191, 2264, 2337, 2410, 2483, 2556]
