Maximum values for m = 6241 and d = 40:
3082 = [-3003, -2924, -2845, -2766, -2687, -2608, -2529, -2450, -2371, -2292, -2213, -2134, -2055, -1976, -1897, -1818, -1739, -1660, -1581, -1502, -1423, -1344, -1265, -1186, -1107, -1028, -949, -870, -791, -712, -633, -554, -475, -396, -317, -238, -159, -80, -1, 78, 79, 157, 236, 315, 394, 473, 552, 631, 710, 789, 868, 947, 1026, 1105, 1184, 1263, 1342, 1421, 1500, 1579, 1658, 1737, 1816, 1895, 1974, 2053, 2132, 2211, 2290, 2369, 2448, 2527, 2606, 2685, 2764, 2843, 2922, 3001, 3080]
3083 = [-3004, -2925, -2846, -2767, -2688, -2609, -2530, -2451, -2372, -2293, -2214, -2135, -2056, -1977, -1898, -1819, -1740, -1661, -1582, -1503, -1424, -1345, -1266, -1187, -1108, -1029, -950, -871, -792, -713, -634, -555, -476, -397, -318, -239, -160, -81, -2, 77, 156, 158, 235, 314, 393, 472, 551, 630, 709, 788, 867, 946, 1025, 1104, 1183, 1262, 1341, 1420, 1499, 1578, 1657, 1736, 1815, 1894, 1973, 2052, 2131, 2210, 2289, 2368, 2447, 2526, 2605, 2684, 2763, 2842, 2921, 3000, 3079]
3084 = [-3005, -2926, -2847, -2768, -2689, -2610, -2531, -2452, -2373, -2294, -2215, -2136, -2057, -1978, -1899, -1820, -1741, -1662, -1583, -1504, -1425, -1346, -1267, -1188, -1109, -1030, -951, -872, -793, -714, -635, -556, -477, -398, -319, -240, -161, -82, -3, 76, 155, 234, 237, 313, 392, 471, 550, 629, 708, 787, 866, 945, 1024, 1103, 1182, 1261, 1340, 1419, 1498, 1577, 1656, 1735, 1814, 1893, 1972, 2051, 2130, 2209, 2288, 2367, 2446, 2525, 2604, 2683, 2762, 2841, 2920, 2999, 3078]
3085 = [-3006, -2927, -2848, -2769, -2690, -2611, -2532, -2453, -2374, -2295, -2216, -2137, -2058, -1979, -1900, -1821, -1742, -1663, -1584, -1505, -1426, -1347, -1268, -1189, -1110, -1031, -952, -873, -794, -715, -636, -557, -478, -399, -320, -241, -162, -83, -4, 75, 154, 233, 312, 316, 391, 470, 549, 628, 707, 786, 865, 944, 1023, 1102, 1181, 1260, 1339, 1418, 1497, 1576, 1655, 1734, 1813, 1892, 1971, 2050, 2129, 2208, 2287, 2366, 2445, 2524, 2603, 2682, 2761, 2840, 2919, 2998, 3077]
3086 = [-3007, -2928, -2849, -2770, -2691, -2612, -2533, -2454, -2375, -2296, -2217, -2138, -2059, -1980, -1901, -1822, -1743, -1664, -1585, -1506, -1427, -1348, -1269, -1190, -1111, -1032, -953, -874, -795, -716, -637, -558, -479, -400, -321, -242, -163, -84, -5, 74, 153, 232, 311, 390, 395, 469, 548, 627, 706, 785, 864, 943, 1022, 1101, 1180, 1259, 1338, 1417, 1496, 1575, 1654, 1733, 1812, 1891, 1970, 2049, 2128, 2207, 2286, 2365, 2444, 2523, 2602, 2681, 2760, 2839, 2918, 2997, 3076]
3087 = [-3008, -2929, -2850, -2771, -2692, -2613, -2534, -2455, -2376, -2297, -2218, -2139, -2060, -1981, -1902, -1823, -1744, -1665, -1586, -1507, -1428, -1349, -1270, -1191, -1112, -1033, -954, -875, -796, -717, -638, -559, -480, -401, -322, -243, -164, -85, -6, 73, 152, 231, 310, 389, 468, 474, 547, 626, 705, 784, 863, 942, 1021, 1100, 1179, 1258, 1337, 1416, 1495, 1574, 1653, 1732, 1811, 1890, 1969, 2048, 2127, 2206, 2285, 2364, 2443, 2522, 2601, 2680, 2759, 2838, 2917, 2996, 3075]
3088 = [-3009, -2930, -2851, -2772, -2693, -2614, -2535, -2456, -2377, -2298, -2219, -2140, -2061, -1982, -1903, -1824, -1745, -1666, -1587, -1508, -1429, -1350, -1271, -1192, -1113, -1034, -955, -876, -797, -718, -639, -560, -481, -402, -323, -244, -165, -86, -7, 72, 151, 230, 309, 388, 467, 546, 553, 625, 704, 783, 862, 941, 1020, 1099, 1178, 1257, 1336, 1415, 1494, 1573, 1652, 1731, 1810, 1889, 1968, 2047, 2126, 2205, 2284, 2363, 2442, 2521, 2600, 2679, 2758, 2837, 2916, 2995, 3074]
3089 = [-3010, -2931, -2852, -2773, -2694, -2615, -2536, -2457, -2378, -2299, -2220, -2141, -2062, -1983, -1904, -1825, -1746, -1667, -1588, -1509, -1430, -1351, -1272, -1193, -1114, -1035, -956, -877, -798, -719, -640, -561, -482, -403, -324, -245, -166, -87, -8, 71, 150, 229, 308, 387, 466, 545, 624, 632, 703, 782, 861, 940, 1019, 1098, 1177, 1256, 1335, 1414, 1493, 1572, 1651, 1730, 1809, 1888, 1967, 2046, 2125, 2204, 2283, 2362, 2441, 2520, 2599, 2678, 2757, 2836, 2915, 2994, 3073]
3090 = [-3011, -2932, -2853, -2774, -2695, -2616, -2537, -2458, -2379, -2300, -2221, -2142, -2063, -1984, -1905, -1826, -1747, -1668, -1589, -1510, -1431, -1352, -1273, -1194, -1115, -1036, -957, -878, -799, -720, -641, -562, -483, -404, -325, -246, -167, -88, -9, 70, 149, 228, 307, 386, 465, 544, 623, 702, 711, 781, 860, 939, 1018, 1097, 1176, 1255, 1334, 1413, 1492, 1571, 1650, 1729, 1808, 1887, 1966, 2045, 2124, 2203, 2282, 2361, 2440, 2519, 2598, 2677, 2756, 2835, 2914, 2993, 3072]
3091 = [-3012, -2933, -2854, -2775, -2696, -2617, -2538, -2459, -2380, -2301, -2222, -2143, -2064, -1985, -1906, -1827, -1748, -1669, -1590, -1511, -1432, -1353, -1274, -1195, -1116, -1037, -958, -879, -800, -721, -642, -563, -484, -405, -326, -247, -168, -89, -10, 69, 148, 227, 306, 385, 464, 543, 622, 701, 780, 790, 859, 938, 1017, 1096, 1175, 1254, 1333, 1412, 1491, 1570, 1649, 1728, 1807, 1886, 1965, 2044, 2123, 2202, 2281, 2360, 2439, 2518, 2597, 2676, 2755, 2834, 2913, 2992, 3071]
3092 = [-3013, -2934, -2855, -2776, -2697, -2618, -2539, -2460, -2381, -2302, -2223, -2144, -2065, -1986, -1907, -1828, -1749, -1670, -1591, -1512, -1433, -1354, -1275, -1196, -1117, -1038, -959, -880, -801, -722, -643, -564, -485, -406, -327, -248, -169, -90, -11, 68, 147, 226, 305, 384, 463, 542, 621, 700, 779, 858, 869, 937, 1016, 1095, 1174, 1253, 1332, 1411, 1490, 1569, 1648, 1727, 1806, 1885, 1964, 2043, 2122, 2201, 2280, 2359, 2438, 2517, 2596, 2675, 2754, 2833, 2912, 2991, 3070]
3093 = [-3014, -2935, -2856, -2777, -2698, -2619, -2540, -2461, -2382, -2303, -2224, -2145, -2066, -1987, -1908, -1829, -1750, -1671, -1592, -1513, -1434, -1355, -1276, -1197, -1118, -1039, -960, -881, -802, -723, -644, -565, -486, -407, -328, -249, -170, -91, -12, 67, 146, 225, 304, 383, 462, 541, 620, 699, 778, 857, 936, 948, 1015, 1094, 1173, 1252, 1331, 1410, 1489, 1568, 1647, 1726, 1805, 1884, 1963, 2042, 2121, 2200, 2279, 2358, 2437, 2516, 2595, 2674, 2753, 2832, 2911, 2990, 3069]
3094 = [-3015, -2936, -2857, -2778, -2699, -2620, -2541, -2462, -2383, -2304, -2225, -2146, -2067, -1988, -1909, -1830, -1751, -1672, -1593, -1514, -1435, -1356, -1277, -1198, -1119, -1040, -961, -882, -803, -724, -645, -566, -487, -408, -329, -250, -171, -92, -13, 66, 145, 224, 303, 382, 461, 540, 619, 698, 777, 856, 935, 1014, 1027, 1093, 1172, 1251, 1330, 1409, 1488, 1567, 1646, 1725, 1804, 1883, 1962, 2041, 2120, 2199, 2278, 2357, 2436, 2515, 2594, 2673, 2752, 2831, 2910, 2989, 3068]
3095 = [-3016, -2937, -2858, -2779, -2700, -2621, -2542, -2463, -2384, -2305, -2226, -2147, -2068, -1989, -1910, -1831, -1752, -1673, -1594, -1515, -1436, -1357, -1278, -1199, -1120, -1041, -962, -883, -804, -725, -646, -567, -488, -409, -330, -251, -172, -93, -14, 65, 144, 223, 302, 381, 460, 539, 618, 697, 776, 855, 934, 1013, 1092, 1106, 1171, 1250, 1329, 1408, 1487, 1566, 1645, 1724, 1803, 1882, 1961, 2040, 2119, 2198, 2277, 2356, 2435, 2514, 2593, 2672, 2751, 2830, 2909, 2988, 3067]
3096 = [-3017, -2938, -2859, -2780, -2701, -2622, -2543, -2464, -2385, -2306, -2227, -2148, -2069, -1990, -1911, -1832, -1753, -1674, -1595, -1516, -1437, -1358, -1279, -1200, -1121, -1042, -963, -884, -805, -726, -647, -568, -489, -410, -331, -252, -173, -94, -15, 64, 143, 222, 301, 380, 459, 538, 617, 696, 775, 854, 933, 1012, 1091, 1170, 1185, 1249, 1328, 1407, 1486, 1565, 1644, 1723, 1802, 1881, 1960, 2039, 2118, 2197, 2276, 2355, 2434, 2513, 2592, 2671, 2750, 2829, 2908, 2987, 3066]
3097 = [-3018, -2939, -2860, -2781, -2702, -2623, -2544, -2465, -2386, -2307, -2228, -2149, -2070, -1991, -1912, -1833, -1754, -1675, -1596, -1517, -1438, -1359, -1280, -1201, -1122, -1043, -964, -885, -806, -727, -648, -569, -490, -411, -332, -253, -174, -95, -16, 63, 142, 221, 300, 379, 458, 537, 616, 695, 774, 853, 932, 1011, 1090, 1169, 1248, 1264, 1327, 1406, 1485, 1564, 1643, 1722, 1801, 1880, 1959, 2038, 2117, 2196, 2275, 2354, 2433, 2512, 2591, 2670, 2749, 2828, 2907, 2986, 3065]
3098 = [-3019, -2940, -2861, -2782, -2703, -2624, -2545, -2466, -2387, -2308, -2229, -2150, -2071, -1992, -1913, -1834, -1755, -1676, -1597, -1518, -1439, -1360, -1281, -1202, -1123, -1044, -965, -886, -807, -728, -649, -570, -491, -412, -333, -254, -175, -96, -17, 62, 141, 220, 299, 378, 457, 536, 615, 694, 773, 852, 931, 1010, 1089, 1168, 1247, 1326, 1343, 1405, 1484, 1563, 1642, 1721, 1800, 1879, 1958, 2037, 2116, 2195, 2274, 2353, 2432, 2511, 2590, 2669, 2748, 2827, 2906, 2985, 3064]
3099 = [-3020, -2941, -2862, -2783, -2704, -2625, -2546, -2467, -2388, -2309, -2230, -2151, -2072, -1993, -1914, -1835, -1756, -1677, -1598, -1519, -1440, -1361, -1282, -1203, -1124, -1045, -966, -887, -808, -729, -650, -571, -492, -413, -334, -255, -176, -97, -18, 61, 140, 219, 298, 377, 456, 535, 614, 693, 772, 851, 930, 1009, 1088, 1167, 1246, 1325, 1404, 1422, 1483, 1562, 1641, 1720, 1799, 1878, 1957, 2036, 2115, 2194, 2273, 2352, 2431, 2510, 2589, 2668, 2747, 2826, 2905, 2984, 3063]
3100 = [-3021, -2942, -2863, -2784, -2705, -2626, -2547, -2468, -2389, -2310, -2231, -2152, -2073, -1994, -1915, -1836, -1757, -1678, -1599, -1520, -1441, -1362, -1283, -1204, -1125, -1046, -967, -888, -809, -730, -651, -572, -493, -414, -335, -256, -177, -98, -19, 60, 139, 218, 297, 376, 455, 534, 613, 692, 771, 850, 929, 1008, 1087, 1166, 1245, 1324, 1403, 1482, 1501, 1561, 1640, 1719, 1798, 1877, 1956, 2035, 2114, 2193, 2272, 2351, 2430, 2509, 2588, 2667, 2746, 2825, 2904, 2983, 3062]
3101 = [-3022, -2943, -2864, -2785, -2706, -2627, -2548, -2469, -2390, -2311, -2232, -2153, -2074, -1995, -1916, -1837, -1758, -1679, -1600, -1521, -1442, -1363, -1284, -1205, -1126, -1047, -968, -889, -810, -731, -652, -573, -494, -415, -336, -257, -178, -99, -20, 59, 138, 217, 296, 375, 454, 533, 612, 691, 770, 849, 928, 1007, 1086, 1165, 1244, 1323, 1402, 1481, 1560, 1580, 1639, 1718, 1797, 1876, 1955, 2034, 2113, 2192, 2271, 2350, 2429, 2508, 2587, 2666, 2745, 2824, 2903, 2982, 3061]
3102 = [-3023, -2944, -2865, -2786, -2707, -2628, -2549, -2470, -2391, -2312, -2233, -2154, -2075, -1996, -1917, -1838, -1759, -1680, -1601, -1522, -1443, -1364, -1285, -1206, -1127, -1048, -969, -890, -811, -732, -653, -574, -495, -416, -337, -258, -179, -100, -21, 58, 137, 216, 295, 374, 453, 532, 611, 690, 769, 848, 927, 1006, 1085, 1164, 1243, 1322, 1401, 1480, 1559, 1638, 1659, 1717, 1796, 1875, 1954, 2033, 2112, 2191, 2270, 2349, 2428, 2507, 2586, 2665, 2744, 2823, 2902, 2981, 3060]
3103 = [-3024, -2945, -2866, -2787, -2708, -2629, -2550, -2471, -2392, -2313, -2234, -2155, -2076, -1997, -1918, -1839, -1760, -1681, -1602, -1523, -1444, -1365, -1286, -1207, -1128, -1049, -970, -891, -812, -733, -654, -575, -496, -417, -338, -259, -180, -101, -22, 57, 136, 215, 294, 373, 452, 531, 610, 689, 768, 847, 926, 1005, 1084, 1163, 1242, 1321, 1400, 1479, 1558, 1637, 1716, 1738, 1795, 1874, 1953, 2032, 2111, 2190, 2269, 2348, 2427, 2506, 2585, 2664, 2743, 2822, 2901, 2980, 3059]
3104 = [-3025, -2946, -2867, -2788, -2709, -2630, -2551, -2472, -2393, -2314, -2235, -2156, -2077, -1998, -1919, -1840, -1761, -1682, -1603, -1524, -1445, -1366, -1287, -1208, -1129, -1050, -971, -892, -813, -734, -655, -576, -497, -418, -339, -260, -181, -102, -23, 56, 135, 214, 293, 372, 451, 530, 609, 688, 767, 846, 925, 1004, 1083, 1162, 1241, 1320, 1399, 1478, 1557, 1636, 1715, 1794, 1817, 1873, 1952, 2031, 2110, 2189, 2268, 2347, 2426, 2505, 2584, 2663, 2742, 2821, 2900, 2979, 3058]
3105 = [-3026, -2947, -2868, -2789, -2710, -2631, -2552, -2473, -2394, -2315, -2236, -2157, -2078, -1999, -1920, -1841, -1762, -1683, -1604, -1525, -1446, -1367, -1288, -1209, -1130, -1051, -972, -893, -814, -735, -656, -577, -498, -419, -340, -261, -182, -103, -24, 55, 134, 213, 292, 371, 450, 529, 608, 687, 766, 845, 924, 1003, 1082, 1161, 1240, 1319, 1398, 1477, 1556, 1635, 1714, 1793, 1872, 1896, 1951, 2030, 2109, 2188, 2267, 2346, 2425, 2504, 2583, 2662, 2741, 2820, 2899, 2978, 3057]
3106 = [-3027, -2948, -2869, -2790, -2711, -2632, -2553, -2474, -2395, -2316, -2237, -2158, -2079, -2000, -1921, -1842, -1763, -1684, -1605, -1526, -1447, -1368, -1289, -1210, -1131, -1052, -973, -894, -815, -736, -657, -578, -499, -420, -341, -262, -183, -104, -25, 54, 133, 212, 291, 370, 449, 528, 607, 686, 765, 844, 923, 1002, 1081, 1160, 1239, 1318, 1397, 1476, 1555, 1634, 1713, 1792, 1871, 1950, 1975, 2029, 2108, 2187, 2266, 2345, 2424, 2503, 2582, 2661, 2740, 2819, 2898, 2977, 3056]
3107 = [-3028, -2949, -2870, -2791, -2712, -2633, -2554, -2475, -2396, -2317, -2238, -2159, -2080, -2001, -1922, -1843, -1764, -1685, -1606, -1527, -1448, -1369, -1290, -1211, -1132, -1053, -974, -895, -816, -737, -658, -579, -500, -421, -342, -263, -184, -105, -26, 53, 132, 211, 290, 369, 448, 527, 606, 685, 764, 843, 922, 1001, 1080, 1159, 1238, 1317, 1396, 1475, 1554, 1633, 1712, 1791, 1870, 1949, 2028, 2054, 2107, 2186, 2265, 2344, 2423, 2502, 2581, 2660, 2739, 2818, 2897, 2976, 3055]
3108 = [-3029, -2950, -2871, -2792, -2713, -2634, -2555, -2476, -2397, -2318, -2239, -2160, -2081, -2002, -1923, -1844, -1765, -1686, -1607, -1528, -1449, -1370, -1291, -1212, -1133, -1054, -975, -896, -817, -738, -659, -580, -501, -422, -343, -264, -185, -106, -27, 52, 131, 210, 289, 368, 447, 526, 605, 684, 763, 842, 921, 1000, 1079, 1158, 1237, 1316, 1395, 1474, 1553, 1632, 1711, 1790, 1869, 1948, 2027, 2106, 2133, 2185, 2264, 2343, 2422, 2501, 2580, 2659, 2738, 2817, 2896, 2975, 3054]
3109 = [-3030, -2951, -2872, -2793, -2714, -2635, -2556, -2477, -2398, -2319, -2240, -2161, -2082, -2003, -1924, -1845, -1766, -1687, -1608, -1529, -1450, -1371, -1292, -1213, -1134, -1055, -976, -897, -818, -739, -660, -581, -502, -423, -344, -265, -186, -107, -28, 51, 130, 209, 288, 367, 446, 525, 604, 683, 762, 841, 920, 999, 1078, 1157, 1236, 1315, 1394, 1473, 1552, 1631, 1710, 1789, 1868, 1947, 2026, 2105, 2184, 2212, 2263, 2342, 2421, 2500, 2579, 2658, 2737, 2816, 2895, 2974, 3053]
3110 = [-3031, -2952, -2873, -2794, -2715, -2636, -2557, -2478, -2399, -2320, -2241, -2162, -2083, -2004, -1925, -1846, -1767, -1688, -1609, -1530, -1451, -1372, -1293, -1214, -1135, -1056, -977, -898, -819, -740, -661, -582, -503, -424, -345, -266, -187, -108, -29, 50, 129, 208, 287, 366, 445, 524, 603, 682, 761, 840, 919, 998, 1077, 1156, 1235, 1314, 1393, 1472, 1551, 1630, 1709, 1788, 1867, 1946, 2025, 2104, 2183, 2262, 2291, 2341, 2420, 2499, 2578, 2657, 2736, 2815, 2894, 2973, 3052]
3111 = [-3032, -2953, -2874, -2795, -2716, -2637, -2558, -2479, -2400, -2321, -2242, -2163, -2084, -2005, -1926, -1847, -1768, -1689, -1610, -1531, -1452, -1373, -1294, -1215, -1136, -1057, -978, -899, -820, -741, -662, -583, -504, -425, -346, -267, -188, -109, -30, 49, 128, 207, 286, 365, 444, 523, 602, 681, 760, 839, 918, 997, 1076, 1155, 1234, 1313, 1392, 1471, 1550, 1629, 1708, 1787, 1866, 1945, 2024, 2103, 2182, 2261, 2340, 2370, 2419, 2498, 2577, 2656, 2735, 2814, 2893, 2972, 3051]
3112 = [-3033, -2954, -2875, -2796, -2717, -2638, -2559, -2480, -2401, -2322, -2243, -2164, -2085, -2006, -1927, -1848, -1769, -1690, -1611, -1532, -1453, -1374, -1295, -1216, -1137, -1058, -979, -900, -821, -742, -663, -584, -505, -426, -347, -268, -189, -110, -31, 48, 127, 206, 285, 364, 443, 522, 601, 680, 759, 838, 917, 996, 1075, 1154, 1233, 1312, 1391, 1470, 1549, 1628, 1707, 1786, 1865, 1944, 2023, 2102, 2181, 2260, 2339, 2418, 2449, 2497, 2576, 2655, 2734, 2813, 2892, 2971, 3050]
3113 = [-3034, -2955, -2876, -2797, -2718, -2639, -2560, -2481, -2402, -2323, -2244, -2165, -2086, -2007, -1928, -1849, -1770, -1691, -1612, -1533, -1454, -1375, -1296, -1217, -1138, -1059, -980, -901, -822, -743, -664, -585, -506, -427, -348, -269, -190, -111, -32, 47, 126, 205, 284, 363, 442, 521, 600, 679, 758, 837, 916, 995, 1074, 1153, 1232, 1311, 1390, 1469, 1548, 1627, 1706, 1785, 1864, 1943, 2022, 2101, 2180, 2259, 2338, 2417, 2496, 2528, 2575, 2654, 2733, 2812, 2891, 2970, 3049]
3114 = [-3035, -2956, -2877, -2798, -2719, -2640, -2561, -2482, -2403, -2324, -2245, -2166, -2087, -2008, -1929, -1850, -1771, -1692, -1613, -1534, -1455, -1376, -1297, -1218, -1139, -1060, -981, -902, -823, -744, -665, -586, -507, -428, -349, -270, -191, -112, -33, 46, 125, 204, 283, 362, 441, 520, 599, 678, 757, 836, 915, 994, 1073, 1152, 1231, 1310, 1389, 1468, 1547, 1626, 1705, 1784, 1863, 1942, 2021, 2100, 2179, 2258, 2337, 2416, 2495, 2574, 2607, 2653, 2732, 2811, 2890, 2969, 3048]
3115 = [-3036, -2957, -2878, -2799, -2720, -2641, -2562, -2483, -2404, -2325, -2246, -2167, -2088, -2009, -1930, -1851, -1772, -1693, -1614, -1535, -1456, -1377, -1298, -1219, -1140, -1061, -982, -903, -824, -745, -666, -587, -508, -429, -350, -271, -192, -113, -34, 45, 124, 203, 282, 361, 440, 519, 598, 677, 756, 835, 914, 993, 1072, 1151, 1230, 1309, 1388, 1467, 1546, 1625, 1704, 1783, 1862, 1941, 2020, 2099, 2178, 2257, 2336, 2415, 2494, 2573, 2652, 2686, 2731, 2810, 2889, 2968, 3047]
3116 = [-3037, -2958, -2879, -2800, -2721, -2642, -2563, -2484, -2405, -2326, -2247, -2168, -2089, -2010, -1931, -1852, -1773, -1694, -1615, -1536, -1457, -1378, -1299, -1220, -1141, -1062, -983, -904, -825, -746, -667, -588, -509, -430, -351, -272, -193, -114, -35, 44, 123, 202, 281, 360, 439, 518, 597, 676, 755, 834, 913, 992, 1071, 1150, 1229, 1308, 1387, 1466, 1545, 1624, 1703, 1782, 1861, 1940, 2019, 2098, 2177, 2256, 2335, 2414, 2493, 2572, 2651, 2730, 2765, 2809, 2888, 2967, 3046]
3117 = [-3038, -2959, -2880, -2801, -2722, -2643, -2564, -2485, -2406, -2327, -2248, -2169, -2090, -2011, -1932, -1853, -1774, -1695, -1616, -1537, -1458, -1379, -1300, -1221, -1142, -1063, -984, -905, -826, -747, -668, -589, -510, -431, -352, -273, -194, -115, -36, 43, 122, 201, 280, 359, 438, 517, 596, 675, 754, 833, 912, 991, 1070, 1149, 1228, 1307, 1386, 1465, 1544, 1623, 1702, 1781, 1860, 1939, 2018, 2097, 2176, 2255, 2334, 2413, 2492, 2571, 2650, 2729, 2808, 2844, 2887, 2966, 3045]
3118 = [-3039, -2960, -2881, -2802, -2723, -2644, -2565, -2486, -2407, -2328, -2249, -2170, -2091, -2012, -1933, -1854, -1775, -1696, -1617, -1538, -1459, -1380, -1301, -1222, -1143, -1064, -985, -906, -827, -748, -669, -590, -511, -432, -353, -274, -195, -116, -37, 42, 121, 200, 279, 358, 437, 516, 595, 674, 753, 832, 911, 990, 1069, 1148, 1227, 1306, 1385, 1464, 1543, 1622, 1701, 1780, 1859, 1938, 2017, 2096, 2175, 2254, 2333, 2412, 2491, 2570, 2649, 2728, 2807, 2886, 2923, 2965, 3044]
3119 = [-3040, -2961, -2882, -2803, -2724, -2645, -2566, -2487, -2408, -2329, -2250, -2171, -2092, -2013, -1934, -1855, -1776, -1697, -1618, -1539, -1460, -1381, -1302, -1223, -1144, -1065, -986, -907, -828, -749, -670, -591, -512, -433, -354, -275, -196, -117, -38, 41, 120, 199, 278, 357, 436, 515, 594, 673, 752, 831, 910, 989, 1068, 1147, 1226, 1305, 1384, 1463, 1542, 1621, 1700, 1779, 1858, 1937, 2016, 2095, 2174, 2253, 2332, 2411, 2490, 2569, 2648, 2727, 2806, 2885, 2964, 3002, 3043]
3120 = [-3041, -2962, -2883, -2804, -2725, -2646, -2567, -2488, -2409, -2330, -2251, -2172, -2093, -2014, -1935, -1856, -1777, -1698, -1619, -1540, -1461, -1382, -1303, -1224, -1145, -1066, -987, -908, -829, -750, -671, -592, -513, -434, -355, -276, -197, -118, -39, 40, 119, 198, 277, 356, 435, 514, 593, 672, 751, 830, 909, 988, 1067, 1146, 1225, 1304, 1383, 1462, 1541, 1620, 1699, 1778, 1857, 1936, 2015, 2094, 2173, 2252, 2331, 2410, 2489, 2568, 2647, 2726, 2805, 2884, 2963, 3042, 3081]
-3120 = [-3081, -3042, -2963, -2884, -2805, -2726, -2647, -2568, -2489, -2410, -2331, -2252, -2173, -2094, -2015, -1936, -1857, -1778, -1699, -1620, -1541, -1462, -1383, -1304, -1225, -1146, -1067, -988, -909, -830, -751, -672, -593, -514, -435, -356, -277, -198, -119, -40, 39, 118, 197, 276, 355, 434, 513, 592, 671, 750, 829, 908, 987, 1066, 1145, 1224, 1303, 1382, 1461, 1540, 1619, 1698, 1777, 1856, 1935, 2014, 2093, 2172, 2251, 2330, 2409, 2488, 2567, 2646, 2725, 2804, 2883, 2962, 3041]
-3119 = [-3043, -3002, -2964, -2885, -2806, -2727, -2648, -2569, -2490, -2411, -2332, -2253, -2174, -2095, -2016, -1937, -1858, -1779, -1700, -1621, -1542, -1463, -1384, -1305, -1226, -1147, -1068, -989, -910, -831, -752, -673, -594, -515, -436, -357, -278, -199, -120, -41, 38, 117, 196, 275, 354, 433, 512, 591, 670, 749, 828, 907, 986, 1065, 1144, 1223, 1302, 1381, 1460, 1539, 1618, 1697, 1776, 1855, 1934, 2013, 2092, 2171, 2250, 2329, 2408, 2487, 2566, 2645, 2724, 2803, 2882, 2961, 3040]
-3118 = [-3044, -2965, -2923, -2886, -2807, -2728, -2649, -2570, -2491, -2412, -2333, -2254, -2175, -2096, -2017, -1938, -1859, -1780, -1701, -1622, -1543, -1464, -1385, -1306, -1227, -1148, -1069, -990, -911, -832, -753, -674, -595, -516, -437, -358, -279, -200, -121, -42, 37, 116, 195, 274, 353, 432, 511, 590, 669, 748, 827, 906, 985, 1064, 1143, 1222, 1301, 1380, 1459, 1538, 1617, 1696, 1775, 1854, 1933, 2012, 2091, 2170, 2249, 2328, 2407, 2486, 2565, 2644, 2723, 2802, 2881, 2960, 3039]
-3117 = [-3045, -2966, -2887, -2844, -2808, -2729, -2650, -2571, -2492, -2413, -2334, -2255, -2176, -2097, -2018, -1939, -1860, -1781, -1702, -1623, -1544, -1465, -1386, -1307, -1228, -1149, -1070, -991, -912, -833, -754, -675, -596, -517, -438, -359, -280, -201, -122, -43, 36, 115, 194, 273, 352, 431, 510, 589, 668, 747, 826, 905, 984, 1063, 1142, 1221, 1300, 1379, 1458, 1537, 1616, 1695, 1774, 1853, 1932, 2011, 2090, 2169, 2248, 2327, 2406, 2485, 2564, 2643, 2722, 2801, 2880, 2959, 3038]
-3116 = [-3046, -2967, -2888, -2809, -2765, -2730, -2651, -2572, -2493, -2414, -2335, -2256, -2177, -2098, -2019, -1940, -1861, -1782, -1703, -1624, -1545, -1466, -1387, -1308, -1229, -1150, -1071, -992, -913, -834, -755, -676, -597, -518, -439, -360, -281, -202, -123, -44, 35, 114, 193, 272, 351, 430, 509, 588, 667, 746, 825, 904, 983, 1062, 1141, 1220, 1299, 1378, 1457, 1536, 1615, 1694, 1773, 1852, 1931, 2010, 2089, 2168, 2247, 2326, 2405, 2484, 2563, 2642, 2721, 2800, 2879, 2958, 3037]
-3115 = [-3047, -2968, -2889, -2810, -2731, -2686, -2652, -2573, -2494, -2415, -2336, -2257, -2178, -2099, -2020, -1941, -1862, -1783, -1704, -1625, -1546, -1467, -1388, -1309, -1230, -1151, -1072, -993, -914, -835, -756, -677, -598, -519, -440, -361, -282, -203, -124, -45, 34, 113, 192, 271, 350, 429, 508, 587, 666, 745, 824, 903, 982, 1061, 1140, 1219, 1298, 1377, 1456, 1535, 1614, 1693, 1772, 1851, 1930, 2009, 2088, 2167, 2246, 2325, 2404, 2483, 2562, 2641, 2720, 2799, 2878, 2957, 3036]
-3114 = [-3048, -2969, -2890, -2811, -2732, -2653, -2607, -2574, -2495, -2416, -2337, -2258, -2179, -2100, -2021, -1942, -1863, -1784, -1705, -1626, -1547, -1468, -1389, -1310, -1231, -1152, -1073, -994, -915, -836, -757, -678, -599, -520, -441, -362, -283, -204, -125, -46, 33, 112, 191, 270, 349, 428, 507, 586, 665, 744, 823, 902, 981, 1060, 1139, 1218, 1297, 1376, 1455, 1534, 1613, 1692, 1771, 1850, 1929, 2008, 2087, 2166, 2245, 2324, 2403, 2482, 2561, 2640, 2719, 2798, 2877, 2956, 3035]
-3113 = [-3049, -2970, -2891, -2812, -2733, -2654, -2575, -2528, -2496, -2417, -2338, -2259, -2180, -2101, -2022, -1943, -1864, -1785, -1706, -1627, -1548, -1469, -1390, -1311, -1232, -1153, -1074, -995, -916, -837, -758, -679, -600, -521, -442, -363, -284, -205, -126, -47, 32, 111, 190, 269, 348, 427, 506, 585, 664, 743, 822, 901, 980, 1059, 1138, 1217, 1296, 1375, 1454, 1533, 1612, 1691, 1770, 1849, 1928, 2007, 2086, 2165, 2244, 2323, 2402, 2481, 2560, 2639, 2718, 2797, 2876, 2955, 3034]
-3112 = [-3050, -2971, -2892, -2813, -2734, -2655, -2576, -2497, -2449, -2418, -2339, -2260, -2181, -2102, -2023, -1944, -1865, -1786, -1707, -1628, -1549, -1470, -1391, -1312, -1233, -1154, -1075, -996, -917, -838, -759, -680, -601, -522, -443, -364, -285, -206, -127, -48, 31, 110, 189, 268, 347, 426, 505, 584, 663, 742, 821, 900, 979, 1058, 1137, 1216, 1295, 1374, 1453, 1532, 1611, 1690, 1769, 1848, 1927, 2006, 2085, 2164, 2243, 2322, 2401, 2480, 2559, 2638, 2717, 2796, 2875, 2954, 3033]
-3111 = [-3051, -2972, -2893, -2814, -2735, -2656, -2577, -2498, -2419, -2370, -2340, -2261, -2182, -2103, -2024, -1945, -1866, -1787, -1708, -1629, -1550, -1471, -1392, -1313, -1234, -1155, -1076, -997, -918, -839, -760, -681, -602, -523, -444, -365, -286, -207, -128, -49, 30, 109, 188, 267, 346, 425, 504, 583, 662, 741, 820, 899, 978, 1057, 1136, 1215, 1294, 1373, 1452, 1531, 1610, 1689, 1768, 1847, 1926, 2005, 2084, 2163, 2242, 2321, 2400, 2479, 2558, 2637, 2716, 2795, 2874, 2953, 3032]
-3110 = [-3052, -2973, -2894, -2815, -2736, -2657, -2578, -2499, -2420, -2341, -2291, -2262, -2183, -2104, -2025, -1946, -1867, -1788, -1709, -1630, -1551, -1472, -1393, -1314, -1235, -1156, -1077, -998, -919, -840, -761, -682, -603, -524, -445, -366, -287, -208, -129, -50, 29, 108, 187, 266, 345, 424, 503, 582, 661, 740, 819, 898, 977, 1056, 1135, 1214, 1293, 1372, 1451, 1530, 1609, 1688, 1767, 1846, 1925, 2004, 2083, 2162, 2241, 2320, 2399, 2478, 2557, 2636, 2715, 2794, 2873, 2952, 3031]
-3109 = [-3053, -2974, -2895, -2816, -2737, -2658, -2579, -2500, -2421, -2342, -2263, -2212, -2184, -2105, -2026, -1947, -1868, -1789, -1710, -1631, -1552, -1473, -1394, -1315, -1236, -1157, -1078, -999, -920, -841, -762, -683, -604, -525, -446, -367, -288, -209, -130, -51, 28, 107, 186, 265, 344, 423, 502, 581, 660, 739, 818, 897, 976, 1055, 1134, 1213, 1292, 1371, 1450, 1529, 1608, 1687, 1766, 1845, 1924, 2003, 2082, 2161, 2240, 2319, 2398, 2477, 2556, 2635, 2714, 2793, 2872, 2951, 3030]
-3108 = [-3054, -2975, -2896, -2817, -2738, -2659, -2580, -2501, -2422, -2343, -2264, -2185, -2133, -2106, -2027, -1948, -1869, -1790, -1711, -1632, -1553, -1474, -1395, -1316, -1237, -1158, -1079, -1000, -921, -842, -763, -684, -605, -526, -447, -368, -289, -210, -131, -52, 27, 106, 185, 264, 343, 422, 501, 580, 659, 738, 817, 896, 975, 1054, 1133, 1212, 1291, 1370, 1449, 1528, 1607, 1686, 1765, 1844, 1923, 2002, 2081, 2160, 2239, 2318, 2397, 2476, 2555, 2634, 2713, 2792, 2871, 2950, 3029]
-3107 = [-3055, -2976, -2897, -2818, -2739, -2660, -2581, -2502, -2423, -2344, -2265, -2186, -2107, -2054, -2028, -1949, -1870, -1791, -1712, -1633, -1554, -1475, -1396, -1317, -1238, -1159, -1080, -1001, -922, -843, -764, -685, -606, -527, -448, -369, -290, -211, -132, -53, 26, 105, 184, 263, 342, 421, 500, 579, 658, 737, 816, 895, 974, 1053, 1132, 1211, 1290, 1369, 1448, 1527, 1606, 1685, 1764, 1843, 1922, 2001, 2080, 2159, 2238, 2317, 2396, 2475, 2554, 2633, 2712, 2791, 2870, 2949, 3028]
-3106 = [-3056, -2977, -2898, -2819, -2740, -2661, -2582, -2503, -2424, -2345, -2266, -2187, -2108, -2029, -1975, -1950, -1871, -1792, -1713, -1634, -1555, -1476, -1397, -1318, -1239, -1160, -1081, -1002, -923, -844, -765, -686, -607, -528, -449, -370, -291, -212, -133, -54, 25, 104, 183, 262, 341, 420, 499, 578, 657, 736, 815, 894, 973, 1052, 1131, 1210, 1289, 1368, 1447, 1526, 1605, 1684, 1763, 1842, 1921, 2000, 2079, 2158, 2237, 2316, 2395, 2474, 2553, 2632, 2711, 2790, 2869, 2948, 3027]
-3105 = [-3057, -2978, -2899, -2820, -2741, -2662, -2583, -2504, -2425, -2346, -2267, -2188, -2109, -2030, -1951, -1896, -1872, -1793, -1714, -1635, -1556, -1477, -1398, -1319, -1240, -1161, -1082, -1003, -924, -845, -766, -687, -608, -529, -450, -371, -292, -213, -134, -55, 24, 103, 182, 261, 340, 419, 498, 577, 656, 735, 814, 893, 972, 1051, 1130, 1209, 1288, 1367, 1446, 1525, 1604, 1683, 1762, 1841, 1920, 1999, 2078, 2157, 2236, 2315, 2394, 2473, 2552, 2631, 2710, 2789, 2868, 2947, 3026]
-3104 = [-3058, -2979, -2900, -2821, -2742, -2663, -2584, -2505, -2426, -2347, -2268, -2189, -2110, -2031, -1952, -1873, -1817, -1794, -1715, -1636, -1557, -1478, -1399, -1320, -1241, -1162, -1083, -1004, -925, -846, -767, -688, -609, -530, -451, -372, -293, -214, -135, -56, 23, 102, 181, 260, 339, 418, 497, 576, 655, 734, 813, 892, 971, 1050, 1129, 1208, 1287, 1366, 1445, 1524, 1603, 1682, 1761, 1840, 1919, 1998, 2077, 2156, 2235, 2314, 2393, 2472, 2551, 2630, 2709, 2788, 2867, 2946, 3025]
-3103 = [-3059, -2980, -2901, -2822, -2743, -2664, -2585, -2506, -2427, -2348, -2269, -2190, -2111, -2032, -1953, -1874, -1795, -1738, -1716, -1637, -1558, -1479, -1400, -1321, -1242, -1163, -1084, -1005, -926, -847, -768, -689, -610, -531, -452, -373, -294, -215, -136, -57, 22, 101, 180, 259, 338, 417, 496, 575, 654, 733, 812, 891, 970, 1049, 1128, 1207, 1286, 1365, 1444, 1523, 1602, 1681, 1760, 1839, 1918, 1997, 2076, 2155, 2234, 2313, 2392, 2471, 2550, 2629, 2708, 2787, 2866, 2945, 3024]
-3102 = [-3060, -2981, -2902, -2823, -2744, -2665, -2586, -2507, -2428, -2349, -2270, -2191, -2112, -2033, -1954, -1875, -1796, -1717, -1659, -1638, -1559, -1480, -1401, -1322, -1243, -1164, -1085, -1006, -927, -848, -769, -690, -611, -532, -453, -374, -295, -216, -137, -58, 21, 100, 179, 258, 337, 416, 495, 574, 653, 732, 811, 890, 969, 1048, 1127, 1206, 1285, 1364, 1443, 1522, 1601, 1680, 1759, 1838, 1917, 1996, 2075, 2154, 2233, 2312, 2391, 2470, 2549, 2628, 2707, 2786, 2865, 2944, 3023]
-3101 = [-3061, -2982, -2903, -2824, -2745, -2666, -2587, -2508, -2429, -2350, -2271, -2192, -2113, -2034, -1955, -1876, -1797, -1718, -1639, -1580, -1560, -1481, -1402, -1323, -1244, -1165, -1086, -1007, -928, -849, -770, -691, -612, -533, -454, -375, -296, -217, -138, -59, 20, 99, 178, 257, 336, 415, 494, 573, 652, 731, 810, 889, 968, 1047, 1126, 1205, 1284, 1363, 1442, 1521, 1600, 1679, 1758, 1837, 1916, 1995, 2074, 2153, 2232, 2311, 2390, 2469, 2548, 2627, 2706, 2785, 2864, 2943, 3022]
-3100 = [-3062, -2983, -2904, -2825, -2746, -2667, -2588, -2509, -2430, -2351, -2272, -2193, -2114, -2035, -1956, -1877, -1798, -1719, -1640, -1561, -1501, -1482, -1403, -1324, -1245, -1166, -1087, -1008, -929, -850, -771, -692, -613, -534, -455, -376, -297, -218, -139, -60, 19, 98, 177, 256, 335, 414, 493, 572, 651, 730, 809, 888, 967, 1046, 1125, 1204, 1283, 1362, 1441, 1520, 1599, 1678, 1757, 1836, 1915, 1994, 2073, 2152, 2231, 2310, 2389, 2468, 2547, 2626, 2705, 2784, 2863, 2942, 3021]
-3099 = [-3063, -2984, -2905, -2826, -2747, -2668, -2589, -2510, -2431, -2352, -2273, -2194, -2115, -2036, -1957, -1878, -1799, -1720, -1641, -1562, -1483, -1422, -1404, -1325, -1246, -1167, -1088, -1009, -930, -851, -772, -693, -614, -535, -456, -377, -298, -219, -140, -61, 18, 97, 176, 255, 334, 413, 492, 571, 650, 729, 808, 887, 966, 1045, 1124, 1203, 1282, 1361, 1440, 1519, 1598, 1677, 1756, 1835, 1914, 1993, 2072, 2151, 2230, 2309, 2388, 2467, 2546, 2625, 2704, 2783, 2862, 2941, 3020]
-3098 = [-3064, -2985, -2906, -2827, -2748, -2669, -2590, -2511, -2432, -2353, -2274, -2195, -2116, -2037, -1958, -1879, -1800, -1721, -1642, -1563, -1484, -1405, -1343, -1326, -1247, -1168, -1089, -1010, -931, -852, -773, -694, -615, -536, -457, -378, -299, -220, -141, -62, 17, 96, 175, 254, 333, 412, 491, 570, 649, 728, 807, 886, 965, 1044, 1123, 1202, 1281, 1360, 1439, 1518, 1597, 1676, 1755, 1834, 1913, 1992, 2071, 2150, 2229, 2308, 2387, 2466, 2545, 2624, 2703, 2782, 2861, 2940, 3019]
-3097 = [-3065, -2986, -2907, -2828, -2749, -2670, -2591, -2512, -2433, -2354, -2275, -2196, -2117, -2038, -1959, -1880, -1801, -1722, -1643, -1564, -1485, -1406, -1327, -1264, -1248, -1169, -1090, -1011, -932, -853, -774, -695, -616, -537, -458, -379, -300, -221, -142, -63, 16, 95, 174, 253, 332, 411, 490, 569, 648, 727, 806, 885, 964, 1043, 1122, 1201, 1280, 1359, 1438, 1517, 1596, 1675, 1754, 1833, 1912, 1991, 2070, 2149, 2228, 2307, 2386, 2465, 2544, 2623, 2702, 2781, 2860, 2939, 3018]
-3096 = [-3066, -2987, -2908, -2829, -2750, -2671, -2592, -2513, -2434, -2355, -2276, -2197, -2118, -2039, -1960, -1881, -1802, -1723, -1644, -1565, -1486, -1407, -1328, -1249, -1185, -1170, -1091, -1012, -933, -854, -775, -696, -617, -538, -459, -380, -301, -222, -143, -64, 15, 94, 173, 252, 331, 410, 489, 568, 647, 726, 805, 884, 963, 1042, 1121, 1200, 1279, 1358, 1437, 1516, 1595, 1674, 1753, 1832, 1911, 1990, 2069, 2148, 2227, 2306, 2385, 2464, 2543, 2622, 2701, 2780, 2859, 2938, 3017]
-3095 = [-3067, -2988, -2909, -2830, -2751, -2672, -2593, -2514, -2435, -2356, -2277, -2198, -2119, -2040, -1961, -1882, -1803, -1724, -1645, -1566, -1487, -1408, -1329, -1250, -1171, -1106, -1092, -1013, -934, -855, -776, -697, -618, -539, -460, -381, -302, -223, -144, -65, 14, 93, 172, 251, 330, 409, 488, 567, 646, 725, 804, 883, 962, 1041, 1120, 1199, 1278, 1357, 1436, 1515, 1594, 1673, 1752, 1831, 1910, 1989, 2068, 2147, 2226, 2305, 2384, 2463, 2542, 2621, 2700, 2779, 2858, 2937, 3016]
-3094 = [-3068, -2989, -2910, -2831, -2752, -2673, -2594, -2515, -2436, -2357, -2278, -2199, -2120, -2041, -1962, -1883, -1804, -1725, -1646, -1567, -1488, -1409, -1330, -1251, -1172, -1093, -1027, -1014, -935, -856, -777, -698, -619, -540, -461, -382, -303, -224, -145, -66, 13, 92, 171, 250, 329, 408, 487, 566, 645, 724, 803, 882, 961, 1040, 1119, 1198, 1277, 1356, 1435, 1514, 1593, 1672, 1751, 1830, 1909, 1988, 2067, 2146, 2225, 2304, 2383, 2462, 2541, 2620, 2699, 2778, 2857, 2936, 3015]
-3093 = [-3069, -2990, -2911, -2832, -2753, -2674, -2595, -2516, -2437, -2358, -2279, -2200, -2121, -2042, -1963, -1884, -1805, -1726, -1647, -1568, -1489, -1410, -1331, -1252, -1173, -1094, -1015, -948, -936, -857, -778, -699, -620, -541, -462, -383, -304, -225, -146, -67, 12, 91, 170, 249, 328, 407, 486, 565, 644, 723, 802, 881, 960, 1039, 1118, 1197, 1276, 1355, 1434, 1513, 1592, 1671, 1750, 1829, 1908, 1987, 2066, 2145, 2224, 2303, 2382, 2461, 2540, 2619, 2698, 2777, 2856, 2935, 3014]
-3092 = [-3070, -2991, -2912, -2833, -2754, -2675, -2596, -2517, -2438, -2359, -2280, -2201, -2122, -2043, -1964, -1885, -1806, -1727, -1648, -1569, -1490, -1411, -1332, -1253, -1174, -1095, -1016, -937, -869, -858, -779, -700, -621, -542, -463, -384, -305, -226, -147, -68, 11, 90, 169, 248, 327, 406, 485, 564, 643, 722, 801, 880, 959, 1038, 1117, 1196, 1275, 1354, 1433, 1512, 1591, 1670, 1749, 1828, 1907, 1986, 2065, 2144, 2223, 2302, 2381, 2460, 2539, 2618, 2697, 2776, 2855, 2934, 3013]
-3091 = [-3071, -2992, -2913, -2834, -2755, -2676, -2597, -2518, -2439, -2360, -2281, -2202, -2123, -2044, -1965, -1886, -1807, -1728, -1649, -1570, -1491, -1412, -1333, -1254, -1175, -1096, -1017, -938, -859, -790, -780, -701, -622, -543, -464, -385, -306, -227, -148, -69, 10, 89, 168, 247, 326, 405, 484, 563, 642, 721, 800, 879, 958, 1037, 1116, 1195, 1274, 1353, 1432, 1511, 1590, 1669, 1748, 1827, 1906, 1985, 2064, 2143, 2222, 2301, 2380, 2459, 2538, 2617, 2696, 2775, 2854, 2933, 3012]
-3090 = [-3072, -2993, -2914, -2835, -2756, -2677, -2598, -2519, -2440, -2361, -2282, -2203, -2124, -2045, -1966, -1887, -1808, -1729, -1650, -1571, -1492, -1413, -1334, -1255, -1176, -1097, -1018, -939, -860, -781, -711, -702, -623, -544, -465, -386, -307, -228, -149, -70, 9, 88, 167, 246, 325, 404, 483, 562, 641, 720, 799, 878, 957, 1036, 1115, 1194, 1273, 1352, 1431, 1510, 1589, 1668, 1747, 1826, 1905, 1984, 2063, 2142, 2221, 2300, 2379, 2458, 2537, 2616, 2695, 2774, 2853, 2932, 3011]
-3089 = [-3073, -2994, -2915, -2836, -2757, -2678, -2599, -2520, -2441, -2362, -2283, -2204, -2125, -2046, -1967, -1888, -1809, -1730, -1651, -1572, -1493, -1414, -1335, -1256, -1177, -1098, -1019, -940, -861, -782, -703, -632, -624, -545, -466, -387, -308, -229, -150, -71, 8, 87, 166, 245, 324, 403, 482, 561, 640, 719, 798, 877, 956, 1035, 1114, 1193, 1272, 1351, 1430, 1509, 1588, 1667, 1746, 1825, 1904, 1983, 2062, 2141, 2220, 2299, 2378, 2457, 2536, 2615, 2694, 2773, 2852, 2931, 3010]
-3088 = [-3074, -2995, -2916, -2837, -2758, -2679, -2600, -2521, -2442, -2363, -2284, -2205, -2126, -2047, -1968, -1889, -1810, -1731, -1652, -1573, -1494, -1415, -1336, -1257, -1178, -1099, -1020, -941, -862, -783, -704, -625, -553, -546, -467, -388, -309, -230, -151, -72, 7, 86, 165, 244, 323, 402, 481, 560, 639, 718, 797, 876, 955, 1034, 1113, 1192, 1271, 1350, 1429, 1508, 1587, 1666, 1745, 1824, 1903, 1982, 2061, 2140, 2219, 2298, 2377, 2456, 2535, 2614, 2693, 2772, 2851, 2930, 3009]
-3087 = [-3075, -2996, -2917, -2838, -2759, -2680, -2601, -2522, -2443, -2364, -2285, -2206, -2127, -2048, -1969, -1890, -1811, -1732, -1653, -1574, -1495, -1416, -1337, -1258, -1179, -1100, -1021, -942, -863, -784, -705, -626, -547, -474, -468, -389, -310, -231, -152, -73, 6, 85, 164, 243, 322, 401, 480, 559, 638, 717, 796, 875, 954, 1033, 1112, 1191, 1270, 1349, 1428, 1507, 1586, 1665, 1744, 1823, 1902, 1981, 2060, 2139, 2218, 2297, 2376, 2455, 2534, 2613, 2692, 2771, 2850, 2929, 3008]
-3086 = [-3076, -2997, -2918, -2839, -2760, -2681, -2602, -2523, -2444, -2365, -2286, -2207, -2128, -2049, -1970, -1891, -1812, -1733, -1654, -1575, -1496, -1417, -1338, -1259, -1180, -1101, -1022, -943, -864, -785, -706, -627, -548, -469, -395, -390, -311, -232, -153, -74, 5, 84, 163, 242, 321, 400, 479, 558, 637, 716, 795, 874, 953, 1032, 1111, 1190, 1269, 1348, 1427, 1506, 1585, 1664, 1743, 1822, 1901, 1980, 2059, 2138, 2217, 2296, 2375, 2454, 2533, 2612, 2691, 2770, 2849, 2928, 3007]
-3085 = [-3077, -2998, -2919, -2840, -2761, -2682, -2603, -2524, -2445, -2366, -2287, -2208, -2129, -2050, -1971, -1892, -1813, -1734, -1655, -1576, -1497, -1418, -1339, -1260, -1181, -1102, -1023, -944, -865, -786, -707, -628, -549, -470, -391, -316, -312, -233, -154, -75, 4, 83, 162, 241, 320, 399, 478, 557, 636, 715, 794, 873, 952, 1031, 1110, 1189, 1268, 1347, 1426, 1505, 1584, 1663, 1742, 1821, 1900, 1979, 2058, 2137, 2216, 2295, 2374, 2453, 2532, 2611, 2690, 2769, 2848, 2927, 3006]
-3084 = [-3078, -2999, -2920, -2841, -2762, -2683, -2604, -2525, -2446, -2367, -2288, -2209, -2130, -2051, -1972, -1893, -1814, -1735, -1656, -1577, -1498, -1419, -1340, -1261, -1182, -1103, -1024, -945, -866, -787, -708, -629, -550, -471, -392, -313, -237, -234, -155, -76, 3, 82, 161, 240, 319, 398, 477, 556, 635, 714, 793, 872, 951, 1030, 1109, 1188, 1267, 1346, 1425, 1504, 1583, 1662, 1741, 1820, 1899, 1978, 2057, 2136, 2215, 2294, 2373, 2452, 2531, 2610, 2689, 2768, 2847, 2926, 3005]
-3083 = [-3079, -3000, -2921, -2842, -2763, -2684, -2605, -2526, -2447, -2368, -2289, -2210, -2131, -2052, -1973, -1894, -1815, -1736, -1657, -1578, -1499, -1420, -1341, -1262, -1183, -1104, -1025, -946, -867, -788, -709, -630, -551, -472, -393, -314, -235, -158, -156, -77, 2, 81, 160, 239, 318, 397, 476, 555, 634, 713, 792, 871, 950, 1029, 1108, 1187, 1266, 1345, 1424, 1503, 1582, 1661, 1740, 1819, 1898, 1977, 2056, 2135, 2214, 2293, 2372, 2451, 2530, 2609, 2688, 2767, 2846, 2925, 3004]
-3082 = [-3080, -3001, -2922, -2843, -2764, -2685, -2606, -2527, -2448, -2369, -2290, -2211, -2132, -2053, -1974, -1895, -1816, -1737, -1658, -1579, -1500, -1421, -1342, -1263, -1184, -1105, -1026, -947, -868, -789, -710, -631, -552, -473, -394, -315, -236, -157, -79, -78, 1, 80, 159, 238, 317, 396, 475, 554, 633, 712, 791, 870, 949, 1028, 1107, 1186, 1265, 1344, 1423, 1502, 1581, 1660, 1739, 1818, 1897, 1976, 2055, 2134, 2213, 2292, 2371, 2450, 2529, 2608, 2687, 2766, 2845, 2924, 3003]
