Maximum values for m = 7921 and d = 45:
3917 = [-3828, -3739, -3650, -3561, -3472, -3383, -3294, -3205, -3116, -3027, -2938, -2849, -2760, -2671, -2582, -2493, -2404, -2315, -2226, -2137, -2048, -1959, -1870, -1781, -1692, -1603, -1514, -1425, -1336, -1247, -1158, -1069, -980, -891, -802, -713, -624, -535, -446, -357, -268, -179, -90, -1, 88, 89, 177, 266, 355, 444, 533, 622, 711, 800, 889, 978, 1067, 1156, 1245, 1334, 1423, 1512, 1601, 1690, 1779, 1868, 1957, 2046, 2135, 2224, 2313, 2402, 2491, 2580, 2669, 2758, 2847, 2936, 3025, 3114, 3203, 3292, 3381, 3470, 3559, 3648, 3737, 3826, 3915]
3918 = [-3829, -3740, -3651, -3562, -3473, -3384, -3295, -3206, -3117, -3028, -2939, -2850, -2761, -2672, -2583, -2494, -2405, -2316, -2227, -2138, -2049, -1960, -1871, -1782, -1693, -1604, -1515, -1426, -1337, -1248, -1159, -1070, -981, -892, -803, -714, -625, -536, -447, -358, -269, -180, -91, -2, 87, 176, 178, 265, 354, 443, 532, 621, 710, 799, 888, 977, 1066, 1155, 1244, 1333, 1422, 1511, 1600, 1689, 1778, 1867, 1956, 2045, 2134, 2223, 2312, 2401, 2490, 2579, 2668, 2757, 2846, 2935, 3024, 3113, 3202, 3291, 3380, 3469, 3558, 3647, 3736, 3825, 3914]
3919 = [-3830, -3741, -3652, -3563, -3474, -3385, -3296, -3207, -3118, -3029, -2940, -2851, -2762, -2673, -2584, -2495, -2406, -2317, -2228, -2139, -2050, -1961, -1872, -1783, -1694, -1605, -1516, -1427, -1338, -1249, -1160, -1071, -982, -893, -804, -715, -626, -537, -448, -359, -270, -181, -92, -3, 86, 175, 264, 267, 353, 442, 531, 620, 709, 798, 887, 976, 1065, 1154, 1243, 1332, 1421, 1510, 1599, 1688, 1777, 1866, 1955, 2044, 2133, 2222, 2311, 2400, 2489, 2578, 2667, 2756, 2845, 2934, 3023, 3112, 3201, 3290, 3379, 3468, 3557, 3646, 3735, 3824, 3913]
3920 = [-3831, -3742, -3653, -3564, -3475, -3386, -3297, -3208, -3119, -3030, -2941, -2852, -2763, -2674, -2585, -2496, -2407, -2318, -2229, -2140, -2051, -1962, -1873, -1784, -1695, -1606, -1517, -1428, -1339, -1250, -1161, -1072, -983, -894, -805, -716, -627, -538, -449, -360, -271, -182, -93, -4, 85, 174, 263, 352, 356, 441, 530, 619, 708, 797, 886, 975, 1064, 1153, 1242, 1331, 1420, 1509, 1598, 1687, 1776, 1865, 1954, 2043, 2132, 2221, 2310, 2399, 2488, 2577, 2666, 2755, 2844, 2933, 3022, 3111, 3200, 3289, 3378, 3467, 3556, 3645, 3734, 3823, 3912]
3921 = [-3832, -3743, -3654, -3565, -3476, -3387, -3298, -3209, -3120, -3031, -2942, -2853, -2764, -2675, -2586, -2497, -2408, -2319, -2230, -2141, -2052, -1963, -1874, -1785, -1696, -1607, -1518, -1429, -1340, -1251, -1162, -1073, -984, -895, -806, -717, -628, -539, -450, -361, -272, -183, -94, -5, 84, 173, 262, 351, 440, 445, 529, 618, 707, 796, 885, 974, 1063, 1152, 1241, 1330, 1419, 1508, 1597, 1686, 1775, 1864, 1953, 2042, 2131, 2220, 2309, 2398, 2487, 2576, 2665, 2754, 2843, 2932, 3021, 3110, 3199, 3288, 3377, 3466, 3555, 3644, 3733, 3822, 3911]
3922 = [-3833, -3744, -3655, -3566, -3477, -3388, -3299, -3210, -3121, -3032, -2943, -2854, -2765, -2676, -2587, -2498, -2409, -2320, -2231, -2142, -2053, -1964, -1875, -1786, -1697, -1608, -1519, -1430, -1341, -1252, -1163, -1074, -985, -896, -807, -718, -629, -540, -451, -362, -273, -184, -95, -6, 83, 172, 261, 350, 439, 528, 534, 617, 706, 795, 884, 973, 1062, 1151, 1240, 1329, 1418, 1507, 1596, 1685, 1774, 1863, 1952, 2041, 2130, 2219, 2308, 2397, 2486, 2575, 2664, 2753, 2842, 2931, 3020, 3109, 3198, 3287, 3376, 3465, 3554, 3643, 3732, 3821, 3910]
3923 = [-3834, -3745, -3656, -3567, -3478, -3389, -3300, -3211, -3122, -3033, -2944, -2855, -2766, -2677, -2588, -2499, -2410, -2321, -2232, -2143, -2054, -1965, -1876, -1787, -1698, -1609, -1520, -1431, -1342, -1253, -1164, -1075, -986, -897, -808, -719, -630, -541, -452, -363, -274, -185, -96, -7, 82, 171, 260, 349, 438, 527, 616, 623, 705, 794, 883, 972, 1061, 1150, 1239, 1328, 1417, 1506, 1595, 1684, 1773, 1862, 1951, 2040, 2129, 2218, 2307, 2396, 2485, 2574, 2663, 2752, 2841, 2930, 3019, 3108, 3197, 3286, 3375, 3464, 3553, 3642, 3731, 3820, 3909]
3924 = [-3835, -3746, -3657, -3568, -3479, -3390, -3301, -3212, -3123, -3034, -2945, -2856, -2767, -2678, -2589, -2500, -2411, -2322, -2233, -2144, -2055, -1966, -1877, -1788, -1699, -1610, -1521, -1432, -1343, -1254, -1165, -1076, -987, -898, -809, -720, -631, -542, -453, -364, -275, -186, -97, -8, 81, 170, 259, 348, 437, 526, 615, 704, 712, 793, 882, 971, 1060, 1149, 1238, 1327, 1416, 1505, 1594, 1683, 1772, 1861, 1950, 2039, 2128, 2217, 2306, 2395, 2484, 2573, 2662, 2751, 2840, 2929, 3018, 3107, 3196, 3285, 3374, 3463, 3552, 3641, 3730, 3819, 3908]
3925 = [-3836, -3747, -3658, -3569, -3480, -3391, -3302, -3213, -3124, -3035, -2946, -2857, -2768, -2679, -2590, -2501, -2412, -2323, -2234, -2145, -2056, -1967, -1878, -1789, -1700, -1611, -1522, -1433, -1344, -1255, -1166, -1077, -988, -899, -810, -721, -632, -543, -454, -365, -276, -187, -98, -9, 80, 169, 258, 347, 436, 525, 614, 703, 792, 801, 881, 970, 1059, 1148, 1237, 1326, 1415, 1504, 1593, 1682, 1771, 1860, 1949, 2038, 2127, 2216, 2305, 2394, 2483, 2572, 2661, 2750, 2839, 2928, 3017, 3106, 3195, 3284, 3373, 3462, 3551, 3640, 3729, 3818, 3907]
3926 = [-3837, -3748, -3659, -3570, -3481, -3392, -3303, -3214, -3125, -3036, -2947, -2858, -2769, -2680, -2591, -2502, -2413, -2324, -2235, -2146, -2057, -1968, -1879, -1790, -1701, -1612, -1523, -1434, -1345, -1256, -1167, -1078, -989, -900, -811, -722, -633, -544, -455, -366, -277, -188, -99, -10, 79, 168, 257, 346, 435, 524, 613, 702, 791, 880, 890, 969, 1058, 1147, 1236, 1325, 1414, 1503, 1592, 1681, 1770, 1859, 1948, 2037, 2126, 2215, 2304, 2393, 2482, 2571, 2660, 2749, 2838, 2927, 3016, 3105, 3194, 3283, 3372, 3461, 3550, 3639, 3728, 3817, 3906]
3927 = [-3838, -3749, -3660, -3571, -3482, -3393, -3304, -3215, -3126, -3037, -2948, -2859, -2770, -2681, -2592, -2503, -2414, -2325, -2236, -2147, -2058, -1969, -1880, -1791, -1702, -1613, -1524, -1435, -1346, -1257, -1168, -1079, -990, -901, -812, -723, -634, -545, -456, -367, -278, -189, -100, -11, 78, 167, 256, 345, 434, 523, 612, 701, 790, 879, 968, 979, 1057, 1146, 1235, 1324, 1413, 1502, 1591, 1680, 1769, 1858, 1947, 2036, 2125, 2214, 2303, 2392, 2481, 2570, 2659, 2748, 2837, 2926, 3015, 3104, 3193, 3282, 3371, 3460, 3549, 3638, 3727, 3816, 3905]
3928 = [-3839, -3750, -3661, -3572, -3483, -3394, -3305, -3216, -3127, -3038, -2949, -2860, -2771, -2682, -2593, -2504, -2415, -2326, -2237, -2148, -2059, -1970, -1881, -1792, -1703, -1614, -1525, -1436, -1347, -1258, -1169, -1080, -991, -902, -813, -724, -635, -546, -457, -368, -279, -190, -101, -12, 77, 166, 255, 344, 433, 522, 611, 700, 789, 878, 967, 1056, 1068, 1145, 1234, 1323, 1412, 1501, 1590, 1679, 1768, 1857, 1946, 2035, 2124, 2213, 2302, 2391, 2480, 2569, 2658, 2747, 2836, 2925, 3014, 3103, 3192, 3281, 3370, 3459, 3548, 3637, 3726, 3815, 3904]
3929 = [-3840, -3751, -3662, -3573, -3484, -3395, -3306, -3217, -3128, -3039, -2950, -2861, -2772, -2683, -2594, -2505, -2416, -2327, -2238, -2149, -2060, -1971, -1882, -1793, -1704, -1615, -1526, -1437, -1348, -1259, -1170, -1081, -992, -903, -814, -725, -636, -547, -458, -369, -280, -191, -102, -13, 76, 165, 254, 343, 432, 521, 610, 699, 788, 877, 966, 1055, 1144, 1157, 1233, 1322, 1411, 1500, 1589, 1678, 1767, 1856, 1945, 2034, 2123, 2212, 2301, 2390, 2479, 2568, 2657, 2746, 2835, 2924, 3013, 3102, 3191, 3280, 3369, 3458, 3547, 3636, 3725, 3814, 3903]
3930 = [-3841, -3752, -3663, -3574, -3485, -3396, -3307, -3218, -3129, -3040, -2951, -2862, -2773, -2684, -2595, -2506, -2417, -2328, -2239, -2150, -2061, -1972, -1883, -1794, -1705, -1616, -1527, -1438, -1349, -1260, -1171, -1082, -993, -904, -815, -726, -637, -548, -459, -370, -281, -192, -103, -14, 75, 164, 253, 342, 431, 520, 609, 698, 787, 876, 965, 1054, 1143, 1232, 1246, 1321, 1410, 1499, 1588, 1677, 1766, 1855, 1944, 2033, 2122, 2211, 2300, 2389, 2478, 2567, 2656, 2745, 2834, 2923, 3012, 3101, 3190, 3279, 3368, 3457, 3546, 3635, 3724, 3813, 3902]
3931 = [-3842, -3753, -3664, -3575, -3486, -3397, -3308, -3219, -3130, -3041, -2952, -2863, -2774, -2685, -2596, -2507, -2418, -2329, -2240, -2151, -2062, -1973, -1884, -1795, -1706, -1617, -1528, -1439, -1350, -1261, -1172, -1083, -994, -905, -816, -727, -638, -549, -460, -371, -282, -193, -104, -15, 74, 163, 252, 341, 430, 519, 608, 697, 786, 875, 964, 1053, 1142, 1231, 1320, 1335, 1409, 1498, 1587, 1676, 1765, 1854, 1943, 2032, 2121, 2210, 2299, 2388, 2477, 2566, 2655, 2744, 2833, 2922, 3011, 3100, 3189, 3278, 3367, 3456, 3545, 3634, 3723, 3812, 3901]
3932 = [-3843, -3754, -3665, -3576, -3487, -3398, -3309, -3220, -3131, -3042, -2953, -2864, -2775, -2686, -2597, -2508, -2419, -2330, -2241, -2152, -2063, -1974, -1885, -1796, -1707, -1618, -1529, -1440, -1351, -1262, -1173, -1084, -995, -906, -817, -728, -639, -550, -461, -372, -283, -194, -105, -16, 73, 162, 251, 340, 429, 518, 607, 696, 785, 874, 963, 1052, 1141, 1230, 1319, 1408, 1424, 1497, 1586, 1675, 1764, 1853, 1942, 2031, 2120, 2209, 2298, 2387, 2476, 2565, 2654, 2743, 2832, 2921, 3010, 3099, 3188, 3277, 3366, 3455, 3544, 3633, 3722, 3811, 3900]
3933 = [-3844, -3755, -3666, -3577, -3488, -3399, -3310, -3221, -3132, -3043, -2954, -2865, -2776, -2687, -2598, -2509, -2420, -2331, -2242, -2153, -2064, -1975, -1886, -1797, -1708, -1619, -1530, -1441, -1352, -1263, -1174, -1085, -996, -907, -818, -729, -640, -551, -462, -373, -284, -195, -106, -17, 72, 161, 250, 339, 428, 517, 606, 695, 784, 873, 962, 1051, 1140, 1229, 1318, 1407, 1496, 1513, 1585, 1674, 1763, 1852, 1941, 2030, 2119, 2208, 2297, 2386, 2475, 2564, 2653, 2742, 2831, 2920, 3009, 3098, 3187, 3276, 3365, 3454, 3543, 3632, 3721, 3810, 3899]
3934 = [-3845, -3756, -3667, -3578, -3489, -3400, -3311, -3222, -3133, -3044, -2955, -2866, -2777, -2688, -2599, -2510, -2421, -2332, -2243, -2154, -2065, -1976, -1887, -1798, -1709, -1620, -1531, -1442, -1353, -1264, -1175, -1086, -997, -908, -819, -730, -641, -552, -463, -374, -285, -196, -107, -18, 71, 160, 249, 338, 427, 516, 605, 694, 783, 872, 961, 1050, 1139, 1228, 1317, 1406, 1495, 1584, 1602, 1673, 1762, 1851, 1940, 2029, 2118, 2207, 2296, 2385, 2474, 2563, 2652, 2741, 2830, 2919, 3008, 3097, 3186, 3275, 3364, 3453, 3542, 3631, 3720, 3809, 3898]
3935 = [-3846, -3757, -3668, -3579, -3490, -3401, -3312, -3223, -3134, -3045, -2956, -2867, -2778, -2689, -2600, -2511, -2422, -2333, -2244, -2155, -2066, -1977, -1888, -1799, -1710, -1621, -1532, -1443, -1354, -1265, -1176, -1087, -998, -909, -820, -731, -642, -553, -464, -375, -286, -197, -108, -19, 70, 159, 248, 337, 426, 515, 604, 693, 782, 871, 960, 1049, 1138, 1227, 1316, 1405, 1494, 1583, 1672, 1691, 1761, 1850, 1939, 2028, 2117, 2206, 2295, 2384, 2473, 2562, 2651, 2740, 2829, 2918, 3007, 3096, 3185, 3274, 3363, 3452, 3541, 3630, 3719, 3808, 3897]
3936 = [-3847, -3758, -3669, -3580, -3491, -3402, -3313, -3224, -3135, -3046, -2957, -2868, -2779, -2690, -2601, -2512, -2423, -2334, -2245, -2156, -2067, -1978, -1889, -1800, -1711, -1622, -1533, -1444, -1355, -1266, -1177, -1088, -999, -910, -821, -732, -643, -554, -465, -376, -287, -198, -109, -20, 69, 158, 247, 336, 425, 514, 603, 692, 781, 870, 959, 1048, 1137, 1226, 1315, 1404, 1493, 1582, 1671, 1760, 1780, 1849, 1938, 2027, 2116, 2205, 2294, 2383, 2472, 2561, 2650, 2739, 2828, 2917, 3006, 3095, 3184, 3273, 3362, 3451, 3540, 3629, 3718, 3807, 3896]
3937 = [-3848, -3759, -3670, -3581, -3492, -3403, -3314, -3225, -3136, -3047, -2958, -2869, -2780, -2691, -2602, -2513, -2424, -2335, -2246, -2157, -2068, -1979, -1890, -1801, -1712, -1623, -1534, -1445, -1356, -1267, -1178, -1089, -1000, -911, -822, -733, -644, -555, -466, -377, -288, -199, -110, -21, 68, 157, 246, 335, 424, 513, 602, 691, 780, 869, 958, 1047, 1136, 1225, 1314, 1403, 1492, 1581, 1670, 1759, 1848, 1869, 1937, 2026, 2115, 2204, 2293, 2382, 2471, 2560, 2649, 2738, 2827, 2916, 3005, 3094, 3183, 3272, 3361, 3450, 3539, 3628, 3717, 3806, 3895]
3938 = [-3849, -3760, -3671, -3582, -3493, -3404, -3315, -3226, -3137, -3048, -2959, -2870, -2781, -2692, -2603, -2514, -2425, -2336, -2247, -2158, -2069, -1980, -1891, -1802, -1713, -1624, -1535, -1446, -1357, -1268, -1179, -1090, -1001, -912, -823, -734, -645, -556, -467, -378, -289, -200, -111, -22, 67, 156, 245, 334, 423, 512, 601, 690, 779, 868, 957, 1046, 1135, 1224, 1313, 1402, 1491, 1580, 1669, 1758, 1847, 1936, 1958, 2025, 2114, 2203, 2292, 2381, 2470, 2559, 2648, 2737, 2826, 2915, 3004, 3093, 3182, 3271, 3360, 3449, 3538, 3627, 3716, 3805, 3894]
3939 = [-3850, -3761, -3672, -3583, -3494, -3405, -3316, -3227, -3138, -3049, -2960, -2871, -2782, -2693, -2604, -2515, -2426, -2337, -2248, -2159, -2070, -1981, -1892, -1803, -1714, -1625, -1536, -1447, -1358, -1269, -1180, -1091, -1002, -913, -824, -735, -646, -557, -468, -379, -290, -201, -112, -23, 66, 155, 244, 333, 422, 511, 600, 689, 778, 867, 956, 1045, 1134, 1223, 1312, 1401, 1490, 1579, 1668, 1757, 1846, 1935, 2024, 2047, 2113, 2202, 2291, 2380, 2469, 2558, 2647, 2736, 2825, 2914, 3003, 3092, 3181, 3270, 3359, 3448, 3537, 3626, 3715, 3804, 3893]
3940 = [-3851, -3762, -3673, -3584, -3495, -3406, -3317, -3228, -3139, -3050, -2961, -2872, -2783, -2694, -2605, -2516, -2427, -2338, -2249, -2160, -2071, -1982, -1893, -1804, -1715, -1626, -1537, -1448, -1359, -1270, -1181, -1092, -1003, -914, -825, -736, -647, -558, -469, -380, -291, -202, -113, -24, 65, 154, 243, 332, 421, 510, 599, 688, 777, 866, 955, 1044, 1133, 1222, 1311, 1400, 1489, 1578, 1667, 1756, 1845, 1934, 2023, 2112, 2136, 2201, 2290, 2379, 2468, 2557, 2646, 2735, 2824, 2913, 3002, 3091, 3180, 3269, 3358, 3447, 3536, 3625, 3714, 3803, 3892]
3941 = [-3852, -3763, -3674, -3585, -3496, -3407, -3318, -3229, -3140, -3051, -2962, -2873, -2784, -2695, -2606, -2517, -2428, -2339, -2250, -2161, -2072, -1983, -1894, -1805, -1716, -1627, -1538, -1449, -1360, -1271, -1182, -1093, -1004, -915, -826, -737, -648, -559, -470, -381, -292, -203, -114, -25, 64, 153, 242, 331, 420, 509, 598, 687, 776, 865, 954, 1043, 1132, 1221, 1310, 1399, 1488, 1577, 1666, 1755, 1844, 1933, 2022, 2111, 2200, 2225, 2289, 2378, 2467, 2556, 2645, 2734, 2823, 2912, 3001, 3090, 3179, 3268, 3357, 3446, 3535, 3624, 3713, 3802, 3891]
3942 = [-3853, -3764, -3675, -3586, -3497, -3408, -3319, -3230, -3141, -3052, -2963, -2874, -2785, -2696, -2607, -2518, -2429, -2340, -2251, -2162, -2073, -1984, -1895, -1806, -1717, -1628, -1539, -1450, -1361, -1272, -1183, -1094, -1005, -916, -827, -738, -649, -560, -471, -382, -293, -204, -115, -26, 63, 152, 241, 330, 419, 508, 597, 686, 775, 864, 953, 1042, 1131, 1220, 1309, 1398, 1487, 1576, 1665, 1754, 1843, 1932, 2021, 2110, 2199, 2288, 2314, 2377, 2466, 2555, 2644, 2733, 2822, 2911, 3000, 3089, 3178, 3267, 3356, 3445, 3534, 3623, 3712, 3801, 3890]
3943 = [-3854, -3765, -3676, -3587, -3498, -3409, -3320, -3231, -3142, -3053, -2964, -2875, -2786, -2697, -2608, -2519, -2430, -2341, -2252, -2163, -2074, -1985, -1896, -1807, -1718, -1629, -1540, -1451, -1362, -1273, -1184, -1095, -1006, -917, -828, -739, -650, -561, -472, -383, -294, -205, -116, -27, 62, 151, 240, 329, 418, 507, 596, 685, 774, 863, 952, 1041, 1130, 1219, 1308, 1397, 1486, 1575, 1664, 1753, 1842, 1931, 2020, 2109, 2198, 2287, 2376, 2403, 2465, 2554, 2643, 2732, 2821, 2910, 2999, 3088, 3177, 3266, 3355, 3444, 3533, 3622, 3711, 3800, 3889]
3944 = [-3855, -3766, -3677, -3588, -3499, -3410, -3321, -3232, -3143, -3054, -2965, -2876, -2787, -2698, -2609, -2520, -2431, -2342, -2253, -2164, -2075, -1986, -1897, -1808, -1719, -1630, -1541, -1452, -1363, -1274, -1185, -1096, -1007, -918, -829, -740, -651, -562, -473, -384, -295, -206, -117, -28, 61, 150, 239, 328, 417, 506, 595, 684, 773, 862, 951, 1040, 1129, 1218, 1307, 1396, 1485, 1574, 1663, 1752, 1841, 1930, 2019, 2108, 2197, 2286, 2375, 2464, 2492, 2553, 2642, 2731, 2820, 2909, 2998, 3087, 3176, 3265, 3354, 3443, 3532, 3621, 3710, 3799, 3888]
3945 = [-3856, -3767, -3678, -3589, -3500, -3411, -3322, -3233, -3144, -3055, -2966, -2877, -2788, -2699, -2610, -2521, -2432, -2343, -2254, -2165, -2076, -1987, -1898, -1809, -1720, -1631, -1542, -1453, -1364, -1275, -1186, -1097, -1008, -919, -830, -741, -652, -563, -474, -385, -296, -207, -118, -29, 60, 149, 238, 327, 416, 505, 594, 683, 772, 861, 950, 1039, 1128, 1217, 1306, 1395, 1484, 1573, 1662, 1751, 1840, 1929, 2018, 2107, 2196, 2285, 2374, 2463, 2552, 2581, 2641, 2730, 2819, 2908, 2997, 3086, 3175, 3264, 3353, 3442, 3531, 3620, 3709, 3798, 3887]
3946 = [-3857, -3768, -3679, -3590, -3501, -3412, -3323, -3234, -3145, -3056, -2967, -2878, -2789, -2700, -2611, -2522, -2433, -2344, -2255, -2166, -2077, -1988, -1899, -1810, -1721, -1632, -1543, -1454, -1365, -1276, -1187, -1098, -1009, -920, -831, -742, -653, -564, -475, -386, -297, -208, -119, -30, 59, 148, 237, 326, 415, 504, 593, 682, 771, 860, 949, 1038, 1127, 1216, 1305, 1394, 1483, 1572, 1661, 1750, 1839, 1928, 2017, 2106, 2195, 2284, 2373, 2462, 2551, 2640, 2670, 2729, 2818, 2907, 2996, 3085, 3174, 3263, 3352, 3441, 3530, 3619, 3708, 3797, 3886]
3947 = [-3858, -3769, -3680, -3591, -3502, -3413, -3324, -3235, -3146, -3057, -2968, -2879, -2790, -2701, -2612, -2523, -2434, -2345, -2256, -2167, -2078, -1989, -1900, -1811, -1722, -1633, -1544, -1455, -1366, -1277, -1188, -1099, -1010, -921, -832, -743, -654, -565, -476, -387, -298, -209, -120, -31, 58, 147, 236, 325, 414, 503, 592, 681, 770, 859, 948, 1037, 1126, 1215, 1304, 1393, 1482, 1571, 1660, 1749, 1838, 1927, 2016, 2105, 2194, 2283, 2372, 2461, 2550, 2639, 2728, 2759, 2817, 2906, 2995, 3084, 3173, 3262, 3351, 3440, 3529, 3618, 3707, 3796, 3885]
3948 = [-3859, -3770, -3681, -3592, -3503, -3414, -3325, -3236, -3147, -3058, -2969, -2880, -2791, -2702, -2613, -2524, -2435, -2346, -2257, -2168, -2079, -1990, -1901, -1812, -1723, -1634, -1545, -1456, -1367, -1278, -1189, -1100, -1011, -922, -833, -744, -655, -566, -477, -388, -299, -210, -121, -32, 57, 146, 235, 324, 413, 502, 591, 680, 769, 858, 947, 1036, 1125, 1214, 1303, 1392, 1481, 1570, 1659, 1748, 1837, 1926, 2015, 2104, 2193, 2282, 2371, 2460, 2549, 2638, 2727, 2816, 2848, 2905, 2994, 3083, 3172, 3261, 3350, 3439, 3528, 3617, 3706, 3795, 3884]
3949 = [-3860, -3771, -3682, -3593, -3504, -3415, -3326, -3237, -3148, -3059, -2970, -2881, -2792, -2703, -2614, -2525, -2436, -2347, -2258, -2169, -2080, -1991, -1902, -1813, -1724, -1635, -1546, -1457, -1368, -1279, -1190, -1101, -1012, -923, -834, -745, -656, -567, -478, -389, -300, -211, -122, -33, 56, 145, 234, 323, 412, 501, 590, 679, 768, 857, 946, 1035, 1124, 1213, 1302, 1391, 1480, 1569, 1658, 1747, 1836, 1925, 2014, 2103, 2192, 2281, 2370, 2459, 2548, 2637, 2726, 2815, 2904, 2937, 2993, 3082, 3171, 3260, 3349, 3438, 3527, 3616, 3705, 3794, 3883]
3950 = [-3861, -3772, -3683, -3594, -3505, -3416, -3327, -3238, -3149, -3060, -2971, -2882, -2793, -2704, -2615, -2526, -2437, -2348, -2259, -2170, -2081, -1992, -1903, -1814, -1725, -1636, -1547, -1458, -1369, -1280, -1191, -1102, -1013, -924, -835, -746, -657, -568, -479, -390, -301, -212, -123, -34, 55, 144, 233, 322, 411, 500, 589, 678, 767, 856, 945, 1034, 1123, 1212, 1301, 1390, 1479, 1568, 1657, 1746, 1835, 1924, 2013, 2102, 2191, 2280, 2369, 2458, 2547, 2636, 2725, 2814, 2903, 2992, 3026, 3081, 3170, 3259, 3348, 3437, 3526, 3615, 3704, 3793, 3882]
3951 = [-3862, -3773, -3684, -3595, -3506, -3417, -3328, -3239, -3150, -3061, -2972, -2883, -2794, -2705, -2616, -2527, -2438, -2349, -2260, -2171, -2082, -1993, -1904, -1815, -1726, -1637, -1548, -1459, -1370, -1281, -1192, -1103, -1014, -925, -836, -747, -658, -569, -480, -391, -302, -213, -124, -35, 54, 143, 232, 321, 410, 499, 588, 677, 766, 855, 944, 1033, 1122, 1211, 1300, 1389, 1478, 1567, 1656, 1745, 1834, 1923, 2012, 2101, 2190, 2279, 2368, 2457, 2546, 2635, 2724, 2813, 2902, 2991, 3080, 3115, 3169, 3258, 3347, 3436, 3525, 3614, 3703, 3792, 3881]
3952 = [-3863, -3774, -3685, -3596, -3507, -3418, -3329, -3240, -3151, -3062, -2973, -2884, -2795, -2706, -2617, -2528, -2439, -2350, -2261, -2172, -2083, -1994, -1905, -1816, -1727, -1638, -1549, -1460, -1371, -1282, -1193, -1104, -1015, -926, -837, -748, -659, -570, -481, -392, -303, -214, -125, -36, 53, 142, 231, 320, 409, 498, 587, 676, 765, 854, 943, 1032, 1121, 1210, 1299, 1388, 1477, 1566, 1655, 1744, 1833, 1922, 2011, 2100, 2189, 2278, 2367, 2456, 2545, 2634, 2723, 2812, 2901, 2990, 3079, 3168, 3204, 3257, 3346, 3435, 3524, 3613, 3702, 3791, 3880]
3953 = [-3864, -3775, -3686, -3597, -3508, -3419, -3330, -3241, -3152, -3063, -2974, -2885, -2796, -2707, -2618, -2529, -2440, -2351, -2262, -2173, -2084, -1995, -1906, -1817, -1728, -1639, -1550, -1461, -1372, -1283, -1194, -1105, -1016, -927, -838, -749, -660, -571, -482, -393, -304, -215, -126, -37, 52, 141, 230, 319, 408, 497, 586, 675, 764, 853, 942, 1031, 1120, 1209, 1298, 1387, 1476, 1565, 1654, 1743, 1832, 1921, 2010, 2099, 2188, 2277, 2366, 2455, 2544, 2633, 2722, 2811, 2900, 2989, 3078, 3167, 3256, 3293, 3345, 3434, 3523, 3612, 3701, 3790, 3879]
3954 = [-3865, -3776, -3687, -3598, -3509, -3420, -3331, -3242, -3153, -3064, -2975, -2886, -2797, -2708, -2619, -2530, -2441, -2352, -2263, -2174, -2085, -1996, -1907, -1818, -1729, -1640, -1551, -1462, -1373, -1284, -1195, -1106, -1017, -928, -839, -750, -661, -572, -483, -394, -305, -216, -127, -38, 51, 140, 229, 318, 407, 496, 585, 674, 763, 852, 941, 1030, 1119, 1208, 1297, 1386, 1475, 1564, 1653, 1742, 1831, 1920, 2009, 2098, 2187, 2276, 2365, 2454, 2543, 2632, 2721, 2810, 2899, 2988, 3077, 3166, 3255, 3344, 3382, 3433, 3522, 3611, 3700, 3789, 3878]
3955 = [-3866, -3777, -3688, -3599, -3510, -3421, -3332, -3243, -3154, -3065, -2976, -2887, -2798, -2709, -2620, -2531, -2442, -2353, -2264, -2175, -2086, -1997, -1908, -1819, -1730, -1641, -1552, -1463, -1374, -1285, -1196, -1107, -1018, -929, -840, -751, -662, -573, -484, -395, -306, -217, -128, -39, 50, 139, 228, 317, 406, 495, 584, 673, 762, 851, 940, 1029, 1118, 1207, 1296, 1385, 1474, 1563, 1652, 1741, 1830, 1919, 2008, 2097, 2186, 2275, 2364, 2453, 2542, 2631, 2720, 2809, 2898, 2987, 3076, 3165, 3254, 3343, 3432, 3471, 3521, 3610, 3699, 3788, 3877]
3956 = [-3867, -3778, -3689, -3600, -3511, -3422, -3333, -3244, -3155, -3066, -2977, -2888, -2799, -2710, -2621, -2532, -2443, -2354, -2265, -2176, -2087, -1998, -1909, -1820, -1731, -1642, -1553, -1464, -1375, -1286, -1197, -1108, -1019, -930, -841, -752, -663, -574, -485, -396, -307, -218, -129, -40, 49, 138, 227, 316, 405, 494, 583, 672, 761, 850, 939, 1028, 1117, 1206, 1295, 1384, 1473, 1562, 1651, 1740, 1829, 1918, 2007, 2096, 2185, 2274, 2363, 2452, 2541, 2630, 2719, 2808, 2897, 2986, 3075, 3164, 3253, 3342, 3431, 3520, 3560, 3609, 3698, 3787, 3876]
3957 = [-3868, -3779, -3690, -3601, -3512, -3423, -3334, -3245, -3156, -3067, -2978, -2889, -2800, -2711, -2622, -2533, -2444, -2355, -2266, -2177, -2088, -1999, -1910, -1821, -1732, -1643, -1554, -1465, -1376, -1287, -1198, -1109, -1020, -931, -842, -753, -664, -575, -486, -397, -308, -219, -130, -41, 48, 137, 226, 315, 404, 493, 582, 671, 760, 849, 938, 1027, 1116, 1205, 1294, 1383, 1472, 1561, 1650, 1739, 1828, 1917, 2006, 2095, 2184, 2273, 2362, 2451, 2540, 2629, 2718, 2807, 2896, 2985, 3074, 3163, 3252, 3341, 3430, 3519, 3608, 3649, 3697, 3786, 3875]
3958 = [-3869, -3780, -3691, -3602, -3513, -3424, -3335, -3246, -3157, -3068, -2979, -2890, -2801, -2712, -2623, -2534, -2445, -2356, -2267, -2178, -2089, -2000, -1911, -1822, -1733, -1644, -1555, -1466, -1377, -1288, -1199, -1110, -1021, -932, -843, -754, -665, -576, -487, -398, -309, -220, -131, -42, 47, 136, 225, 314, 403, 492, 581, 670, 759, 848, 937, 1026, 1115, 1204, 1293, 1382, 1471, 1560, 1649, 1738, 1827, 1916, 2005, 2094, 2183, 2272, 2361, 2450, 2539, 2628, 2717, 2806, 2895, 2984, 3073, 3162, 3251, 3340, 3429, 3518, 3607, 3696, 3738, 3785, 3874]
3959 = [-3870, -3781, -3692, -3603, -3514, -3425, -3336, -3247, -3158, -3069, -2980, -2891, -2802, -2713, -2624, -2535, -2446, -2357, -2268, -2179, -2090, -2001, -1912, -1823, -1734, -1645, -1556, -1467, -1378, -1289, -1200, -1111, -1022, -933, -844, -755, -666, -577, -488, -399, -310, -221, -132, -43, 46, 135, 224, 313, 402, 491, 580, 669, 758, 847, 936, 1025, 1114, 1203, 1292, 1381, 1470, 1559, 1648, 1737, 1826, 1915, 2004, 2093, 2182, 2271, 2360, 2449, 2538, 2627, 2716, 2805, 2894, 2983, 3072, 3161, 3250, 3339, 3428, 3517, 3606, 3695, 3784, 3827, 3873]
3960 = [-3871, -3782, -3693, -3604, -3515, -3426, -3337, -3248, -3159, -3070, -2981, -2892, -2803, -2714, -2625, -2536, -2447, -2358, -2269, -2180, -2091, -2002, -1913, -1824, -1735, -1646, -1557, -1468, -1379, -1290, -1201, -1112, -1023, -934, -845, -756, -667, -578, -489, -400, -311, -222, -133, -44, 45, 134, 223, 312, 401, 490, 579, 668, 757, 846, 935, 1024, 1113, 1202, 1291, 1380, 1469, 1558, 1647, 1736, 1825, 1914, 2003, 2092, 2181, 2270, 2359, 2448, 2537, 2626, 2715, 2804, 2893, 2982, 3071, 3160, 3249, 3338, 3427, 3516, 3605, 3694, 3783, 3872, 3916]
-3960 = [-3916, -3872, -3783, -3694, -3605, -3516, -3427, -3338, -3249, -3160, -3071, -2982, -2893, -2804, -2715, -2626, -2537, -2448, -2359, -2270, -2181, -2092, -2003, -1914, -1825, -1736, -1647, -1558, -1469, -1380, -1291, -1202, -1113, -1024, -935, -846, -757, -668, -579, -490, -401, -312, -223, -134, -45, 44, 133, 222, 311, 400, 489, 578, 667, 756, 845, 934, 1023, 1112, 1201, 1290, 1379, 1468, 1557, 1646, 1735, 1824, 1913, 2002, 2091, 2180, 2269, 2358, 2447, 2536, 2625, 2714, 2803, 2892, 2981, 3070, 3159, 3248, 3337, 3426, 3515, 3604, 3693, 3782, 3871]
-3959 = [-3873, -3827, -3784, -3695, -3606, -3517, -3428, -3339, -3250, -3161, -3072, -2983, -2894, -2805, -2716, -2627, -2538, -2449, -2360, -2271, -2182, -2093, -2004, -1915, -1826, -1737, -1648, -1559, -1470, -1381, -1292, -1203, -1114, -1025, -936, -847, -758, -669, -580, -491, -402, -313, -224, -135, -46, 43, 132, 221, 310, 399, 488, 577, 666, 755, 844, 933, 1022, 1111, 1200, 1289, 1378, 1467, 1556, 1645, 1734, 1823, 1912, 2001, 2090, 2179, 2268, 2357, 2446, 2535, 2624, 2713, 2802, 2891, 2980, 3069, 3158, 3247, 3336, 3425, 3514, 3603, 3692, 3781, 3870]
-3958 = [-3874, -3785, -3738, -3696, -3607, -3518, -3429, -3340, -3251, -3162, -3073, -2984, -2895, -2806, -2717, -2628, -2539, -2450, -2361, -2272, -2183, -2094, -2005, -1916, -1827, -1738, -1649, -1560, -1471, -1382, -1293, -1204, -1115, -1026, -937, -848, -759, -670, -581, -492, -403, -314, -225, -136, -47, 42, 131, 220, 309, 398, 487, 576, 665, 754, 843, 932, 1021, 1110, 1199, 1288, 1377, 1466, 1555, 1644, 1733, 1822, 1911, 2000, 2089, 2178, 2267, 2356, 2445, 2534, 2623, 2712, 2801, 2890, 2979, 3068, 3157, 3246, 3335, 3424, 3513, 3602, 3691, 3780, 3869]
-3957 = [-3875, -3786, -3697, -3649, -3608, -3519, -3430, -3341, -3252, -3163, -3074, -2985, -2896, -2807, -2718, -2629, -2540, -2451, -2362, -2273, -2184, -2095, -2006, -1917, -1828, -1739, -1650, -1561, -1472, -1383, -1294, -1205, -1116, -1027, -938, -849, -760, -671, -582, -493, -404, -315, -226, -137, -48, 41, 130, 219, 308, 397, 486, 575, 664, 753, 842, 931, 1020, 1109, 1198, 1287, 1376, 1465, 1554, 1643, 1732, 1821, 1910, 1999, 2088, 2177, 2266, 2355, 2444, 2533, 2622, 2711, 2800, 2889, 2978, 3067, 3156, 3245, 3334, 3423, 3512, 3601, 3690, 3779, 3868]
-3956 = [-3876, -3787, -3698, -3609, -3560, -3520, -3431, -3342, -3253, -3164, -3075, -2986, -2897, -2808, -2719, -2630, -2541, -2452, -2363, -2274, -2185, -2096, -2007, -1918, -1829, -1740, -1651, -1562, -1473, -1384, -1295, -1206, -1117, -1028, -939, -850, -761, -672, -583, -494, -405, -316, -227, -138, -49, 40, 129, 218, 307, 396, 485, 574, 663, 752, 841, 930, 1019, 1108, 1197, 1286, 1375, 1464, 1553, 1642, 1731, 1820, 1909, 1998, 2087, 2176, 2265, 2354, 2443, 2532, 2621, 2710, 2799, 2888, 2977, 3066, 3155, 3244, 3333, 3422, 3511, 3600, 3689, 3778, 3867]
-3955 = [-3877, -3788, -3699, -3610, -3521, -3471, -3432, -3343, -3254, -3165, -3076, -2987, -2898, -2809, -2720, -2631, -2542, -2453, -2364, -2275, -2186, -2097, -2008, -1919, -1830, -1741, -1652, -1563, -1474, -1385, -1296, -1207, -1118, -1029, -940, -851, -762, -673, -584, -495, -406, -317, -228, -139, -50, 39, 128, 217, 306, 395, 484, 573, 662, 751, 840, 929, 1018, 1107, 1196, 1285, 1374, 1463, 1552, 1641, 1730, 1819, 1908, 1997, 2086, 2175, 2264, 2353, 2442, 2531, 2620, 2709, 2798, 2887, 2976, 3065, 3154, 3243, 3332, 3421, 3510, 3599, 3688, 3777, 3866]
-3954 = [-3878, -3789, -3700, -3611, -3522, -3433, -3382, -3344, -3255, -3166, -3077, -2988, -2899, -2810, -2721, -2632, -2543, -2454, -2365, -2276, -2187, -2098, -2009, -1920, -1831, -1742, -1653, -1564, -1475, -1386, -1297, -1208, -1119, -1030, -941, -852, -763, -674, -585, -496, -407, -318, -229, -140, -51, 38, 127, 216, 305, 394, 483, 572, 661, 750, 839, 928, 1017, 1106, 1195, 1284, 1373, 1462, 1551, 1640, 1729, 1818, 1907, 1996, 2085, 2174, 2263, 2352, 2441, 2530, 2619, 2708, 2797, 2886, 2975, 3064, 3153, 3242, 3331, 3420, 3509, 3598, 3687, 3776, 3865]
-3953 = [-3879, -3790, -3701, -3612, -3523, -3434, -3345, -3293, -3256, -3167, -3078, -2989, -2900, -2811, -2722, -2633, -2544, -2455, -2366, -2277, -2188, -2099, -2010, -1921, -1832, -1743, -1654, -1565, -1476, -1387, -1298, -1209, -1120, -1031, -942, -853, -764, -675, -586, -497, -408, -319, -230, -141, -52, 37, 126, 215, 304, 393, 482, 571, 660, 749, 838, 927, 1016, 1105, 1194, 1283, 1372, 1461, 1550, 1639, 1728, 1817, 1906, 1995, 2084, 2173, 2262, 2351, 2440, 2529, 2618, 2707, 2796, 2885, 2974, 3063, 3152, 3241, 3330, 3419, 3508, 3597, 3686, 3775, 3864]
-3952 = [-3880, -3791, -3702, -3613, -3524, -3435, -3346, -3257, -3204, -3168, -3079, -2990, -2901, -2812, -2723, -2634, -2545, -2456, -2367, -2278, -2189, -2100, -2011, -1922, -1833, -1744, -1655, -1566, -1477, -1388, -1299, -1210, -1121, -1032, -943, -854, -765, -676, -587, -498, -409, -320, -231, -142, -53, 36, 125, 214, 303, 392, 481, 570, 659, 748, 837, 926, 1015, 1104, 1193, 1282, 1371, 1460, 1549, 1638, 1727, 1816, 1905, 1994, 2083, 2172, 2261, 2350, 2439, 2528, 2617, 2706, 2795, 2884, 2973, 3062, 3151, 3240, 3329, 3418, 3507, 3596, 3685, 3774, 3863]
-3951 = [-3881, -3792, -3703, -3614, -3525, -3436, -3347, -3258, -3169, -3115, -3080, -2991, -2902, -2813, -2724, -2635, -2546, -2457, -2368, -2279, -2190, -2101, -2012, -1923, -1834, -1745, -1656, -1567, -1478, -1389, -1300, -1211, -1122, -1033, -944, -855, -766, -677, -588, -499, -410, -321, -232, -143, -54, 35, 124, 213, 302, 391, 480, 569, 658, 747, 836, 925, 1014, 1103, 1192, 1281, 1370, 1459, 1548, 1637, 1726, 1815, 1904, 1993, 2082, 2171, 2260, 2349, 2438, 2527, 2616, 2705, 2794, 2883, 2972, 3061, 3150, 3239, 3328, 3417, 3506, 3595, 3684, 3773, 3862]
-3950 = [-3882, -3793, -3704, -3615, -3526, -3437, -3348, -3259, -3170, -3081, -3026, -2992, -2903, -2814, -2725, -2636, -2547, -2458, -2369, -2280, -2191, -2102, -2013, -1924, -1835, -1746, -1657, -1568, -1479, -1390, -1301, -1212, -1123, -1034, -945, -856, -767, -678, -589, -500, -411, -322, -233, -144, -55, 34, 123, 212, 301, 390, 479, 568, 657, 746, 835, 924, 1013, 1102, 1191, 1280, 1369, 1458, 1547, 1636, 1725, 1814, 1903, 1992, 2081, 2170, 2259, 2348, 2437, 2526, 2615, 2704, 2793, 2882, 2971, 3060, 3149, 3238, 3327, 3416, 3505, 3594, 3683, 3772, 3861]
-3949 = [-3883, -3794, -3705, -3616, -3527, -3438, -3349, -3260, -3171, -3082, -2993, -2937, -2904, -2815, -2726, -2637, -2548, -2459, -2370, -2281, -2192, -2103, -2014, -1925, -1836, -1747, -1658, -1569, -1480, -1391, -1302, -1213, -1124, -1035, -946, -857, -768, -679, -590, -501, -412, -323, -234, -145, -56, 33, 122, 211, 300, 389, 478, 567, 656, 745, 834, 923, 1012, 1101, 1190, 1279, 1368, 1457, 1546, 1635, 1724, 1813, 1902, 1991, 2080, 2169, 2258, 2347, 2436, 2525, 2614, 2703, 2792, 2881, 2970, 3059, 3148, 3237, 3326, 3415, 3504, 3593, 3682, 3771, 3860]
-3948 = [-3884, -3795, -3706, -3617, -3528, -3439, -3350, -3261, -3172, -3083, -2994, -2905, -2848, -2816, -2727, -2638, -2549, -2460, -2371, -2282, -2193, -2104, -2015, -1926, -1837, -1748, -1659, -1570, -1481, -1392, -1303, -1214, -1125, -1036, -947, -858, -769, -680, -591, -502, -413, -324, -235, -146, -57, 32, 121, 210, 299, 388, 477, 566, 655, 744, 833, 922, 1011, 1100, 1189, 1278, 1367, 1456, 1545, 1634, 1723, 1812, 1901, 1990, 2079, 2168, 2257, 2346, 2435, 2524, 2613, 2702, 2791, 2880, 2969, 3058, 3147, 3236, 3325, 3414, 3503, 3592, 3681, 3770, 3859]
-3947 = [-3885, -3796, -3707, -3618, -3529, -3440, -3351, -3262, -3173, -3084, -2995, -2906, -2817, -2759, -2728, -2639, -2550, -2461, -2372, -2283, -2194, -2105, -2016, -1927, -1838, -1749, -1660, -1571, -1482, -1393, -1304, -1215, -1126, -1037, -948, -859, -770, -681, -592, -503, -414, -325, -236, -147, -58, 31, 120, 209, 298, 387, 476, 565, 654, 743, 832, 921, 1010, 1099, 1188, 1277, 1366, 1455, 1544, 1633, 1722, 1811, 1900, 1989, 2078, 2167, 2256, 2345, 2434, 2523, 2612, 2701, 2790, 2879, 2968, 3057, 3146, 3235, 3324, 3413, 3502, 3591, 3680, 3769, 3858]
-3946 = [-3886, -3797, -3708, -3619, -3530, -3441, -3352, -3263, -3174, -3085, -2996, -2907, -2818, -2729, -2670, -2640, -2551, -2462, -2373, -2284, -2195, -2106, -2017, -1928, -1839, -1750, -1661, -1572, -1483, -1394, -1305, -1216, -1127, -1038, -949, -860, -771, -682, -593, -504, -415, -326, -237, -148, -59, 30, 119, 208, 297, 386, 475, 564, 653, 742, 831, 920, 1009, 1098, 1187, 1276, 1365, 1454, 1543, 1632, 1721, 1810, 1899, 1988, 2077, 2166, 2255, 2344, 2433, 2522, 2611, 2700, 2789, 2878, 2967, 3056, 3145, 3234, 3323, 3412, 3501, 3590, 3679, 3768, 3857]
-3945 = [-3887, -3798, -3709, -3620, -3531, -3442, -3353, -3264, -3175, -3086, -2997, -2908, -2819, -2730, -2641, -2581, -2552, -2463, -2374, -2285, -2196, -2107, -2018, -1929, -1840, -1751, -1662, -1573, -1484, -1395, -1306, -1217, -1128, -1039, -950, -861, -772, -683, -594, -505, -416, -327, -238, -149, -60, 29, 118, 207, 296, 385, 474, 563, 652, 741, 830, 919, 1008, 1097, 1186, 1275, 1364, 1453, 1542, 1631, 1720, 1809, 1898, 1987, 2076, 2165, 2254, 2343, 2432, 2521, 2610, 2699, 2788, 2877, 2966, 3055, 3144, 3233, 3322, 3411, 3500, 3589, 3678, 3767, 3856]
-3944 = [-3888, -3799, -3710, -3621, -3532, -3443, -3354, -3265, -3176, -3087, -2998, -2909, -2820, -2731, -2642, -2553, -2492, -2464, -2375, -2286, -2197, -2108, -2019, -1930, -1841, -1752, -1663, -1574, -1485, -1396, -1307, -1218, -1129, -1040, -951, -862, -773, -684, -595, -506, -417, -328, -239, -150, -61, 28, 117, 206, 295, 384, 473, 562, 651, 740, 829, 918, 1007, 1096, 1185, 1274, 1363, 1452, 1541, 1630, 1719, 1808, 1897, 1986, 2075, 2164, 2253, 2342, 2431, 2520, 2609, 2698, 2787, 2876, 2965, 3054, 3143, 3232, 3321, 3410, 3499, 3588, 3677, 3766, 3855]
-3943 = [-3889, -3800, -3711, -3622, -3533, -3444, -3355, -3266, -3177, -3088, -2999, -2910, -2821, -2732, -2643, -2554, -2465, -2403, -2376, -2287, -2198, -2109, -2020, -1931, -1842, -1753, -1664, -1575, -1486, -1397, -1308, -1219, -1130, -1041, -952, -863, -774, -685, -596, -507, -418, -329, -240, -151, -62, 27, 116, 205, 294, 383, 472, 561, 650, 739, 828, 917, 1006, 1095, 1184, 1273, 1362, 1451, 1540, 1629, 1718, 1807, 1896, 1985, 2074, 2163, 2252, 2341, 2430, 2519, 2608, 2697, 2786, 2875, 2964, 3053, 3142, 3231, 3320, 3409, 3498, 3587, 3676, 3765, 3854]
-3942 = [-3890, -3801, -3712, -3623, -3534, -3445, -3356, -3267, -3178, -3089, -3000, -2911, -2822, -2733, -2644, -2555, -2466, -2377, -2314, -2288, -2199, -2110, -2021, -1932, -1843, -1754, -1665, -1576, -1487, -1398, -1309, -1220, -1131, -1042, -953, -864, -775, -686, -597, -508, -419, -330, -241, -152, -63, 26, 115, 204, 293, 382, 471, 560, 649, 738, 827, 916, 1005, 1094, 1183, 1272, 1361, 1450, 1539, 1628, 1717, 1806, 1895, 1984, 2073, 2162, 2251, 2340, 2429, 2518, 2607, 2696, 2785, 2874, 2963, 3052, 3141, 3230, 3319, 3408, 3497, 3586, 3675, 3764, 3853]
-3941 = [-3891, -3802, -3713, -3624, -3535, -3446, -3357, -3268, -3179, -3090, -3001, -2912, -2823, -2734, -2645, -2556, -2467, -2378, -2289, -2225, -2200, -2111, -2022, -1933, -1844, -1755, -1666, -1577, -1488, -1399, -1310, -1221, -1132, -1043, -954, -865, -776, -687, -598, -509, -420, -331, -242, -153, -64, 25, 114, 203, 292, 381, 470, 559, 648, 737, 826, 915, 1004, 1093, 1182, 1271, 1360, 1449, 1538, 1627, 1716, 1805, 1894, 1983, 2072, 2161, 2250, 2339, 2428, 2517, 2606, 2695, 2784, 2873, 2962, 3051, 3140, 3229, 3318, 3407, 3496, 3585, 3674, 3763, 3852]
-3940 = [-3892, -3803, -3714, -3625, -3536, -3447, -3358, -3269, -3180, -3091, -3002, -2913, -2824, -2735, -2646, -2557, -2468, -2379, -2290, -2201, -2136, -2112, -2023, -1934, -1845, -1756, -1667, -1578, -1489, -1400, -1311, -1222, -1133, -1044, -955, -866, -777, -688, -599, -510, -421, -332, -243, -154, -65, 24, 113, 202, 291, 380, 469, 558, 647, 736, 825, 914, 1003, 1092, 1181, 1270, 1359, 1448, 1537, 1626, 1715, 1804, 1893, 1982, 2071, 2160, 2249, 2338, 2427, 2516, 2605, 2694, 2783, 2872, 2961, 3050, 3139, 3228, 3317, 3406, 3495, 3584, 3673, 3762, 3851]
-3939 = [-3893, -3804, -3715, -3626, -3537, -3448, -3359, -3270, -3181, -3092, -3003, -2914, -2825, -2736, -2647, -2558, -2469, -2380, -2291, -2202, -2113, -2047, -2024, -1935, -1846, -1757, -1668, -1579, -1490, -1401, -1312, -1223, -1134, -1045, -956, -867, -778, -689, -600, -511, -422, -333, -244, -155, -66, 23, 112, 201, 290, 379, 468, 557, 646, 735, 824, 913, 1002, 1091, 1180, 1269, 1358, 1447, 1536, 1625, 1714, 1803, 1892, 1981, 2070, 2159, 2248, 2337, 2426, 2515, 2604, 2693, 2782, 2871, 2960, 3049, 3138, 3227, 3316, 3405, 3494, 3583, 3672, 3761, 3850]
-3938 = [-3894, -3805, -3716, -3627, -3538, -3449, -3360, -3271, -3182, -3093, -3004, -2915, -2826, -2737, -2648, -2559, -2470, -2381, -2292, -2203, -2114, -2025, -1958, -1936, -1847, -1758, -1669, -1580, -1491, -1402, -1313, -1224, -1135, -1046, -957, -868, -779, -690, -601, -512, -423, -334, -245, -156, -67, 22, 111, 200, 289, 378, 467, 556, 645, 734, 823, 912, 1001, 1090, 1179, 1268, 1357, 1446, 1535, 1624, 1713, 1802, 1891, 1980, 2069, 2158, 2247, 2336, 2425, 2514, 2603, 2692, 2781, 2870, 2959, 3048, 3137, 3226, 3315, 3404, 3493, 3582, 3671, 3760, 3849]
-3937 = [-3895, -3806, -3717, -3628, -3539, -3450, -3361, -3272, -3183, -3094, -3005, -2916, -2827, -2738, -2649, -2560, -2471, -2382, -2293, -2204, -2115, -2026, -1937, -1869, -1848, -1759, -1670, -1581, -1492, -1403, -1314, -1225, -1136, -1047, -958, -869, -780, -691, -602, -513, -424, -335, -246, -157, -68, 21, 110, 199, 288, 377, 466, 555, 644, 733, 822, 911, 1000, 1089, 1178, 1267, 1356, 1445, 1534, 1623, 1712, 1801, 1890, 1979, 2068, 2157, 2246, 2335, 2424, 2513, 2602, 2691, 2780, 2869, 2958, 3047, 3136, 3225, 3314, 3403, 3492, 3581, 3670, 3759, 3848]
-3936 = [-3896, -3807, -3718, -3629, -3540, -3451, -3362, -3273, -3184, -3095, -3006, -2917, -2828, -2739, -2650, -2561, -2472, -2383, -2294, -2205, -2116, -2027, -1938, -1849, -1780, -1760, -1671, -1582, -1493, -1404, -1315, -1226, -1137, -1048, -959, -870, -781, -692, -603, -514, -425, -336, -247, -158, -69, 20, 109, 198, 287, 376, 465, 554, 643, 732, 821, 910, 999, 1088, 1177, 1266, 1355, 1444, 1533, 1622, 1711, 1800, 1889, 1978, 2067, 2156, 2245, 2334, 2423, 2512, 2601, 2690, 2779, 2868, 2957, 3046, 3135, 3224, 3313, 3402, 3491, 3580, 3669, 3758, 3847]
-3935 = [-3897, -3808, -3719, -3630, -3541, -3452, -3363, -3274, -3185, -3096, -3007, -2918, -2829, -2740, -2651, -2562, -2473, -2384, -2295, -2206, -2117, -2028, -1939, -1850, -1761, -1691, -1672, -1583, -1494, -1405, -1316, -1227, -1138, -1049, -960, -871, -782, -693, -604, -515, -426, -337, -248, -159, -70, 19, 108, 197, 286, 375, 464, 553, 642, 731, 820, 909, 998, 1087, 1176, 1265, 1354, 1443, 1532, 1621, 1710, 1799, 1888, 1977, 2066, 2155, 2244, 2333, 2422, 2511, 2600, 2689, 2778, 2867, 2956, 3045, 3134, 3223, 3312, 3401, 3490, 3579, 3668, 3757, 3846]
-3934 = [-3898, -3809, -3720, -3631, -3542, -3453, -3364, -3275, -3186, -3097, -3008, -2919, -2830, -2741, -2652, -2563, -2474, -2385, -2296, -2207, -2118, -2029, -1940, -1851, -1762, -1673, -1602, -1584, -1495, -1406, -1317, -1228, -1139, -1050, -961, -872, -783, -694, -605, -516, -427, -338, -249, -160, -71, 18, 107, 196, 285, 374, 463, 552, 641, 730, 819, 908, 997, 1086, 1175, 1264, 1353, 1442, 1531, 1620, 1709, 1798, 1887, 1976, 2065, 2154, 2243, 2332, 2421, 2510, 2599, 2688, 2777, 2866, 2955, 3044, 3133, 3222, 3311, 3400, 3489, 3578, 3667, 3756, 3845]
-3933 = [-3899, -3810, -3721, -3632, -3543, -3454, -3365, -3276, -3187, -3098, -3009, -2920, -2831, -2742, -2653, -2564, -2475, -2386, -2297, -2208, -2119, -2030, -1941, -1852, -1763, -1674, -1585, -1513, -1496, -1407, -1318, -1229, -1140, -1051, -962, -873, -784, -695, -606, -517, -428, -339, -250, -161, -72, 17, 106, 195, 284, 373, 462, 551, 640, 729, 818, 907, 996, 1085, 1174, 1263, 1352, 1441, 1530, 1619, 1708, 1797, 1886, 1975, 2064, 2153, 2242, 2331, 2420, 2509, 2598, 2687, 2776, 2865, 2954, 3043, 3132, 3221, 3310, 3399, 3488, 3577, 3666, 3755, 3844]
-3932 = [-3900, -3811, -3722, -3633, -3544, -3455, -3366, -3277, -3188, -3099, -3010, -2921, -2832, -2743, -2654, -2565, -2476, -2387, -2298, -2209, -2120, -2031, -1942, -1853, -1764, -1675, -1586, -1497, -1424, -1408, -1319, -1230, -1141, -1052, -963, -874, -785, -696, -607, -518, -429, -340, -251, -162, -73, 16, 105, 194, 283, 372, 461, 550, 639, 728, 817, 906, 995, 1084, 1173, 1262, 1351, 1440, 1529, 1618, 1707, 1796, 1885, 1974, 2063, 2152, 2241, 2330, 2419, 2508, 2597, 2686, 2775, 2864, 2953, 3042, 3131, 3220, 3309, 3398, 3487, 3576, 3665, 3754, 3843]
-3931 = [-3901, -3812, -3723, -3634, -3545, -3456, -3367, -3278, -3189, -3100, -3011, -2922, -2833, -2744, -2655, -2566, -2477, -2388, -2299, -2210, -2121, -2032, -1943, -1854, -1765, -1676, -1587, -1498, -1409, -1335, -1320, -1231, -1142, -1053, -964, -875, -786, -697, -608, -519, -430, -341, -252, -163, -74, 15, 104, 193, 282, 371, 460, 549, 638, 727, 816, 905, 994, 1083, 1172, 1261, 1350, 1439, 1528, 1617, 1706, 1795, 1884, 1973, 2062, 2151, 2240, 2329, 2418, 2507, 2596, 2685, 2774, 2863, 2952, 3041, 3130, 3219, 3308, 3397, 3486, 3575, 3664, 3753, 3842]
-3930 = [-3902, -3813, -3724, -3635, -3546, -3457, -3368, -3279, -3190, -3101, -3012, -2923, -2834, -2745, -2656, -2567, -2478, -2389, -2300, -2211, -2122, -2033, -1944, -1855, -1766, -1677, -1588, -1499, -1410, -1321, -1246, -1232, -1143, -1054, -965, -876, -787, -698, -609, -520, -431, -342, -253, -164, -75, 14, 103, 192, 281, 370, 459, 548, 637, 726, 815, 904, 993, 1082, 1171, 1260, 1349, 1438, 1527, 1616, 1705, 1794, 1883, 1972, 2061, 2150, 2239, 2328, 2417, 2506, 2595, 2684, 2773, 2862, 2951, 3040, 3129, 3218, 3307, 3396, 3485, 3574, 3663, 3752, 3841]
-3929 = [-3903, -3814, -3725, -3636, -3547, -3458, -3369, -3280, -3191, -3102, -3013, -2924, -2835, -2746, -2657, -2568, -2479, -2390, -2301, -2212, -2123, -2034, -1945, -1856, -1767, -1678, -1589, -1500, -1411, -1322, -1233, -1157, -1144, -1055, -966, -877, -788, -699, -610, -521, -432, -343, -254, -165, -76, 13, 102, 191, 280, 369, 458, 547, 636, 725, 814, 903, 992, 1081, 1170, 1259, 1348, 1437, 1526, 1615, 1704, 1793, 1882, 1971, 2060, 2149, 2238, 2327, 2416, 2505, 2594, 2683, 2772, 2861, 2950, 3039, 3128, 3217, 3306, 3395, 3484, 3573, 3662, 3751, 3840]
-3928 = [-3904, -3815, -3726, -3637, -3548, -3459, -3370, -3281, -3192, -3103, -3014, -2925, -2836, -2747, -2658, -2569, -2480, -2391, -2302, -2213, -2124, -2035, -1946, -1857, -1768, -1679, -1590, -1501, -1412, -1323, -1234, -1145, -1068, -1056, -967, -878, -789, -700, -611, -522, -433, -344, -255, -166, -77, 12, 101, 190, 279, 368, 457, 546, 635, 724, 813, 902, 991, 1080, 1169, 1258, 1347, 1436, 1525, 1614, 1703, 1792, 1881, 1970, 2059, 2148, 2237, 2326, 2415, 2504, 2593, 2682, 2771, 2860, 2949, 3038, 3127, 3216, 3305, 3394, 3483, 3572, 3661, 3750, 3839]
-3927 = [-3905, -3816, -3727, -3638, -3549, -3460, -3371, -3282, -3193, -3104, -3015, -2926, -2837, -2748, -2659, -2570, -2481, -2392, -2303, -2214, -2125, -2036, -1947, -1858, -1769, -1680, -1591, -1502, -1413, -1324, -1235, -1146, -1057, -979, -968, -879, -790, -701, -612, -523, -434, -345, -256, -167, -78, 11, 100, 189, 278, 367, 456, 545, 634, 723, 812, 901, 990, 1079, 1168, 1257, 1346, 1435, 1524, 1613, 1702, 1791, 1880, 1969, 2058, 2147, 2236, 2325, 2414, 2503, 2592, 2681, 2770, 2859, 2948, 3037, 3126, 3215, 3304, 3393, 3482, 3571, 3660, 3749, 3838]
-3926 = [-3906, -3817, -3728, -3639, -3550, -3461, -3372, -3283, -3194, -3105, -3016, -2927, -2838, -2749, -2660, -2571, -2482, -2393, -2304, -2215, -2126, -2037, -1948, -1859, -1770, -1681, -1592, -1503, -1414, -1325, -1236, -1147, -1058, -969, -890, -880, -791, -702, -613, -524, -435, -346, -257, -168, -79, 10, 99, 188, 277, 366, 455, 544, 633, 722, 811, 900, 989, 1078, 1167, 1256, 1345, 1434, 1523, 1612, 1701, 1790, 1879, 1968, 2057, 2146, 2235, 2324, 2413, 2502, 2591, 2680, 2769, 2858, 2947, 3036, 3125, 3214, 3303, 3392, 3481, 3570, 3659, 3748, 3837]
-3925 = [-3907, -3818, -3729, -3640, -3551, -3462, -3373, -3284, -3195, -3106, -3017, -2928, -2839, -2750, -2661, -2572, -2483, -2394, -2305, -2216, -2127, -2038, -1949, -1860, -1771, -1682, -1593, -1504, -1415, -1326, -1237, -1148, -1059, -970, -881, -801, -792, -703, -614, -525, -436, -347, -258, -169, -80, 9, 98, 187, 276, 365, 454, 543, 632, 721, 810, 899, 988, 1077, 1166, 1255, 1344, 1433, 1522, 1611, 1700, 1789, 1878, 1967, 2056, 2145, 2234, 2323, 2412, 2501, 2590, 2679, 2768, 2857, 2946, 3035, 3124, 3213, 3302, 3391, 3480, 3569, 3658, 3747, 3836]
-3924 = [-3908, -3819, -3730, -3641, -3552, -3463, -3374, -3285, -3196, -3107, -3018, -2929, -2840, -2751, -2662, -2573, -2484, -2395, -2306, -2217, -2128, -2039, -1950, -1861, -1772, -1683, -1594, -1505, -1416, -1327, -1238, -1149, -1060, -971, -882, -793, -712, -704, -615, -526, -437, -348, -259, -170, -81, 8, 97, 186, 275, 364, 453, 542, 631, 720, 809, 898, 987, 1076, 1165, 1254, 1343, 1432, 1521, 1610, 1699, 1788, 1877, 1966, 2055, 2144, 2233, 2322, 2411, 2500, 2589, 2678, 2767, 2856, 2945, 3034, 3123, 3212, 3301, 3390, 3479, 3568, 3657, 3746, 3835]
-3923 = [-3909, -3820, -3731, -3642, -3553, -3464, -3375, -3286, -3197, -3108, -3019, -2930, -2841, -2752, -2663, -2574, -2485, -2396, -2307, -2218, -2129, -2040, -1951, -1862, -1773, -1684, -1595, -1506, -1417, -1328, -1239, -1150, -1061, -972, -883, -794, -705, -623, -616, -527, -438, -349, -260, -171, -82, 7, 96, 185, 274, 363, 452, 541, 630, 719, 808, 897, 986, 1075, 1164, 1253, 1342, 1431, 1520, 1609, 1698, 1787, 1876, 1965, 2054, 2143, 2232, 2321, 2410, 2499, 2588, 2677, 2766, 2855, 2944, 3033, 3122, 3211, 3300, 3389, 3478, 3567, 3656, 3745, 3834]
-3922 = [-3910, -3821, -3732, -3643, -3554, -3465, -3376, -3287, -3198, -3109, -3020, -2931, -2842, -2753, -2664, -2575, -2486, -2397, -2308, -2219, -2130, -2041, -1952, -1863, -1774, -1685, -1596, -1507, -1418, -1329, -1240, -1151, -1062, -973, -884, -795, -706, -617, -534, -528, -439, -350, -261, -172, -83, 6, 95, 184, 273, 362, 451, 540, 629, 718, 807, 896, 985, 1074, 1163, 1252, 1341, 1430, 1519, 1608, 1697, 1786, 1875, 1964, 2053, 2142, 2231, 2320, 2409, 2498, 2587, 2676, 2765, 2854, 2943, 3032, 3121, 3210, 3299, 3388, 3477, 3566, 3655, 3744, 3833]
-3921 = [-3911, -3822, -3733, -3644, -3555, -3466, -3377, -3288, -3199, -3110, -3021, -2932, -2843, -2754, -2665, -2576, -2487, -2398, -2309, -2220, -2131, -2042, -1953, -1864, -1775, -1686, -1597, -1508, -1419, -1330, -1241, -1152, -1063, -974, -885, -796, -707, -618, -529, -445, -440, -351, -262, -173, -84, 5, 94, 183, 272, 361, 450, 539, 628, 717, 806, 895, 984, 1073, 1162, 1251, 1340, 1429, 1518, 1607, 1696, 1785, 1874, 1963, 2052, 2141, 2230, 2319, 2408, 2497, 2586, 2675, 2764, 2853, 2942, 3031, 3120, 3209, 3298, 3387, 3476, 3565, 3654, 3743, 3832]
-3920 = [-3912, -3823, -3734, -3645, -3556, -3467, -3378, -3289, -3200, -3111, -3022, -2933, -2844, -2755, -2666, -2577, -2488, -2399, -2310, -2221, -2132, -2043, -1954, -1865, -1776, -1687, -1598, -1509, -1420, -1331, -1242, -1153, -1064, -975, -886, -797, -708, -619, -530, -441, -356, -352, -263, -174, -85, 4, 93, 182, 271, 360, 449, 538, 627, 716, 805, 894, 983, 1072, 1161, 1250, 1339, 1428, 1517, 1606, 1695, 1784, 1873, 1962, 2051, 2140, 2229, 2318, 2407, 2496, 2585, 2674, 2763, 2852, 2941, 3030, 3119, 3208, 3297, 3386, 3475, 3564, 3653, 3742, 3831]
-3919 = [-3913, -3824, -3735, -3646, -3557, -3468, -3379, -3290, -3201, -3112, -3023, -2934, -2845, -2756, -2667, -2578, -2489, -2400, -2311, -2222, -2133, -2044, -1955, -1866, -1777, -1688, -1599, -1510, -1421, -1332, -1243, -1154, -1065, -976, -887, -798, -709, -620, -531, -442, -353, -267, -264, -175, -86, 3, 92, 181, 270, 359, 448, 537, 626, 715, 804, 893, 982, 1071, 1160, 1249, 1338, 1427, 1516, 1605, 1694, 1783, 1872, 1961, 2050, 2139, 2228, 2317, 2406, 2495, 2584, 2673, 2762, 2851, 2940, 3029, 3118, 3207, 3296, 3385, 3474, 3563, 3652, 3741, 3830]
-3918 = [-3914, -3825, -3736, -3647, -3558, -3469, -3380, -3291, -3202, -3113, -3024, -2935, -2846, -2757, -2668, -2579, -2490, -2401, -2312, -2223, -2134, -2045, -1956, -1867, -1778, -1689, -1600, -1511, -1422, -1333, -1244, -1155, -1066, -977, -888, -799, -710, -621, -532, -443, -354, -265, -178, -176, -87, 2, 91, 180, 269, 358, 447, 536, 625, 714, 803, 892, 981, 1070, 1159, 1248, 1337, 1426, 1515, 1604, 1693, 1782, 1871, 1960, 2049, 2138, 2227, 2316, 2405, 2494, 2583, 2672, 2761, 2850, 2939, 3028, 3117, 3206, 3295, 3384, 3473, 3562, 3651, 3740, 3829]
-3917 = [-3915, -3826, -3737, -3648, -3559, -3470, -3381, -3292, -3203, -3114, -3025, -2936, -2847, -2758, -2669, -2580, -2491, -2402, -2313, -2224, -2135, -2046, -1957, -1868, -1779, -1690, -1601, -1512, -1423, -1334, -1245, -1156, -1067, -978, -889, -800, -711, -622, -533, -444, -355, -266, -177, -89, -88, 1, 90, 179, 268, 357, 446, 535, 624, 713, 802, 891, 980, 1069, 1158, 1247, 1336, 1425, 1514, 1603, 1692, 1781, 1870, 1959, 2048, 2137, 2226, 2315, 2404, 2493, 2582, 2671, 2760, 2849, 2938, 3027, 3116, 3205, 3294, 3383, 3472, 3561, 3650, 3739, 3828]
