Running method validate_set_V(m = 129, d = 1):

Summary:
given m = 129, d = 1
Calculations took 0 days, 0 hours, 0 minutes, 0 seconds, 0 miliseconds, 279 microseconds, 999 nanoseconds.
Z/mZ:  [0, 1, 2, 3, 4, 5, 6, 7, 8, 9, 10, 11, 12, 13, 14, 15, 16, 17, 18, 19, 20, 21, 22, 23, 24, 25, 26, 27, 28, 29, 30, 31, 32, 33, 34, 35, 36, 37, 38, 39, 40, 41, 42, 43, 44, 45, 46, 47, 48, 49, 50, 51, 52, 53, 54, 55, 56, 57, 58, 59, 60, 61, 62, 63, 64, 65, 66, 67, 68, 69, 70, 71, 72, 73, 74, 75, 76, 77, 78, 79, 80, 81, 82, 83, 84, 85, 86, 87, 88, 89, 90, 91, 92, 93, 94, 95, 96, 97, 98, 99, 100, 101, 102, 103, 104, 105, 106, 107, 108, 109, 110, 111, 112, 113, 114, 115, 116, 117, 118, 119, 120, 121, 122, 123, 124, 125, 126, 127, 128]
Z/mZ*: [128, 1, 2, 4, 5, 7, 8, 10, 11, 13, 14, 16, 17, 19, 20, 22, 23, 25, 26, 28, 29, 31, 32, 34, 35, 37, 38, 40, 41, 44, 46, 47, 49, 50, 52, 53, 55, 56, 58, 59, 61, 62, 64, 65, 67, 68, 70, 71, 73, 74, 76, 77, 79, 80, 82, 83, 85, 88, 89, 91, 92, 94, 95, 97, 98, 100, 101, 103, 104, 106, 107, 109, 110, 112, 113, 115, 116, 118, 119, 121, 122, 124, 125, 127]
All ascending & non-repeating tuple (size 2) combinations possible for the U set: 8128
                      V set: contains 64 tuples
          all_are_pairs set: contains 64 tuples
         some_are_pairs set: contains 0 tuples
         none_are_pairs set: contains 0 tuples
         indecomposable set: contains 0 tuples
decomposable & no pairs set: contains 0 tuples
     exceptional_cycles set: contains 0 tuples

Print V set (contains 64 tuples): {
(9, 120)
(58, 71)
(1, 128)
(17, 112)
(64, 65)
(33, 96)
(18, 111)
(50, 79)
(43, 86)
(7, 122)
(15, 114)
(54, 75)
(32, 97)
(38, 91)
(31, 98)
(34, 95)
(55, 74)
(20, 109)
(35, 94)
(36, 93)
(11, 118)
(13, 116)
(6, 123)
(29, 100)
(41, 88)
(52, 77)
(48, 81)
(40, 89)
(51, 78)
(37, 92)
(12, 117)
(27, 102)
(57, 72)
(2, 127)
(16, 113)
(19, 110)
(22, 107)
(28, 101)
(46, 83)
(3, 126)
(42, 87)
(53, 76)
(59, 70)
(5, 124)
(14, 115)
(44, 85)
(8, 121)
(47, 82)
(61, 68)
(23, 106)
(60, 69)
(62, 67)
(21, 108)
(39, 90)
(63, 66)
(30, 99)
(49, 80)
(45, 84)
(4, 125)
(25, 104)
(24, 105)
(56, 73)
(10, 119)
(26, 103)}

Print all_are_pairs (contains 64 tuples): {
(9, 120)
(58, 71)
(1, 128)
(17, 112)
(64, 65)
(33, 96)
(18, 111)
(50, 79)
(43, 86)
(7, 122)
(15, 114)
(54, 75)
(32, 97)
(38, 91)
(31, 98)
(34, 95)
(55, 74)
(20, 109)
(35, 94)
(36, 93)
(11, 118)
(13, 116)
(6, 123)
(29, 100)
(41, 88)
(52, 77)
(48, 81)
(40, 89)
(51, 78)
(37, 92)
(12, 117)
(27, 102)
(57, 72)
(2, 127)
(16, 113)
(19, 110)
(22, 107)
(28, 101)
(46, 83)
(3, 126)
(42, 87)
(53, 76)
(59, 70)
(5, 124)
(14, 115)
(44, 85)
(8, 121)
(47, 82)
(61, 68)
(23, 106)
(60, 69)
(62, 67)
(21, 108)
(39, 90)
(63, 66)
(30, 99)
(49, 80)
(45, 84)
(4, 125)
(25, 104)
(24, 105)
(56, 73)
(10, 119)
(26, 103)}

Print some_are_pairs (contains 0 tuples): {}

Print none_are_pairs (contains 0 tuples): {}

Print indecomposable (contains 0 tuples): {}

Print decomposable but no pairs (contains 0 tuples): {}

Print exceptional cycles (contains 0 tuples): {}

Below are debug outputs for each alpha in V whether it was put in the indecomposable set or the decomposable but no pairs set:


method validate_set_V(129, 1) ran to completion.
