For m = 11449 and d = 54
The program took 0.00502467155456543 seconds to complete. 
The number of indecomposable tuple(s) is: 106

The indecomposable tuples are:
(1, 108, 215, 322, 429, 536, 643, 750, 857, 964, 1071, 1178, 1285, 1392, 1499, 1606, 1713, 1820, 1927, 2034, 2141, 2248, 2355, 2462, 2569, 2676, 2783, 2890, 2997, 3104, 3211, 3318, 3425, 3532, 3639, 3746, 3853, 3960, 4067, 4174, 4281, 4388, 4495, 4602, 4709, 4816, 4923, 5030, 5137, 5244, 5351, 5458, 5565, 5672, 5779, 5886, 5993, 6100, 6207, 6314, 6421, 6528, 6635, 6742, 6849, 6956, 7063, 7170, 7277, 7384, 7491, 7598, 7705, 7812, 7919, 8026, 8133, 8240, 8347, 8454, 8561, 8668, 8775, 8882, 8989, 9096, 9203, 9310, 9417, 9524, 9631, 9738, 9845, 9952, 10059, 10166, 10273, 10380, 10487, 10594, 10701, 10808, 10915, 11022, 11129, 11236, 11342, 11343)
(2, 109, 216, 323, 430, 537, 644, 751, 858, 965, 1072, 1179, 1286, 1393, 1500, 1607, 1714, 1821, 1928, 2035, 2142, 2249, 2356, 2463, 2570, 2677, 2784, 2891, 2998, 3105, 3212, 3319, 3426, 3533, 3640, 3747, 3854, 3961, 4068, 4175, 4282, 4389, 4496, 4603, 4710, 4817, 4924, 5031, 5138, 5245, 5352, 5459, 5566, 5673, 5780, 5887, 5994, 6101, 6208, 6315, 6422, 6529, 6636, 6743, 6850, 6957, 7064, 7171, 7278, 7385, 7492, 7599, 7706, 7813, 7920, 8027, 8134, 8241, 8348, 8455, 8562, 8669, 8776, 8883, 8990, 9097, 9204, 9311, 9418, 9525, 9632, 9739, 9846, 9953, 10060, 10167, 10274, 10381, 10488, 10595, 10702, 10809, 10916, 11023, 11130, 11235, 11237, 11344)
(3, 110, 217, 324, 431, 538, 645, 752, 859, 966, 1073, 1180, 1287, 1394, 1501, 1608, 1715, 1822, 1929, 2036, 2143, 2250, 2357, 2464, 2571, 2678, 2785, 2892, 2999, 3106, 3213, 3320, 3427, 3534, 3641, 3748, 3855, 3962, 4069, 4176, 4283, 4390, 4497, 4604, 4711, 4818, 4925, 5032, 5139, 5246, 5353, 5460, 5567, 5674, 5781, 5888, 5995, 6102, 6209, 6316, 6423, 6530, 6637, 6744, 6851, 6958, 7065, 7172, 7279, 7386, 7493, 7600, 7707, 7814, 7921, 8028, 8135, 8242, 8349, 8456, 8563, 8670, 8777, 8884, 8991, 9098, 9205, 9312, 9419, 9526, 9633, 9740, 9847, 9954, 10061, 10168, 10275, 10382, 10489, 10596, 10703, 10810, 10917, 11024, 11128, 11131, 11238, 11345)
(4, 111, 218, 325, 432, 539, 646, 753, 860, 967, 1074, 1181, 1288, 1395, 1502, 1609, 1716, 1823, 1930, 2037, 2144, 2251, 2358, 2465, 2572, 2679, 2786, 2893, 3000, 3107, 3214, 3321, 3428, 3535, 3642, 3749, 3856, 3963, 4070, 4177, 4284, 4391, 4498, 4605, 4712, 4819, 4926, 5033, 5140, 5247, 5354, 5461, 5568, 5675, 5782, 5889, 5996, 6103, 6210, 6317, 6424, 6531, 6638, 6745, 6852, 6959, 7066, 7173, 7280, 7387, 7494, 7601, 7708, 7815, 7922, 8029, 8136, 8243, 8350, 8457, 8564, 8671, 8778, 8885, 8992, 9099, 9206, 9313, 9420, 9527, 9634, 9741, 9848, 9955, 10062, 10169, 10276, 10383, 10490, 10597, 10704, 10811, 10918, 11021, 11025, 11132, 11239, 11346)
(5, 112, 219, 326, 433, 540, 647, 754, 861, 968, 1075, 1182, 1289, 1396, 1503, 1610, 1717, 1824, 1931, 2038, 2145, 2252, 2359, 2466, 2573, 2680, 2787, 2894, 3001, 3108, 3215, 3322, 3429, 3536, 3643, 3750, 3857, 3964, 4071, 4178, 4285, 4392, 4499, 4606, 4713, 4820, 4927, 5034, 5141, 5248, 5355, 5462, 5569, 5676, 5783, 5890, 5997, 6104, 6211, 6318, 6425, 6532, 6639, 6746, 6853, 6960, 7067, 7174, 7281, 7388, 7495, 7602, 7709, 7816, 7923, 8030, 8137, 8244, 8351, 8458, 8565, 8672, 8779, 8886, 8993, 9100, 9207, 9314, 9421, 9528, 9635, 9742, 9849, 9956, 10063, 10170, 10277, 10384, 10491, 10598, 10705, 10812, 10914, 10919, 11026, 11133, 11240, 11347)
(6, 113, 220, 327, 434, 541, 648, 755, 862, 969, 1076, 1183, 1290, 1397, 1504, 1611, 1718, 1825, 1932, 2039, 2146, 2253, 2360, 2467, 2574, 2681, 2788, 2895, 3002, 3109, 3216, 3323, 3430, 3537, 3644, 3751, 3858, 3965, 4072, 4179, 4286, 4393, 4500, 4607, 4714, 4821, 4928, 5035, 5142, 5249, 5356, 5463, 5570, 5677, 5784, 5891, 5998, 6105, 6212, 6319, 6426, 6533, 6640, 6747, 6854, 6961, 7068, 7175, 7282, 7389, 7496, 7603, 7710, 7817, 7924, 8031, 8138, 8245, 8352, 8459, 8566, 8673, 8780, 8887, 8994, 9101, 9208, 9315, 9422, 9529, 9636, 9743, 9850, 9957, 10064, 10171, 10278, 10385, 10492, 10599, 10706, 10807, 10813, 10920, 11027, 11134, 11241, 11348)
(7, 114, 221, 328, 435, 542, 649, 756, 863, 970, 1077, 1184, 1291, 1398, 1505, 1612, 1719, 1826, 1933, 2040, 2147, 2254, 2361, 2468, 2575, 2682, 2789, 2896, 3003, 3110, 3217, 3324, 3431, 3538, 3645, 3752, 3859, 3966, 4073, 4180, 4287, 4394, 4501, 4608, 4715, 4822, 4929, 5036, 5143, 5250, 5357, 5464, 5571, 5678, 5785, 5892, 5999, 6106, 6213, 6320, 6427, 6534, 6641, 6748, 6855, 6962, 7069, 7176, 7283, 7390, 7497, 7604, 7711, 7818, 7925, 8032, 8139, 8246, 8353, 8460, 8567, 8674, 8781, 8888, 8995, 9102, 9209, 9316, 9423, 9530, 9637, 9744, 9851, 9958, 10065, 10172, 10279, 10386, 10493, 10600, 10700, 10707, 10814, 10921, 11028, 11135, 11242, 11349)
(8, 115, 222, 329, 436, 543, 650, 757, 864, 971, 1078, 1185, 1292, 1399, 1506, 1613, 1720, 1827, 1934, 2041, 2148, 2255, 2362, 2469, 2576, 2683, 2790, 2897, 3004, 3111, 3218, 3325, 3432, 3539, 3646, 3753, 3860, 3967, 4074, 4181, 4288, 4395, 4502, 4609, 4716, 4823, 4930, 5037, 5144, 5251, 5358, 5465, 5572, 5679, 5786, 5893, 6000, 6107, 6214, 6321, 6428, 6535, 6642, 6749, 6856, 6963, 7070, 7177, 7284, 7391, 7498, 7605, 7712, 7819, 7926, 8033, 8140, 8247, 8354, 8461, 8568, 8675, 8782, 8889, 8996, 9103, 9210, 9317, 9424, 9531, 9638, 9745, 9852, 9959, 10066, 10173, 10280, 10387, 10494, 10593, 10601, 10708, 10815, 10922, 11029, 11136, 11243, 11350)
(9, 116, 223, 330, 437, 544, 651, 758, 865, 972, 1079, 1186, 1293, 1400, 1507, 1614, 1721, 1828, 1935, 2042, 2149, 2256, 2363, 2470, 2577, 2684, 2791, 2898, 3005, 3112, 3219, 3326, 3433, 3540, 3647, 3754, 3861, 3968, 4075, 4182, 4289, 4396, 4503, 4610, 4717, 4824, 4931, 5038, 5145, 5252, 5359, 5466, 5573, 5680, 5787, 5894, 6001, 6108, 6215, 6322, 6429, 6536, 6643, 6750, 6857, 6964, 7071, 7178, 7285, 7392, 7499, 7606, 7713, 7820, 7927, 8034, 8141, 8248, 8355, 8462, 8569, 8676, 8783, 8890, 8997, 9104, 9211, 9318, 9425, 9532, 9639, 9746, 9853, 9960, 10067, 10174, 10281, 10388, 10486, 10495, 10602, 10709, 10816, 10923, 11030, 11137, 11244, 11351)
(10, 117, 224, 331, 438, 545, 652, 759, 866, 973, 1080, 1187, 1294, 1401, 1508, 1615, 1722, 1829, 1936, 2043, 2150, 2257, 2364, 2471, 2578, 2685, 2792, 2899, 3006, 3113, 3220, 3327, 3434, 3541, 3648, 3755, 3862, 3969, 4076, 4183, 4290, 4397, 4504, 4611, 4718, 4825, 4932, 5039, 5146, 5253, 5360, 5467, 5574, 5681, 5788, 5895, 6002, 6109, 6216, 6323, 6430, 6537, 6644, 6751, 6858, 6965, 7072, 7179, 7286, 7393, 7500, 7607, 7714, 7821, 7928, 8035, 8142, 8249, 8356, 8463, 8570, 8677, 8784, 8891, 8998, 9105, 9212, 9319, 9426, 9533, 9640, 9747, 9854, 9961, 10068, 10175, 10282, 10379, 10389, 10496, 10603, 10710, 10817, 10924, 11031, 11138, 11245, 11352)
(11, 118, 225, 332, 439, 546, 653, 760, 867, 974, 1081, 1188, 1295, 1402, 1509, 1616, 1723, 1830, 1937, 2044, 2151, 2258, 2365, 2472, 2579, 2686, 2793, 2900, 3007, 3114, 3221, 3328, 3435, 3542, 3649, 3756, 3863, 3970, 4077, 4184, 4291, 4398, 4505, 4612, 4719, 4826, 4933, 5040, 5147, 5254, 5361, 5468, 5575, 5682, 5789, 5896, 6003, 6110, 6217, 6324, 6431, 6538, 6645, 6752, 6859, 6966, 7073, 7180, 7287, 7394, 7501, 7608, 7715, 7822, 7929, 8036, 8143, 8250, 8357, 8464, 8571, 8678, 8785, 8892, 8999, 9106, 9213, 9320, 9427, 9534, 9641, 9748, 9855, 9962, 10069, 10176, 10272, 10283, 10390, 10497, 10604, 10711, 10818, 10925, 11032, 11139, 11246, 11353)
(12, 119, 226, 333, 440, 547, 654, 761, 868, 975, 1082, 1189, 1296, 1403, 1510, 1617, 1724, 1831, 1938, 2045, 2152, 2259, 2366, 2473, 2580, 2687, 2794, 2901, 3008, 3115, 3222, 3329, 3436, 3543, 3650, 3757, 3864, 3971, 4078, 4185, 4292, 4399, 4506, 4613, 4720, 4827, 4934, 5041, 5148, 5255, 5362, 5469, 5576, 5683, 5790, 5897, 6004, 6111, 6218, 6325, 6432, 6539, 6646, 6753, 6860, 6967, 7074, 7181, 7288, 7395, 7502, 7609, 7716, 7823, 7930, 8037, 8144, 8251, 8358, 8465, 8572, 8679, 8786, 8893, 9000, 9107, 9214, 9321, 9428, 9535, 9642, 9749, 9856, 9963, 10070, 10165, 10177, 10284, 10391, 10498, 10605, 10712, 10819, 10926, 11033, 11140, 11247, 11354)
(13, 120, 227, 334, 441, 548, 655, 762, 869, 976, 1083, 1190, 1297, 1404, 1511, 1618, 1725, 1832, 1939, 2046, 2153, 2260, 2367, 2474, 2581, 2688, 2795, 2902, 3009, 3116, 3223, 3330, 3437, 3544, 3651, 3758, 3865, 3972, 4079, 4186, 4293, 4400, 4507, 4614, 4721, 4828, 4935, 5042, 5149, 5256, 5363, 5470, 5577, 5684, 5791, 5898, 6005, 6112, 6219, 6326, 6433, 6540, 6647, 6754, 6861, 6968, 7075, 7182, 7289, 7396, 7503, 7610, 7717, 7824, 7931, 8038, 8145, 8252, 8359, 8466, 8573, 8680, 8787, 8894, 9001, 9108, 9215, 9322, 9429, 9536, 9643, 9750, 9857, 9964, 10058, 10071, 10178, 10285, 10392, 10499, 10606, 10713, 10820, 10927, 11034, 11141, 11248, 11355)
(14, 121, 228, 335, 442, 549, 656, 763, 870, 977, 1084, 1191, 1298, 1405, 1512, 1619, 1726, 1833, 1940, 2047, 2154, 2261, 2368, 2475, 2582, 2689, 2796, 2903, 3010, 3117, 3224, 3331, 3438, 3545, 3652, 3759, 3866, 3973, 4080, 4187, 4294, 4401, 4508, 4615, 4722, 4829, 4936, 5043, 5150, 5257, 5364, 5471, 5578, 5685, 5792, 5899, 6006, 6113, 6220, 6327, 6434, 6541, 6648, 6755, 6862, 6969, 7076, 7183, 7290, 7397, 7504, 7611, 7718, 7825, 7932, 8039, 8146, 8253, 8360, 8467, 8574, 8681, 8788, 8895, 9002, 9109, 9216, 9323, 9430, 9537, 9644, 9751, 9858, 9951, 9965, 10072, 10179, 10286, 10393, 10500, 10607, 10714, 10821, 10928, 11035, 11142, 11249, 11356)
(15, 122, 229, 336, 443, 550, 657, 764, 871, 978, 1085, 1192, 1299, 1406, 1513, 1620, 1727, 1834, 1941, 2048, 2155, 2262, 2369, 2476, 2583, 2690, 2797, 2904, 3011, 3118, 3225, 3332, 3439, 3546, 3653, 3760, 3867, 3974, 4081, 4188, 4295, 4402, 4509, 4616, 4723, 4830, 4937, 5044, 5151, 5258, 5365, 5472, 5579, 5686, 5793, 5900, 6007, 6114, 6221, 6328, 6435, 6542, 6649, 6756, 6863, 6970, 7077, 7184, 7291, 7398, 7505, 7612, 7719, 7826, 7933, 8040, 8147, 8254, 8361, 8468, 8575, 8682, 8789, 8896, 9003, 9110, 9217, 9324, 9431, 9538, 9645, 9752, 9844, 9859, 9966, 10073, 10180, 10287, 10394, 10501, 10608, 10715, 10822, 10929, 11036, 11143, 11250, 11357)
(16, 123, 230, 337, 444, 551, 658, 765, 872, 979, 1086, 1193, 1300, 1407, 1514, 1621, 1728, 1835, 1942, 2049, 2156, 2263, 2370, 2477, 2584, 2691, 2798, 2905, 3012, 3119, 3226, 3333, 3440, 3547, 3654, 3761, 3868, 3975, 4082, 4189, 4296, 4403, 4510, 4617, 4724, 4831, 4938, 5045, 5152, 5259, 5366, 5473, 5580, 5687, 5794, 5901, 6008, 6115, 6222, 6329, 6436, 6543, 6650, 6757, 6864, 6971, 7078, 7185, 7292, 7399, 7506, 7613, 7720, 7827, 7934, 8041, 8148, 8255, 8362, 8469, 8576, 8683, 8790, 8897, 9004, 9111, 9218, 9325, 9432, 9539, 9646, 9737, 9753, 9860, 9967, 10074, 10181, 10288, 10395, 10502, 10609, 10716, 10823, 10930, 11037, 11144, 11251, 11358)
(17, 124, 231, 338, 445, 552, 659, 766, 873, 980, 1087, 1194, 1301, 1408, 1515, 1622, 1729, 1836, 1943, 2050, 2157, 2264, 2371, 2478, 2585, 2692, 2799, 2906, 3013, 3120, 3227, 3334, 3441, 3548, 3655, 3762, 3869, 3976, 4083, 4190, 4297, 4404, 4511, 4618, 4725, 4832, 4939, 5046, 5153, 5260, 5367, 5474, 5581, 5688, 5795, 5902, 6009, 6116, 6223, 6330, 6437, 6544, 6651, 6758, 6865, 6972, 7079, 7186, 7293, 7400, 7507, 7614, 7721, 7828, 7935, 8042, 8149, 8256, 8363, 8470, 8577, 8684, 8791, 8898, 9005, 9112, 9219, 9326, 9433, 9540, 9630, 9647, 9754, 9861, 9968, 10075, 10182, 10289, 10396, 10503, 10610, 10717, 10824, 10931, 11038, 11145, 11252, 11359)
(18, 125, 232, 339, 446, 553, 660, 767, 874, 981, 1088, 1195, 1302, 1409, 1516, 1623, 1730, 1837, 1944, 2051, 2158, 2265, 2372, 2479, 2586, 2693, 2800, 2907, 3014, 3121, 3228, 3335, 3442, 3549, 3656, 3763, 3870, 3977, 4084, 4191, 4298, 4405, 4512, 4619, 4726, 4833, 4940, 5047, 5154, 5261, 5368, 5475, 5582, 5689, 5796, 5903, 6010, 6117, 6224, 6331, 6438, 6545, 6652, 6759, 6866, 6973, 7080, 7187, 7294, 7401, 7508, 7615, 7722, 7829, 7936, 8043, 8150, 8257, 8364, 8471, 8578, 8685, 8792, 8899, 9006, 9113, 9220, 9327, 9434, 9523, 9541, 9648, 9755, 9862, 9969, 10076, 10183, 10290, 10397, 10504, 10611, 10718, 10825, 10932, 11039, 11146, 11253, 11360)
(19, 126, 233, 340, 447, 554, 661, 768, 875, 982, 1089, 1196, 1303, 1410, 1517, 1624, 1731, 1838, 1945, 2052, 2159, 2266, 2373, 2480, 2587, 2694, 2801, 2908, 3015, 3122, 3229, 3336, 3443, 3550, 3657, 3764, 3871, 3978, 4085, 4192, 4299, 4406, 4513, 4620, 4727, 4834, 4941, 5048, 5155, 5262, 5369, 5476, 5583, 5690, 5797, 5904, 6011, 6118, 6225, 6332, 6439, 6546, 6653, 6760, 6867, 6974, 7081, 7188, 7295, 7402, 7509, 7616, 7723, 7830, 7937, 8044, 8151, 8258, 8365, 8472, 8579, 8686, 8793, 8900, 9007, 9114, 9221, 9328, 9416, 9435, 9542, 9649, 9756, 9863, 9970, 10077, 10184, 10291, 10398, 10505, 10612, 10719, 10826, 10933, 11040, 11147, 11254, 11361)
(20, 127, 234, 341, 448, 555, 662, 769, 876, 983, 1090, 1197, 1304, 1411, 1518, 1625, 1732, 1839, 1946, 2053, 2160, 2267, 2374, 2481, 2588, 2695, 2802, 2909, 3016, 3123, 3230, 3337, 3444, 3551, 3658, 3765, 3872, 3979, 4086, 4193, 4300, 4407, 4514, 4621, 4728, 4835, 4942, 5049, 5156, 5263, 5370, 5477, 5584, 5691, 5798, 5905, 6012, 6119, 6226, 6333, 6440, 6547, 6654, 6761, 6868, 6975, 7082, 7189, 7296, 7403, 7510, 7617, 7724, 7831, 7938, 8045, 8152, 8259, 8366, 8473, 8580, 8687, 8794, 8901, 9008, 9115, 9222, 9309, 9329, 9436, 9543, 9650, 9757, 9864, 9971, 10078, 10185, 10292, 10399, 10506, 10613, 10720, 10827, 10934, 11041, 11148, 11255, 11362)
(21, 128, 235, 342, 449, 556, 663, 770, 877, 984, 1091, 1198, 1305, 1412, 1519, 1626, 1733, 1840, 1947, 2054, 2161, 2268, 2375, 2482, 2589, 2696, 2803, 2910, 3017, 3124, 3231, 3338, 3445, 3552, 3659, 3766, 3873, 3980, 4087, 4194, 4301, 4408, 4515, 4622, 4729, 4836, 4943, 5050, 5157, 5264, 5371, 5478, 5585, 5692, 5799, 5906, 6013, 6120, 6227, 6334, 6441, 6548, 6655, 6762, 6869, 6976, 7083, 7190, 7297, 7404, 7511, 7618, 7725, 7832, 7939, 8046, 8153, 8260, 8367, 8474, 8581, 8688, 8795, 8902, 9009, 9116, 9202, 9223, 9330, 9437, 9544, 9651, 9758, 9865, 9972, 10079, 10186, 10293, 10400, 10507, 10614, 10721, 10828, 10935, 11042, 11149, 11256, 11363)
(22, 129, 236, 343, 450, 557, 664, 771, 878, 985, 1092, 1199, 1306, 1413, 1520, 1627, 1734, 1841, 1948, 2055, 2162, 2269, 2376, 2483, 2590, 2697, 2804, 2911, 3018, 3125, 3232, 3339, 3446, 3553, 3660, 3767, 3874, 3981, 4088, 4195, 4302, 4409, 4516, 4623, 4730, 4837, 4944, 5051, 5158, 5265, 5372, 5479, 5586, 5693, 5800, 5907, 6014, 6121, 6228, 6335, 6442, 6549, 6656, 6763, 6870, 6977, 7084, 7191, 7298, 7405, 7512, 7619, 7726, 7833, 7940, 8047, 8154, 8261, 8368, 8475, 8582, 8689, 8796, 8903, 9010, 9095, 9117, 9224, 9331, 9438, 9545, 9652, 9759, 9866, 9973, 10080, 10187, 10294, 10401, 10508, 10615, 10722, 10829, 10936, 11043, 11150, 11257, 11364)
(23, 130, 237, 344, 451, 558, 665, 772, 879, 986, 1093, 1200, 1307, 1414, 1521, 1628, 1735, 1842, 1949, 2056, 2163, 2270, 2377, 2484, 2591, 2698, 2805, 2912, 3019, 3126, 3233, 3340, 3447, 3554, 3661, 3768, 3875, 3982, 4089, 4196, 4303, 4410, 4517, 4624, 4731, 4838, 4945, 5052, 5159, 5266, 5373, 5480, 5587, 5694, 5801, 5908, 6015, 6122, 6229, 6336, 6443, 6550, 6657, 6764, 6871, 6978, 7085, 7192, 7299, 7406, 7513, 7620, 7727, 7834, 7941, 8048, 8155, 8262, 8369, 8476, 8583, 8690, 8797, 8904, 8988, 9011, 9118, 9225, 9332, 9439, 9546, 9653, 9760, 9867, 9974, 10081, 10188, 10295, 10402, 10509, 10616, 10723, 10830, 10937, 11044, 11151, 11258, 11365)
(24, 131, 238, 345, 452, 559, 666, 773, 880, 987, 1094, 1201, 1308, 1415, 1522, 1629, 1736, 1843, 1950, 2057, 2164, 2271, 2378, 2485, 2592, 2699, 2806, 2913, 3020, 3127, 3234, 3341, 3448, 3555, 3662, 3769, 3876, 3983, 4090, 4197, 4304, 4411, 4518, 4625, 4732, 4839, 4946, 5053, 5160, 5267, 5374, 5481, 5588, 5695, 5802, 5909, 6016, 6123, 6230, 6337, 6444, 6551, 6658, 6765, 6872, 6979, 7086, 7193, 7300, 7407, 7514, 7621, 7728, 7835, 7942, 8049, 8156, 8263, 8370, 8477, 8584, 8691, 8798, 8881, 8905, 9012, 9119, 9226, 9333, 9440, 9547, 9654, 9761, 9868, 9975, 10082, 10189, 10296, 10403, 10510, 10617, 10724, 10831, 10938, 11045, 11152, 11259, 11366)
(25, 132, 239, 346, 453, 560, 667, 774, 881, 988, 1095, 1202, 1309, 1416, 1523, 1630, 1737, 1844, 1951, 2058, 2165, 2272, 2379, 2486, 2593, 2700, 2807, 2914, 3021, 3128, 3235, 3342, 3449, 3556, 3663, 3770, 3877, 3984, 4091, 4198, 4305, 4412, 4519, 4626, 4733, 4840, 4947, 5054, 5161, 5268, 5375, 5482, 5589, 5696, 5803, 5910, 6017, 6124, 6231, 6338, 6445, 6552, 6659, 6766, 6873, 6980, 7087, 7194, 7301, 7408, 7515, 7622, 7729, 7836, 7943, 8050, 8157, 8264, 8371, 8478, 8585, 8692, 8774, 8799, 8906, 9013, 9120, 9227, 9334, 9441, 9548, 9655, 9762, 9869, 9976, 10083, 10190, 10297, 10404, 10511, 10618, 10725, 10832, 10939, 11046, 11153, 11260, 11367)
(26, 133, 240, 347, 454, 561, 668, 775, 882, 989, 1096, 1203, 1310, 1417, 1524, 1631, 1738, 1845, 1952, 2059, 2166, 2273, 2380, 2487, 2594, 2701, 2808, 2915, 3022, 3129, 3236, 3343, 3450, 3557, 3664, 3771, 3878, 3985, 4092, 4199, 4306, 4413, 4520, 4627, 4734, 4841, 4948, 5055, 5162, 5269, 5376, 5483, 5590, 5697, 5804, 5911, 6018, 6125, 6232, 6339, 6446, 6553, 6660, 6767, 6874, 6981, 7088, 7195, 7302, 7409, 7516, 7623, 7730, 7837, 7944, 8051, 8158, 8265, 8372, 8479, 8586, 8667, 8693, 8800, 8907, 9014, 9121, 9228, 9335, 9442, 9549, 9656, 9763, 9870, 9977, 10084, 10191, 10298, 10405, 10512, 10619, 10726, 10833, 10940, 11047, 11154, 11261, 11368)
(27, 134, 241, 348, 455, 562, 669, 776, 883, 990, 1097, 1204, 1311, 1418, 1525, 1632, 1739, 1846, 1953, 2060, 2167, 2274, 2381, 2488, 2595, 2702, 2809, 2916, 3023, 3130, 3237, 3344, 3451, 3558, 3665, 3772, 3879, 3986, 4093, 4200, 4307, 4414, 4521, 4628, 4735, 4842, 4949, 5056, 5163, 5270, 5377, 5484, 5591, 5698, 5805, 5912, 6019, 6126, 6233, 6340, 6447, 6554, 6661, 6768, 6875, 6982, 7089, 7196, 7303, 7410, 7517, 7624, 7731, 7838, 7945, 8052, 8159, 8266, 8373, 8480, 8560, 8587, 8694, 8801, 8908, 9015, 9122, 9229, 9336, 9443, 9550, 9657, 9764, 9871, 9978, 10085, 10192, 10299, 10406, 10513, 10620, 10727, 10834, 10941, 11048, 11155, 11262, 11369)
(28, 135, 242, 349, 456, 563, 670, 777, 884, 991, 1098, 1205, 1312, 1419, 1526, 1633, 1740, 1847, 1954, 2061, 2168, 2275, 2382, 2489, 2596, 2703, 2810, 2917, 3024, 3131, 3238, 3345, 3452, 3559, 3666, 3773, 3880, 3987, 4094, 4201, 4308, 4415, 4522, 4629, 4736, 4843, 4950, 5057, 5164, 5271, 5378, 5485, 5592, 5699, 5806, 5913, 6020, 6127, 6234, 6341, 6448, 6555, 6662, 6769, 6876, 6983, 7090, 7197, 7304, 7411, 7518, 7625, 7732, 7839, 7946, 8053, 8160, 8267, 8374, 8453, 8481, 8588, 8695, 8802, 8909, 9016, 9123, 9230, 9337, 9444, 9551, 9658, 9765, 9872, 9979, 10086, 10193, 10300, 10407, 10514, 10621, 10728, 10835, 10942, 11049, 11156, 11263, 11370)
(29, 136, 243, 350, 457, 564, 671, 778, 885, 992, 1099, 1206, 1313, 1420, 1527, 1634, 1741, 1848, 1955, 2062, 2169, 2276, 2383, 2490, 2597, 2704, 2811, 2918, 3025, 3132, 3239, 3346, 3453, 3560, 3667, 3774, 3881, 3988, 4095, 4202, 4309, 4416, 4523, 4630, 4737, 4844, 4951, 5058, 5165, 5272, 5379, 5486, 5593, 5700, 5807, 5914, 6021, 6128, 6235, 6342, 6449, 6556, 6663, 6770, 6877, 6984, 7091, 7198, 7305, 7412, 7519, 7626, 7733, 7840, 7947, 8054, 8161, 8268, 8346, 8375, 8482, 8589, 8696, 8803, 8910, 9017, 9124, 9231, 9338, 9445, 9552, 9659, 9766, 9873, 9980, 10087, 10194, 10301, 10408, 10515, 10622, 10729, 10836, 10943, 11050, 11157, 11264, 11371)
(30, 137, 244, 351, 458, 565, 672, 779, 886, 993, 1100, 1207, 1314, 1421, 1528, 1635, 1742, 1849, 1956, 2063, 2170, 2277, 2384, 2491, 2598, 2705, 2812, 2919, 3026, 3133, 3240, 3347, 3454, 3561, 3668, 3775, 3882, 3989, 4096, 4203, 4310, 4417, 4524, 4631, 4738, 4845, 4952, 5059, 5166, 5273, 5380, 5487, 5594, 5701, 5808, 5915, 6022, 6129, 6236, 6343, 6450, 6557, 6664, 6771, 6878, 6985, 7092, 7199, 7306, 7413, 7520, 7627, 7734, 7841, 7948, 8055, 8162, 8239, 8269, 8376, 8483, 8590, 8697, 8804, 8911, 9018, 9125, 9232, 9339, 9446, 9553, 9660, 9767, 9874, 9981, 10088, 10195, 10302, 10409, 10516, 10623, 10730, 10837, 10944, 11051, 11158, 11265, 11372)
(31, 138, 245, 352, 459, 566, 673, 780, 887, 994, 1101, 1208, 1315, 1422, 1529, 1636, 1743, 1850, 1957, 2064, 2171, 2278, 2385, 2492, 2599, 2706, 2813, 2920, 3027, 3134, 3241, 3348, 3455, 3562, 3669, 3776, 3883, 3990, 4097, 4204, 4311, 4418, 4525, 4632, 4739, 4846, 4953, 5060, 5167, 5274, 5381, 5488, 5595, 5702, 5809, 5916, 6023, 6130, 6237, 6344, 6451, 6558, 6665, 6772, 6879, 6986, 7093, 7200, 7307, 7414, 7521, 7628, 7735, 7842, 7949, 8056, 8132, 8163, 8270, 8377, 8484, 8591, 8698, 8805, 8912, 9019, 9126, 9233, 9340, 9447, 9554, 9661, 9768, 9875, 9982, 10089, 10196, 10303, 10410, 10517, 10624, 10731, 10838, 10945, 11052, 11159, 11266, 11373)
(32, 139, 246, 353, 460, 567, 674, 781, 888, 995, 1102, 1209, 1316, 1423, 1530, 1637, 1744, 1851, 1958, 2065, 2172, 2279, 2386, 2493, 2600, 2707, 2814, 2921, 3028, 3135, 3242, 3349, 3456, 3563, 3670, 3777, 3884, 3991, 4098, 4205, 4312, 4419, 4526, 4633, 4740, 4847, 4954, 5061, 5168, 5275, 5382, 5489, 5596, 5703, 5810, 5917, 6024, 6131, 6238, 6345, 6452, 6559, 6666, 6773, 6880, 6987, 7094, 7201, 7308, 7415, 7522, 7629, 7736, 7843, 7950, 8025, 8057, 8164, 8271, 8378, 8485, 8592, 8699, 8806, 8913, 9020, 9127, 9234, 9341, 9448, 9555, 9662, 9769, 9876, 9983, 10090, 10197, 10304, 10411, 10518, 10625, 10732, 10839, 10946, 11053, 11160, 11267, 11374)
(33, 140, 247, 354, 461, 568, 675, 782, 889, 996, 1103, 1210, 1317, 1424, 1531, 1638, 1745, 1852, 1959, 2066, 2173, 2280, 2387, 2494, 2601, 2708, 2815, 2922, 3029, 3136, 3243, 3350, 3457, 3564, 3671, 3778, 3885, 3992, 4099, 4206, 4313, 4420, 4527, 4634, 4741, 4848, 4955, 5062, 5169, 5276, 5383, 5490, 5597, 5704, 5811, 5918, 6025, 6132, 6239, 6346, 6453, 6560, 6667, 6774, 6881, 6988, 7095, 7202, 7309, 7416, 7523, 7630, 7737, 7844, 7918, 7951, 8058, 8165, 8272, 8379, 8486, 8593, 8700, 8807, 8914, 9021, 9128, 9235, 9342, 9449, 9556, 9663, 9770, 9877, 9984, 10091, 10198, 10305, 10412, 10519, 10626, 10733, 10840, 10947, 11054, 11161, 11268, 11375)
(34, 141, 248, 355, 462, 569, 676, 783, 890, 997, 1104, 1211, 1318, 1425, 1532, 1639, 1746, 1853, 1960, 2067, 2174, 2281, 2388, 2495, 2602, 2709, 2816, 2923, 3030, 3137, 3244, 3351, 3458, 3565, 3672, 3779, 3886, 3993, 4100, 4207, 4314, 4421, 4528, 4635, 4742, 4849, 4956, 5063, 5170, 5277, 5384, 5491, 5598, 5705, 5812, 5919, 6026, 6133, 6240, 6347, 6454, 6561, 6668, 6775, 6882, 6989, 7096, 7203, 7310, 7417, 7524, 7631, 7738, 7811, 7845, 7952, 8059, 8166, 8273, 8380, 8487, 8594, 8701, 8808, 8915, 9022, 9129, 9236, 9343, 9450, 9557, 9664, 9771, 9878, 9985, 10092, 10199, 10306, 10413, 10520, 10627, 10734, 10841, 10948, 11055, 11162, 11269, 11376)
(35, 142, 249, 356, 463, 570, 677, 784, 891, 998, 1105, 1212, 1319, 1426, 1533, 1640, 1747, 1854, 1961, 2068, 2175, 2282, 2389, 2496, 2603, 2710, 2817, 2924, 3031, 3138, 3245, 3352, 3459, 3566, 3673, 3780, 3887, 3994, 4101, 4208, 4315, 4422, 4529, 4636, 4743, 4850, 4957, 5064, 5171, 5278, 5385, 5492, 5599, 5706, 5813, 5920, 6027, 6134, 6241, 6348, 6455, 6562, 6669, 6776, 6883, 6990, 7097, 7204, 7311, 7418, 7525, 7632, 7704, 7739, 7846, 7953, 8060, 8167, 8274, 8381, 8488, 8595, 8702, 8809, 8916, 9023, 9130, 9237, 9344, 9451, 9558, 9665, 9772, 9879, 9986, 10093, 10200, 10307, 10414, 10521, 10628, 10735, 10842, 10949, 11056, 11163, 11270, 11377)
(36, 143, 250, 357, 464, 571, 678, 785, 892, 999, 1106, 1213, 1320, 1427, 1534, 1641, 1748, 1855, 1962, 2069, 2176, 2283, 2390, 2497, 2604, 2711, 2818, 2925, 3032, 3139, 3246, 3353, 3460, 3567, 3674, 3781, 3888, 3995, 4102, 4209, 4316, 4423, 4530, 4637, 4744, 4851, 4958, 5065, 5172, 5279, 5386, 5493, 5600, 5707, 5814, 5921, 6028, 6135, 6242, 6349, 6456, 6563, 6670, 6777, 6884, 6991, 7098, 7205, 7312, 7419, 7526, 7597, 7633, 7740, 7847, 7954, 8061, 8168, 8275, 8382, 8489, 8596, 8703, 8810, 8917, 9024, 9131, 9238, 9345, 9452, 9559, 9666, 9773, 9880, 9987, 10094, 10201, 10308, 10415, 10522, 10629, 10736, 10843, 10950, 11057, 11164, 11271, 11378)
(37, 144, 251, 358, 465, 572, 679, 786, 893, 1000, 1107, 1214, 1321, 1428, 1535, 1642, 1749, 1856, 1963, 2070, 2177, 2284, 2391, 2498, 2605, 2712, 2819, 2926, 3033, 3140, 3247, 3354, 3461, 3568, 3675, 3782, 3889, 3996, 4103, 4210, 4317, 4424, 4531, 4638, 4745, 4852, 4959, 5066, 5173, 5280, 5387, 5494, 5601, 5708, 5815, 5922, 6029, 6136, 6243, 6350, 6457, 6564, 6671, 6778, 6885, 6992, 7099, 7206, 7313, 7420, 7490, 7527, 7634, 7741, 7848, 7955, 8062, 8169, 8276, 8383, 8490, 8597, 8704, 8811, 8918, 9025, 9132, 9239, 9346, 9453, 9560, 9667, 9774, 9881, 9988, 10095, 10202, 10309, 10416, 10523, 10630, 10737, 10844, 10951, 11058, 11165, 11272, 11379)
(38, 145, 252, 359, 466, 573, 680, 787, 894, 1001, 1108, 1215, 1322, 1429, 1536, 1643, 1750, 1857, 1964, 2071, 2178, 2285, 2392, 2499, 2606, 2713, 2820, 2927, 3034, 3141, 3248, 3355, 3462, 3569, 3676, 3783, 3890, 3997, 4104, 4211, 4318, 4425, 4532, 4639, 4746, 4853, 4960, 5067, 5174, 5281, 5388, 5495, 5602, 5709, 5816, 5923, 6030, 6137, 6244, 6351, 6458, 6565, 6672, 6779, 6886, 6993, 7100, 7207, 7314, 7383, 7421, 7528, 7635, 7742, 7849, 7956, 8063, 8170, 8277, 8384, 8491, 8598, 8705, 8812, 8919, 9026, 9133, 9240, 9347, 9454, 9561, 9668, 9775, 9882, 9989, 10096, 10203, 10310, 10417, 10524, 10631, 10738, 10845, 10952, 11059, 11166, 11273, 11380)
(39, 146, 253, 360, 467, 574, 681, 788, 895, 1002, 1109, 1216, 1323, 1430, 1537, 1644, 1751, 1858, 1965, 2072, 2179, 2286, 2393, 2500, 2607, 2714, 2821, 2928, 3035, 3142, 3249, 3356, 3463, 3570, 3677, 3784, 3891, 3998, 4105, 4212, 4319, 4426, 4533, 4640, 4747, 4854, 4961, 5068, 5175, 5282, 5389, 5496, 5603, 5710, 5817, 5924, 6031, 6138, 6245, 6352, 6459, 6566, 6673, 6780, 6887, 6994, 7101, 7208, 7276, 7315, 7422, 7529, 7636, 7743, 7850, 7957, 8064, 8171, 8278, 8385, 8492, 8599, 8706, 8813, 8920, 9027, 9134, 9241, 9348, 9455, 9562, 9669, 9776, 9883, 9990, 10097, 10204, 10311, 10418, 10525, 10632, 10739, 10846, 10953, 11060, 11167, 11274, 11381)
(40, 147, 254, 361, 468, 575, 682, 789, 896, 1003, 1110, 1217, 1324, 1431, 1538, 1645, 1752, 1859, 1966, 2073, 2180, 2287, 2394, 2501, 2608, 2715, 2822, 2929, 3036, 3143, 3250, 3357, 3464, 3571, 3678, 3785, 3892, 3999, 4106, 4213, 4320, 4427, 4534, 4641, 4748, 4855, 4962, 5069, 5176, 5283, 5390, 5497, 5604, 5711, 5818, 5925, 6032, 6139, 6246, 6353, 6460, 6567, 6674, 6781, 6888, 6995, 7102, 7169, 7209, 7316, 7423, 7530, 7637, 7744, 7851, 7958, 8065, 8172, 8279, 8386, 8493, 8600, 8707, 8814, 8921, 9028, 9135, 9242, 9349, 9456, 9563, 9670, 9777, 9884, 9991, 10098, 10205, 10312, 10419, 10526, 10633, 10740, 10847, 10954, 11061, 11168, 11275, 11382)
(41, 148, 255, 362, 469, 576, 683, 790, 897, 1004, 1111, 1218, 1325, 1432, 1539, 1646, 1753, 1860, 1967, 2074, 2181, 2288, 2395, 2502, 2609, 2716, 2823, 2930, 3037, 3144, 3251, 3358, 3465, 3572, 3679, 3786, 3893, 4000, 4107, 4214, 4321, 4428, 4535, 4642, 4749, 4856, 4963, 5070, 5177, 5284, 5391, 5498, 5605, 5712, 5819, 5926, 6033, 6140, 6247, 6354, 6461, 6568, 6675, 6782, 6889, 6996, 7062, 7103, 7210, 7317, 7424, 7531, 7638, 7745, 7852, 7959, 8066, 8173, 8280, 8387, 8494, 8601, 8708, 8815, 8922, 9029, 9136, 9243, 9350, 9457, 9564, 9671, 9778, 9885, 9992, 10099, 10206, 10313, 10420, 10527, 10634, 10741, 10848, 10955, 11062, 11169, 11276, 11383)
(42, 149, 256, 363, 470, 577, 684, 791, 898, 1005, 1112, 1219, 1326, 1433, 1540, 1647, 1754, 1861, 1968, 2075, 2182, 2289, 2396, 2503, 2610, 2717, 2824, 2931, 3038, 3145, 3252, 3359, 3466, 3573, 3680, 3787, 3894, 4001, 4108, 4215, 4322, 4429, 4536, 4643, 4750, 4857, 4964, 5071, 5178, 5285, 5392, 5499, 5606, 5713, 5820, 5927, 6034, 6141, 6248, 6355, 6462, 6569, 6676, 6783, 6890, 6955, 6997, 7104, 7211, 7318, 7425, 7532, 7639, 7746, 7853, 7960, 8067, 8174, 8281, 8388, 8495, 8602, 8709, 8816, 8923, 9030, 9137, 9244, 9351, 9458, 9565, 9672, 9779, 9886, 9993, 10100, 10207, 10314, 10421, 10528, 10635, 10742, 10849, 10956, 11063, 11170, 11277, 11384)
(43, 150, 257, 364, 471, 578, 685, 792, 899, 1006, 1113, 1220, 1327, 1434, 1541, 1648, 1755, 1862, 1969, 2076, 2183, 2290, 2397, 2504, 2611, 2718, 2825, 2932, 3039, 3146, 3253, 3360, 3467, 3574, 3681, 3788, 3895, 4002, 4109, 4216, 4323, 4430, 4537, 4644, 4751, 4858, 4965, 5072, 5179, 5286, 5393, 5500, 5607, 5714, 5821, 5928, 6035, 6142, 6249, 6356, 6463, 6570, 6677, 6784, 6848, 6891, 6998, 7105, 7212, 7319, 7426, 7533, 7640, 7747, 7854, 7961, 8068, 8175, 8282, 8389, 8496, 8603, 8710, 8817, 8924, 9031, 9138, 9245, 9352, 9459, 9566, 9673, 9780, 9887, 9994, 10101, 10208, 10315, 10422, 10529, 10636, 10743, 10850, 10957, 11064, 11171, 11278, 11385)
(44, 151, 258, 365, 472, 579, 686, 793, 900, 1007, 1114, 1221, 1328, 1435, 1542, 1649, 1756, 1863, 1970, 2077, 2184, 2291, 2398, 2505, 2612, 2719, 2826, 2933, 3040, 3147, 3254, 3361, 3468, 3575, 3682, 3789, 3896, 4003, 4110, 4217, 4324, 4431, 4538, 4645, 4752, 4859, 4966, 5073, 5180, 5287, 5394, 5501, 5608, 5715, 5822, 5929, 6036, 6143, 6250, 6357, 6464, 6571, 6678, 6741, 6785, 6892, 6999, 7106, 7213, 7320, 7427, 7534, 7641, 7748, 7855, 7962, 8069, 8176, 8283, 8390, 8497, 8604, 8711, 8818, 8925, 9032, 9139, 9246, 9353, 9460, 9567, 9674, 9781, 9888, 9995, 10102, 10209, 10316, 10423, 10530, 10637, 10744, 10851, 10958, 11065, 11172, 11279, 11386)
(45, 152, 259, 366, 473, 580, 687, 794, 901, 1008, 1115, 1222, 1329, 1436, 1543, 1650, 1757, 1864, 1971, 2078, 2185, 2292, 2399, 2506, 2613, 2720, 2827, 2934, 3041, 3148, 3255, 3362, 3469, 3576, 3683, 3790, 3897, 4004, 4111, 4218, 4325, 4432, 4539, 4646, 4753, 4860, 4967, 5074, 5181, 5288, 5395, 5502, 5609, 5716, 5823, 5930, 6037, 6144, 6251, 6358, 6465, 6572, 6634, 6679, 6786, 6893, 7000, 7107, 7214, 7321, 7428, 7535, 7642, 7749, 7856, 7963, 8070, 8177, 8284, 8391, 8498, 8605, 8712, 8819, 8926, 9033, 9140, 9247, 9354, 9461, 9568, 9675, 9782, 9889, 9996, 10103, 10210, 10317, 10424, 10531, 10638, 10745, 10852, 10959, 11066, 11173, 11280, 11387)
(46, 153, 260, 367, 474, 581, 688, 795, 902, 1009, 1116, 1223, 1330, 1437, 1544, 1651, 1758, 1865, 1972, 2079, 2186, 2293, 2400, 2507, 2614, 2721, 2828, 2935, 3042, 3149, 3256, 3363, 3470, 3577, 3684, 3791, 3898, 4005, 4112, 4219, 4326, 4433, 4540, 4647, 4754, 4861, 4968, 5075, 5182, 5289, 5396, 5503, 5610, 5717, 5824, 5931, 6038, 6145, 6252, 6359, 6466, 6527, 6573, 6680, 6787, 6894, 7001, 7108, 7215, 7322, 7429, 7536, 7643, 7750, 7857, 7964, 8071, 8178, 8285, 8392, 8499, 8606, 8713, 8820, 8927, 9034, 9141, 9248, 9355, 9462, 9569, 9676, 9783, 9890, 9997, 10104, 10211, 10318, 10425, 10532, 10639, 10746, 10853, 10960, 11067, 11174, 11281, 11388)
(47, 154, 261, 368, 475, 582, 689, 796, 903, 1010, 1117, 1224, 1331, 1438, 1545, 1652, 1759, 1866, 1973, 2080, 2187, 2294, 2401, 2508, 2615, 2722, 2829, 2936, 3043, 3150, 3257, 3364, 3471, 3578, 3685, 3792, 3899, 4006, 4113, 4220, 4327, 4434, 4541, 4648, 4755, 4862, 4969, 5076, 5183, 5290, 5397, 5504, 5611, 5718, 5825, 5932, 6039, 6146, 6253, 6360, 6420, 6467, 6574, 6681, 6788, 6895, 7002, 7109, 7216, 7323, 7430, 7537, 7644, 7751, 7858, 7965, 8072, 8179, 8286, 8393, 8500, 8607, 8714, 8821, 8928, 9035, 9142, 9249, 9356, 9463, 9570, 9677, 9784, 9891, 9998, 10105, 10212, 10319, 10426, 10533, 10640, 10747, 10854, 10961, 11068, 11175, 11282, 11389)
(48, 155, 262, 369, 476, 583, 690, 797, 904, 1011, 1118, 1225, 1332, 1439, 1546, 1653, 1760, 1867, 1974, 2081, 2188, 2295, 2402, 2509, 2616, 2723, 2830, 2937, 3044, 3151, 3258, 3365, 3472, 3579, 3686, 3793, 3900, 4007, 4114, 4221, 4328, 4435, 4542, 4649, 4756, 4863, 4970, 5077, 5184, 5291, 5398, 5505, 5612, 5719, 5826, 5933, 6040, 6147, 6254, 6313, 6361, 6468, 6575, 6682, 6789, 6896, 7003, 7110, 7217, 7324, 7431, 7538, 7645, 7752, 7859, 7966, 8073, 8180, 8287, 8394, 8501, 8608, 8715, 8822, 8929, 9036, 9143, 9250, 9357, 9464, 9571, 9678, 9785, 9892, 9999, 10106, 10213, 10320, 10427, 10534, 10641, 10748, 10855, 10962, 11069, 11176, 11283, 11390)
(49, 156, 263, 370, 477, 584, 691, 798, 905, 1012, 1119, 1226, 1333, 1440, 1547, 1654, 1761, 1868, 1975, 2082, 2189, 2296, 2403, 2510, 2617, 2724, 2831, 2938, 3045, 3152, 3259, 3366, 3473, 3580, 3687, 3794, 3901, 4008, 4115, 4222, 4329, 4436, 4543, 4650, 4757, 4864, 4971, 5078, 5185, 5292, 5399, 5506, 5613, 5720, 5827, 5934, 6041, 6148, 6206, 6255, 6362, 6469, 6576, 6683, 6790, 6897, 7004, 7111, 7218, 7325, 7432, 7539, 7646, 7753, 7860, 7967, 8074, 8181, 8288, 8395, 8502, 8609, 8716, 8823, 8930, 9037, 9144, 9251, 9358, 9465, 9572, 9679, 9786, 9893, 10000, 10107, 10214, 10321, 10428, 10535, 10642, 10749, 10856, 10963, 11070, 11177, 11284, 11391)
(50, 157, 264, 371, 478, 585, 692, 799, 906, 1013, 1120, 1227, 1334, 1441, 1548, 1655, 1762, 1869, 1976, 2083, 2190, 2297, 2404, 2511, 2618, 2725, 2832, 2939, 3046, 3153, 3260, 3367, 3474, 3581, 3688, 3795, 3902, 4009, 4116, 4223, 4330, 4437, 4544, 4651, 4758, 4865, 4972, 5079, 5186, 5293, 5400, 5507, 5614, 5721, 5828, 5935, 6042, 6099, 6149, 6256, 6363, 6470, 6577, 6684, 6791, 6898, 7005, 7112, 7219, 7326, 7433, 7540, 7647, 7754, 7861, 7968, 8075, 8182, 8289, 8396, 8503, 8610, 8717, 8824, 8931, 9038, 9145, 9252, 9359, 9466, 9573, 9680, 9787, 9894, 10001, 10108, 10215, 10322, 10429, 10536, 10643, 10750, 10857, 10964, 11071, 11178, 11285, 11392)
(51, 158, 265, 372, 479, 586, 693, 800, 907, 1014, 1121, 1228, 1335, 1442, 1549, 1656, 1763, 1870, 1977, 2084, 2191, 2298, 2405, 2512, 2619, 2726, 2833, 2940, 3047, 3154, 3261, 3368, 3475, 3582, 3689, 3796, 3903, 4010, 4117, 4224, 4331, 4438, 4545, 4652, 4759, 4866, 4973, 5080, 5187, 5294, 5401, 5508, 5615, 5722, 5829, 5936, 5992, 6043, 6150, 6257, 6364, 6471, 6578, 6685, 6792, 6899, 7006, 7113, 7220, 7327, 7434, 7541, 7648, 7755, 7862, 7969, 8076, 8183, 8290, 8397, 8504, 8611, 8718, 8825, 8932, 9039, 9146, 9253, 9360, 9467, 9574, 9681, 9788, 9895, 10002, 10109, 10216, 10323, 10430, 10537, 10644, 10751, 10858, 10965, 11072, 11179, 11286, 11393)
(52, 159, 266, 373, 480, 587, 694, 801, 908, 1015, 1122, 1229, 1336, 1443, 1550, 1657, 1764, 1871, 1978, 2085, 2192, 2299, 2406, 2513, 2620, 2727, 2834, 2941, 3048, 3155, 3262, 3369, 3476, 3583, 3690, 3797, 3904, 4011, 4118, 4225, 4332, 4439, 4546, 4653, 4760, 4867, 4974, 5081, 5188, 5295, 5402, 5509, 5616, 5723, 5830, 5885, 5937, 6044, 6151, 6258, 6365, 6472, 6579, 6686, 6793, 6900, 7007, 7114, 7221, 7328, 7435, 7542, 7649, 7756, 7863, 7970, 8077, 8184, 8291, 8398, 8505, 8612, 8719, 8826, 8933, 9040, 9147, 9254, 9361, 9468, 9575, 9682, 9789, 9896, 10003, 10110, 10217, 10324, 10431, 10538, 10645, 10752, 10859, 10966, 11073, 11180, 11287, 11394)
(53, 160, 267, 374, 481, 588, 695, 802, 909, 1016, 1123, 1230, 1337, 1444, 1551, 1658, 1765, 1872, 1979, 2086, 2193, 2300, 2407, 2514, 2621, 2728, 2835, 2942, 3049, 3156, 3263, 3370, 3477, 3584, 3691, 3798, 3905, 4012, 4119, 4226, 4333, 4440, 4547, 4654, 4761, 4868, 4975, 5082, 5189, 5296, 5403, 5510, 5617, 5724, 5778, 5831, 5938, 6045, 6152, 6259, 6366, 6473, 6580, 6687, 6794, 6901, 7008, 7115, 7222, 7329, 7436, 7543, 7650, 7757, 7864, 7971, 8078, 8185, 8292, 8399, 8506, 8613, 8720, 8827, 8934, 9041, 9148, 9255, 9362, 9469, 9576, 9683, 9790, 9897, 10004, 10111, 10218, 10325, 10432, 10539, 10646, 10753, 10860, 10967, 11074, 11181, 11288, 11395)
(54, 161, 268, 375, 482, 589, 696, 803, 910, 1017, 1124, 1231, 1338, 1445, 1552, 1659, 1766, 1873, 1980, 2087, 2194, 2301, 2408, 2515, 2622, 2729, 2836, 2943, 3050, 3157, 3264, 3371, 3478, 3585, 3692, 3799, 3906, 4013, 4120, 4227, 4334, 4441, 4548, 4655, 4762, 4869, 4976, 5083, 5190, 5297, 5404, 5511, 5618, 5671, 5725, 5832, 5939, 6046, 6153, 6260, 6367, 6474, 6581, 6688, 6795, 6902, 7009, 7116, 7223, 7330, 7437, 7544, 7651, 7758, 7865, 7972, 8079, 8186, 8293, 8400, 8507, 8614, 8721, 8828, 8935, 9042, 9149, 9256, 9363, 9470, 9577, 9684, 9791, 9898, 10005, 10112, 10219, 10326, 10433, 10540, 10647, 10754, 10861, 10968, 11075, 11182, 11289, 11396)
(55, 162, 269, 376, 483, 590, 697, 804, 911, 1018, 1125, 1232, 1339, 1446, 1553, 1660, 1767, 1874, 1981, 2088, 2195, 2302, 2409, 2516, 2623, 2730, 2837, 2944, 3051, 3158, 3265, 3372, 3479, 3586, 3693, 3800, 3907, 4014, 4121, 4228, 4335, 4442, 4549, 4656, 4763, 4870, 4977, 5084, 5191, 5298, 5405, 5512, 5564, 5619, 5726, 5833, 5940, 6047, 6154, 6261, 6368, 6475, 6582, 6689, 6796, 6903, 7010, 7117, 7224, 7331, 7438, 7545, 7652, 7759, 7866, 7973, 8080, 8187, 8294, 8401, 8508, 8615, 8722, 8829, 8936, 9043, 9150, 9257, 9364, 9471, 9578, 9685, 9792, 9899, 10006, 10113, 10220, 10327, 10434, 10541, 10648, 10755, 10862, 10969, 11076, 11183, 11290, 11397)
(56, 163, 270, 377, 484, 591, 698, 805, 912, 1019, 1126, 1233, 1340, 1447, 1554, 1661, 1768, 1875, 1982, 2089, 2196, 2303, 2410, 2517, 2624, 2731, 2838, 2945, 3052, 3159, 3266, 3373, 3480, 3587, 3694, 3801, 3908, 4015, 4122, 4229, 4336, 4443, 4550, 4657, 4764, 4871, 4978, 5085, 5192, 5299, 5406, 5457, 5513, 5620, 5727, 5834, 5941, 6048, 6155, 6262, 6369, 6476, 6583, 6690, 6797, 6904, 7011, 7118, 7225, 7332, 7439, 7546, 7653, 7760, 7867, 7974, 8081, 8188, 8295, 8402, 8509, 8616, 8723, 8830, 8937, 9044, 9151, 9258, 9365, 9472, 9579, 9686, 9793, 9900, 10007, 10114, 10221, 10328, 10435, 10542, 10649, 10756, 10863, 10970, 11077, 11184, 11291, 11398)
(57, 164, 271, 378, 485, 592, 699, 806, 913, 1020, 1127, 1234, 1341, 1448, 1555, 1662, 1769, 1876, 1983, 2090, 2197, 2304, 2411, 2518, 2625, 2732, 2839, 2946, 3053, 3160, 3267, 3374, 3481, 3588, 3695, 3802, 3909, 4016, 4123, 4230, 4337, 4444, 4551, 4658, 4765, 4872, 4979, 5086, 5193, 5300, 5350, 5407, 5514, 5621, 5728, 5835, 5942, 6049, 6156, 6263, 6370, 6477, 6584, 6691, 6798, 6905, 7012, 7119, 7226, 7333, 7440, 7547, 7654, 7761, 7868, 7975, 8082, 8189, 8296, 8403, 8510, 8617, 8724, 8831, 8938, 9045, 9152, 9259, 9366, 9473, 9580, 9687, 9794, 9901, 10008, 10115, 10222, 10329, 10436, 10543, 10650, 10757, 10864, 10971, 11078, 11185, 11292, 11399)
(58, 165, 272, 379, 486, 593, 700, 807, 914, 1021, 1128, 1235, 1342, 1449, 1556, 1663, 1770, 1877, 1984, 2091, 2198, 2305, 2412, 2519, 2626, 2733, 2840, 2947, 3054, 3161, 3268, 3375, 3482, 3589, 3696, 3803, 3910, 4017, 4124, 4231, 4338, 4445, 4552, 4659, 4766, 4873, 4980, 5087, 5194, 5243, 5301, 5408, 5515, 5622, 5729, 5836, 5943, 6050, 6157, 6264, 6371, 6478, 6585, 6692, 6799, 6906, 7013, 7120, 7227, 7334, 7441, 7548, 7655, 7762, 7869, 7976, 8083, 8190, 8297, 8404, 8511, 8618, 8725, 8832, 8939, 9046, 9153, 9260, 9367, 9474, 9581, 9688, 9795, 9902, 10009, 10116, 10223, 10330, 10437, 10544, 10651, 10758, 10865, 10972, 11079, 11186, 11293, 11400)
(59, 166, 273, 380, 487, 594, 701, 808, 915, 1022, 1129, 1236, 1343, 1450, 1557, 1664, 1771, 1878, 1985, 2092, 2199, 2306, 2413, 2520, 2627, 2734, 2841, 2948, 3055, 3162, 3269, 3376, 3483, 3590, 3697, 3804, 3911, 4018, 4125, 4232, 4339, 4446, 4553, 4660, 4767, 4874, 4981, 5088, 5136, 5195, 5302, 5409, 5516, 5623, 5730, 5837, 5944, 6051, 6158, 6265, 6372, 6479, 6586, 6693, 6800, 6907, 7014, 7121, 7228, 7335, 7442, 7549, 7656, 7763, 7870, 7977, 8084, 8191, 8298, 8405, 8512, 8619, 8726, 8833, 8940, 9047, 9154, 9261, 9368, 9475, 9582, 9689, 9796, 9903, 10010, 10117, 10224, 10331, 10438, 10545, 10652, 10759, 10866, 10973, 11080, 11187, 11294, 11401)
(60, 167, 274, 381, 488, 595, 702, 809, 916, 1023, 1130, 1237, 1344, 1451, 1558, 1665, 1772, 1879, 1986, 2093, 2200, 2307, 2414, 2521, 2628, 2735, 2842, 2949, 3056, 3163, 3270, 3377, 3484, 3591, 3698, 3805, 3912, 4019, 4126, 4233, 4340, 4447, 4554, 4661, 4768, 4875, 4982, 5029, 5089, 5196, 5303, 5410, 5517, 5624, 5731, 5838, 5945, 6052, 6159, 6266, 6373, 6480, 6587, 6694, 6801, 6908, 7015, 7122, 7229, 7336, 7443, 7550, 7657, 7764, 7871, 7978, 8085, 8192, 8299, 8406, 8513, 8620, 8727, 8834, 8941, 9048, 9155, 9262, 9369, 9476, 9583, 9690, 9797, 9904, 10011, 10118, 10225, 10332, 10439, 10546, 10653, 10760, 10867, 10974, 11081, 11188, 11295, 11402)
(61, 168, 275, 382, 489, 596, 703, 810, 917, 1024, 1131, 1238, 1345, 1452, 1559, 1666, 1773, 1880, 1987, 2094, 2201, 2308, 2415, 2522, 2629, 2736, 2843, 2950, 3057, 3164, 3271, 3378, 3485, 3592, 3699, 3806, 3913, 4020, 4127, 4234, 4341, 4448, 4555, 4662, 4769, 4876, 4922, 4983, 5090, 5197, 5304, 5411, 5518, 5625, 5732, 5839, 5946, 6053, 6160, 6267, 6374, 6481, 6588, 6695, 6802, 6909, 7016, 7123, 7230, 7337, 7444, 7551, 7658, 7765, 7872, 7979, 8086, 8193, 8300, 8407, 8514, 8621, 8728, 8835, 8942, 9049, 9156, 9263, 9370, 9477, 9584, 9691, 9798, 9905, 10012, 10119, 10226, 10333, 10440, 10547, 10654, 10761, 10868, 10975, 11082, 11189, 11296, 11403)
(62, 169, 276, 383, 490, 597, 704, 811, 918, 1025, 1132, 1239, 1346, 1453, 1560, 1667, 1774, 1881, 1988, 2095, 2202, 2309, 2416, 2523, 2630, 2737, 2844, 2951, 3058, 3165, 3272, 3379, 3486, 3593, 3700, 3807, 3914, 4021, 4128, 4235, 4342, 4449, 4556, 4663, 4770, 4815, 4877, 4984, 5091, 5198, 5305, 5412, 5519, 5626, 5733, 5840, 5947, 6054, 6161, 6268, 6375, 6482, 6589, 6696, 6803, 6910, 7017, 7124, 7231, 7338, 7445, 7552, 7659, 7766, 7873, 7980, 8087, 8194, 8301, 8408, 8515, 8622, 8729, 8836, 8943, 9050, 9157, 9264, 9371, 9478, 9585, 9692, 9799, 9906, 10013, 10120, 10227, 10334, 10441, 10548, 10655, 10762, 10869, 10976, 11083, 11190, 11297, 11404)
(63, 170, 277, 384, 491, 598, 705, 812, 919, 1026, 1133, 1240, 1347, 1454, 1561, 1668, 1775, 1882, 1989, 2096, 2203, 2310, 2417, 2524, 2631, 2738, 2845, 2952, 3059, 3166, 3273, 3380, 3487, 3594, 3701, 3808, 3915, 4022, 4129, 4236, 4343, 4450, 4557, 4664, 4708, 4771, 4878, 4985, 5092, 5199, 5306, 5413, 5520, 5627, 5734, 5841, 5948, 6055, 6162, 6269, 6376, 6483, 6590, 6697, 6804, 6911, 7018, 7125, 7232, 7339, 7446, 7553, 7660, 7767, 7874, 7981, 8088, 8195, 8302, 8409, 8516, 8623, 8730, 8837, 8944, 9051, 9158, 9265, 9372, 9479, 9586, 9693, 9800, 9907, 10014, 10121, 10228, 10335, 10442, 10549, 10656, 10763, 10870, 10977, 11084, 11191, 11298, 11405)
(64, 171, 278, 385, 492, 599, 706, 813, 920, 1027, 1134, 1241, 1348, 1455, 1562, 1669, 1776, 1883, 1990, 2097, 2204, 2311, 2418, 2525, 2632, 2739, 2846, 2953, 3060, 3167, 3274, 3381, 3488, 3595, 3702, 3809, 3916, 4023, 4130, 4237, 4344, 4451, 4558, 4601, 4665, 4772, 4879, 4986, 5093, 5200, 5307, 5414, 5521, 5628, 5735, 5842, 5949, 6056, 6163, 6270, 6377, 6484, 6591, 6698, 6805, 6912, 7019, 7126, 7233, 7340, 7447, 7554, 7661, 7768, 7875, 7982, 8089, 8196, 8303, 8410, 8517, 8624, 8731, 8838, 8945, 9052, 9159, 9266, 9373, 9480, 9587, 9694, 9801, 9908, 10015, 10122, 10229, 10336, 10443, 10550, 10657, 10764, 10871, 10978, 11085, 11192, 11299, 11406)
(65, 172, 279, 386, 493, 600, 707, 814, 921, 1028, 1135, 1242, 1349, 1456, 1563, 1670, 1777, 1884, 1991, 2098, 2205, 2312, 2419, 2526, 2633, 2740, 2847, 2954, 3061, 3168, 3275, 3382, 3489, 3596, 3703, 3810, 3917, 4024, 4131, 4238, 4345, 4452, 4494, 4559, 4666, 4773, 4880, 4987, 5094, 5201, 5308, 5415, 5522, 5629, 5736, 5843, 5950, 6057, 6164, 6271, 6378, 6485, 6592, 6699, 6806, 6913, 7020, 7127, 7234, 7341, 7448, 7555, 7662, 7769, 7876, 7983, 8090, 8197, 8304, 8411, 8518, 8625, 8732, 8839, 8946, 9053, 9160, 9267, 9374, 9481, 9588, 9695, 9802, 9909, 10016, 10123, 10230, 10337, 10444, 10551, 10658, 10765, 10872, 10979, 11086, 11193, 11300, 11407)
(66, 173, 280, 387, 494, 601, 708, 815, 922, 1029, 1136, 1243, 1350, 1457, 1564, 1671, 1778, 1885, 1992, 2099, 2206, 2313, 2420, 2527, 2634, 2741, 2848, 2955, 3062, 3169, 3276, 3383, 3490, 3597, 3704, 3811, 3918, 4025, 4132, 4239, 4346, 4387, 4453, 4560, 4667, 4774, 4881, 4988, 5095, 5202, 5309, 5416, 5523, 5630, 5737, 5844, 5951, 6058, 6165, 6272, 6379, 6486, 6593, 6700, 6807, 6914, 7021, 7128, 7235, 7342, 7449, 7556, 7663, 7770, 7877, 7984, 8091, 8198, 8305, 8412, 8519, 8626, 8733, 8840, 8947, 9054, 9161, 9268, 9375, 9482, 9589, 9696, 9803, 9910, 10017, 10124, 10231, 10338, 10445, 10552, 10659, 10766, 10873, 10980, 11087, 11194, 11301, 11408)
(67, 174, 281, 388, 495, 602, 709, 816, 923, 1030, 1137, 1244, 1351, 1458, 1565, 1672, 1779, 1886, 1993, 2100, 2207, 2314, 2421, 2528, 2635, 2742, 2849, 2956, 3063, 3170, 3277, 3384, 3491, 3598, 3705, 3812, 3919, 4026, 4133, 4240, 4280, 4347, 4454, 4561, 4668, 4775, 4882, 4989, 5096, 5203, 5310, 5417, 5524, 5631, 5738, 5845, 5952, 6059, 6166, 6273, 6380, 6487, 6594, 6701, 6808, 6915, 7022, 7129, 7236, 7343, 7450, 7557, 7664, 7771, 7878, 7985, 8092, 8199, 8306, 8413, 8520, 8627, 8734, 8841, 8948, 9055, 9162, 9269, 9376, 9483, 9590, 9697, 9804, 9911, 10018, 10125, 10232, 10339, 10446, 10553, 10660, 10767, 10874, 10981, 11088, 11195, 11302, 11409)
(68, 175, 282, 389, 496, 603, 710, 817, 924, 1031, 1138, 1245, 1352, 1459, 1566, 1673, 1780, 1887, 1994, 2101, 2208, 2315, 2422, 2529, 2636, 2743, 2850, 2957, 3064, 3171, 3278, 3385, 3492, 3599, 3706, 3813, 3920, 4027, 4134, 4173, 4241, 4348, 4455, 4562, 4669, 4776, 4883, 4990, 5097, 5204, 5311, 5418, 5525, 5632, 5739, 5846, 5953, 6060, 6167, 6274, 6381, 6488, 6595, 6702, 6809, 6916, 7023, 7130, 7237, 7344, 7451, 7558, 7665, 7772, 7879, 7986, 8093, 8200, 8307, 8414, 8521, 8628, 8735, 8842, 8949, 9056, 9163, 9270, 9377, 9484, 9591, 9698, 9805, 9912, 10019, 10126, 10233, 10340, 10447, 10554, 10661, 10768, 10875, 10982, 11089, 11196, 11303, 11410)
(69, 176, 283, 390, 497, 604, 711, 818, 925, 1032, 1139, 1246, 1353, 1460, 1567, 1674, 1781, 1888, 1995, 2102, 2209, 2316, 2423, 2530, 2637, 2744, 2851, 2958, 3065, 3172, 3279, 3386, 3493, 3600, 3707, 3814, 3921, 4028, 4066, 4135, 4242, 4349, 4456, 4563, 4670, 4777, 4884, 4991, 5098, 5205, 5312, 5419, 5526, 5633, 5740, 5847, 5954, 6061, 6168, 6275, 6382, 6489, 6596, 6703, 6810, 6917, 7024, 7131, 7238, 7345, 7452, 7559, 7666, 7773, 7880, 7987, 8094, 8201, 8308, 8415, 8522, 8629, 8736, 8843, 8950, 9057, 9164, 9271, 9378, 9485, 9592, 9699, 9806, 9913, 10020, 10127, 10234, 10341, 10448, 10555, 10662, 10769, 10876, 10983, 11090, 11197, 11304, 11411)
(70, 177, 284, 391, 498, 605, 712, 819, 926, 1033, 1140, 1247, 1354, 1461, 1568, 1675, 1782, 1889, 1996, 2103, 2210, 2317, 2424, 2531, 2638, 2745, 2852, 2959, 3066, 3173, 3280, 3387, 3494, 3601, 3708, 3815, 3922, 3959, 4029, 4136, 4243, 4350, 4457, 4564, 4671, 4778, 4885, 4992, 5099, 5206, 5313, 5420, 5527, 5634, 5741, 5848, 5955, 6062, 6169, 6276, 6383, 6490, 6597, 6704, 6811, 6918, 7025, 7132, 7239, 7346, 7453, 7560, 7667, 7774, 7881, 7988, 8095, 8202, 8309, 8416, 8523, 8630, 8737, 8844, 8951, 9058, 9165, 9272, 9379, 9486, 9593, 9700, 9807, 9914, 10021, 10128, 10235, 10342, 10449, 10556, 10663, 10770, 10877, 10984, 11091, 11198, 11305, 11412)
(71, 178, 285, 392, 499, 606, 713, 820, 927, 1034, 1141, 1248, 1355, 1462, 1569, 1676, 1783, 1890, 1997, 2104, 2211, 2318, 2425, 2532, 2639, 2746, 2853, 2960, 3067, 3174, 3281, 3388, 3495, 3602, 3709, 3816, 3852, 3923, 4030, 4137, 4244, 4351, 4458, 4565, 4672, 4779, 4886, 4993, 5100, 5207, 5314, 5421, 5528, 5635, 5742, 5849, 5956, 6063, 6170, 6277, 6384, 6491, 6598, 6705, 6812, 6919, 7026, 7133, 7240, 7347, 7454, 7561, 7668, 7775, 7882, 7989, 8096, 8203, 8310, 8417, 8524, 8631, 8738, 8845, 8952, 9059, 9166, 9273, 9380, 9487, 9594, 9701, 9808, 9915, 10022, 10129, 10236, 10343, 10450, 10557, 10664, 10771, 10878, 10985, 11092, 11199, 11306, 11413)
(72, 179, 286, 393, 500, 607, 714, 821, 928, 1035, 1142, 1249, 1356, 1463, 1570, 1677, 1784, 1891, 1998, 2105, 2212, 2319, 2426, 2533, 2640, 2747, 2854, 2961, 3068, 3175, 3282, 3389, 3496, 3603, 3710, 3745, 3817, 3924, 4031, 4138, 4245, 4352, 4459, 4566, 4673, 4780, 4887, 4994, 5101, 5208, 5315, 5422, 5529, 5636, 5743, 5850, 5957, 6064, 6171, 6278, 6385, 6492, 6599, 6706, 6813, 6920, 7027, 7134, 7241, 7348, 7455, 7562, 7669, 7776, 7883, 7990, 8097, 8204, 8311, 8418, 8525, 8632, 8739, 8846, 8953, 9060, 9167, 9274, 9381, 9488, 9595, 9702, 9809, 9916, 10023, 10130, 10237, 10344, 10451, 10558, 10665, 10772, 10879, 10986, 11093, 11200, 11307, 11414)
(73, 180, 287, 394, 501, 608, 715, 822, 929, 1036, 1143, 1250, 1357, 1464, 1571, 1678, 1785, 1892, 1999, 2106, 2213, 2320, 2427, 2534, 2641, 2748, 2855, 2962, 3069, 3176, 3283, 3390, 3497, 3604, 3638, 3711, 3818, 3925, 4032, 4139, 4246, 4353, 4460, 4567, 4674, 4781, 4888, 4995, 5102, 5209, 5316, 5423, 5530, 5637, 5744, 5851, 5958, 6065, 6172, 6279, 6386, 6493, 6600, 6707, 6814, 6921, 7028, 7135, 7242, 7349, 7456, 7563, 7670, 7777, 7884, 7991, 8098, 8205, 8312, 8419, 8526, 8633, 8740, 8847, 8954, 9061, 9168, 9275, 9382, 9489, 9596, 9703, 9810, 9917, 10024, 10131, 10238, 10345, 10452, 10559, 10666, 10773, 10880, 10987, 11094, 11201, 11308, 11415)
(74, 181, 288, 395, 502, 609, 716, 823, 930, 1037, 1144, 1251, 1358, 1465, 1572, 1679, 1786, 1893, 2000, 2107, 2214, 2321, 2428, 2535, 2642, 2749, 2856, 2963, 3070, 3177, 3284, 3391, 3498, 3531, 3605, 3712, 3819, 3926, 4033, 4140, 4247, 4354, 4461, 4568, 4675, 4782, 4889, 4996, 5103, 5210, 5317, 5424, 5531, 5638, 5745, 5852, 5959, 6066, 6173, 6280, 6387, 6494, 6601, 6708, 6815, 6922, 7029, 7136, 7243, 7350, 7457, 7564, 7671, 7778, 7885, 7992, 8099, 8206, 8313, 8420, 8527, 8634, 8741, 8848, 8955, 9062, 9169, 9276, 9383, 9490, 9597, 9704, 9811, 9918, 10025, 10132, 10239, 10346, 10453, 10560, 10667, 10774, 10881, 10988, 11095, 11202, 11309, 11416)
(75, 182, 289, 396, 503, 610, 717, 824, 931, 1038, 1145, 1252, 1359, 1466, 1573, 1680, 1787, 1894, 2001, 2108, 2215, 2322, 2429, 2536, 2643, 2750, 2857, 2964, 3071, 3178, 3285, 3392, 3424, 3499, 3606, 3713, 3820, 3927, 4034, 4141, 4248, 4355, 4462, 4569, 4676, 4783, 4890, 4997, 5104, 5211, 5318, 5425, 5532, 5639, 5746, 5853, 5960, 6067, 6174, 6281, 6388, 6495, 6602, 6709, 6816, 6923, 7030, 7137, 7244, 7351, 7458, 7565, 7672, 7779, 7886, 7993, 8100, 8207, 8314, 8421, 8528, 8635, 8742, 8849, 8956, 9063, 9170, 9277, 9384, 9491, 9598, 9705, 9812, 9919, 10026, 10133, 10240, 10347, 10454, 10561, 10668, 10775, 10882, 10989, 11096, 11203, 11310, 11417)
(76, 183, 290, 397, 504, 611, 718, 825, 932, 1039, 1146, 1253, 1360, 1467, 1574, 1681, 1788, 1895, 2002, 2109, 2216, 2323, 2430, 2537, 2644, 2751, 2858, 2965, 3072, 3179, 3286, 3317, 3393, 3500, 3607, 3714, 3821, 3928, 4035, 4142, 4249, 4356, 4463, 4570, 4677, 4784, 4891, 4998, 5105, 5212, 5319, 5426, 5533, 5640, 5747, 5854, 5961, 6068, 6175, 6282, 6389, 6496, 6603, 6710, 6817, 6924, 7031, 7138, 7245, 7352, 7459, 7566, 7673, 7780, 7887, 7994, 8101, 8208, 8315, 8422, 8529, 8636, 8743, 8850, 8957, 9064, 9171, 9278, 9385, 9492, 9599, 9706, 9813, 9920, 10027, 10134, 10241, 10348, 10455, 10562, 10669, 10776, 10883, 10990, 11097, 11204, 11311, 11418)
(77, 184, 291, 398, 505, 612, 719, 826, 933, 1040, 1147, 1254, 1361, 1468, 1575, 1682, 1789, 1896, 2003, 2110, 2217, 2324, 2431, 2538, 2645, 2752, 2859, 2966, 3073, 3180, 3210, 3287, 3394, 3501, 3608, 3715, 3822, 3929, 4036, 4143, 4250, 4357, 4464, 4571, 4678, 4785, 4892, 4999, 5106, 5213, 5320, 5427, 5534, 5641, 5748, 5855, 5962, 6069, 6176, 6283, 6390, 6497, 6604, 6711, 6818, 6925, 7032, 7139, 7246, 7353, 7460, 7567, 7674, 7781, 7888, 7995, 8102, 8209, 8316, 8423, 8530, 8637, 8744, 8851, 8958, 9065, 9172, 9279, 9386, 9493, 9600, 9707, 9814, 9921, 10028, 10135, 10242, 10349, 10456, 10563, 10670, 10777, 10884, 10991, 11098, 11205, 11312, 11419)
(78, 185, 292, 399, 506, 613, 720, 827, 934, 1041, 1148, 1255, 1362, 1469, 1576, 1683, 1790, 1897, 2004, 2111, 2218, 2325, 2432, 2539, 2646, 2753, 2860, 2967, 3074, 3103, 3181, 3288, 3395, 3502, 3609, 3716, 3823, 3930, 4037, 4144, 4251, 4358, 4465, 4572, 4679, 4786, 4893, 5000, 5107, 5214, 5321, 5428, 5535, 5642, 5749, 5856, 5963, 6070, 6177, 6284, 6391, 6498, 6605, 6712, 6819, 6926, 7033, 7140, 7247, 7354, 7461, 7568, 7675, 7782, 7889, 7996, 8103, 8210, 8317, 8424, 8531, 8638, 8745, 8852, 8959, 9066, 9173, 9280, 9387, 9494, 9601, 9708, 9815, 9922, 10029, 10136, 10243, 10350, 10457, 10564, 10671, 10778, 10885, 10992, 11099, 11206, 11313, 11420)
(79, 186, 293, 400, 507, 614, 721, 828, 935, 1042, 1149, 1256, 1363, 1470, 1577, 1684, 1791, 1898, 2005, 2112, 2219, 2326, 2433, 2540, 2647, 2754, 2861, 2968, 2996, 3075, 3182, 3289, 3396, 3503, 3610, 3717, 3824, 3931, 4038, 4145, 4252, 4359, 4466, 4573, 4680, 4787, 4894, 5001, 5108, 5215, 5322, 5429, 5536, 5643, 5750, 5857, 5964, 6071, 6178, 6285, 6392, 6499, 6606, 6713, 6820, 6927, 7034, 7141, 7248, 7355, 7462, 7569, 7676, 7783, 7890, 7997, 8104, 8211, 8318, 8425, 8532, 8639, 8746, 8853, 8960, 9067, 9174, 9281, 9388, 9495, 9602, 9709, 9816, 9923, 10030, 10137, 10244, 10351, 10458, 10565, 10672, 10779, 10886, 10993, 11100, 11207, 11314, 11421)
(80, 187, 294, 401, 508, 615, 722, 829, 936, 1043, 1150, 1257, 1364, 1471, 1578, 1685, 1792, 1899, 2006, 2113, 2220, 2327, 2434, 2541, 2648, 2755, 2862, 2889, 2969, 3076, 3183, 3290, 3397, 3504, 3611, 3718, 3825, 3932, 4039, 4146, 4253, 4360, 4467, 4574, 4681, 4788, 4895, 5002, 5109, 5216, 5323, 5430, 5537, 5644, 5751, 5858, 5965, 6072, 6179, 6286, 6393, 6500, 6607, 6714, 6821, 6928, 7035, 7142, 7249, 7356, 7463, 7570, 7677, 7784, 7891, 7998, 8105, 8212, 8319, 8426, 8533, 8640, 8747, 8854, 8961, 9068, 9175, 9282, 9389, 9496, 9603, 9710, 9817, 9924, 10031, 10138, 10245, 10352, 10459, 10566, 10673, 10780, 10887, 10994, 11101, 11208, 11315, 11422)
(81, 188, 295, 402, 509, 616, 723, 830, 937, 1044, 1151, 1258, 1365, 1472, 1579, 1686, 1793, 1900, 2007, 2114, 2221, 2328, 2435, 2542, 2649, 2756, 2782, 2863, 2970, 3077, 3184, 3291, 3398, 3505, 3612, 3719, 3826, 3933, 4040, 4147, 4254, 4361, 4468, 4575, 4682, 4789, 4896, 5003, 5110, 5217, 5324, 5431, 5538, 5645, 5752, 5859, 5966, 6073, 6180, 6287, 6394, 6501, 6608, 6715, 6822, 6929, 7036, 7143, 7250, 7357, 7464, 7571, 7678, 7785, 7892, 7999, 8106, 8213, 8320, 8427, 8534, 8641, 8748, 8855, 8962, 9069, 9176, 9283, 9390, 9497, 9604, 9711, 9818, 9925, 10032, 10139, 10246, 10353, 10460, 10567, 10674, 10781, 10888, 10995, 11102, 11209, 11316, 11423)
(82, 189, 296, 403, 510, 617, 724, 831, 938, 1045, 1152, 1259, 1366, 1473, 1580, 1687, 1794, 1901, 2008, 2115, 2222, 2329, 2436, 2543, 2650, 2675, 2757, 2864, 2971, 3078, 3185, 3292, 3399, 3506, 3613, 3720, 3827, 3934, 4041, 4148, 4255, 4362, 4469, 4576, 4683, 4790, 4897, 5004, 5111, 5218, 5325, 5432, 5539, 5646, 5753, 5860, 5967, 6074, 6181, 6288, 6395, 6502, 6609, 6716, 6823, 6930, 7037, 7144, 7251, 7358, 7465, 7572, 7679, 7786, 7893, 8000, 8107, 8214, 8321, 8428, 8535, 8642, 8749, 8856, 8963, 9070, 9177, 9284, 9391, 9498, 9605, 9712, 9819, 9926, 10033, 10140, 10247, 10354, 10461, 10568, 10675, 10782, 10889, 10996, 11103, 11210, 11317, 11424)
(83, 190, 297, 404, 511, 618, 725, 832, 939, 1046, 1153, 1260, 1367, 1474, 1581, 1688, 1795, 1902, 2009, 2116, 2223, 2330, 2437, 2544, 2568, 2651, 2758, 2865, 2972, 3079, 3186, 3293, 3400, 3507, 3614, 3721, 3828, 3935, 4042, 4149, 4256, 4363, 4470, 4577, 4684, 4791, 4898, 5005, 5112, 5219, 5326, 5433, 5540, 5647, 5754, 5861, 5968, 6075, 6182, 6289, 6396, 6503, 6610, 6717, 6824, 6931, 7038, 7145, 7252, 7359, 7466, 7573, 7680, 7787, 7894, 8001, 8108, 8215, 8322, 8429, 8536, 8643, 8750, 8857, 8964, 9071, 9178, 9285, 9392, 9499, 9606, 9713, 9820, 9927, 10034, 10141, 10248, 10355, 10462, 10569, 10676, 10783, 10890, 10997, 11104, 11211, 11318, 11425)
(84, 191, 298, 405, 512, 619, 726, 833, 940, 1047, 1154, 1261, 1368, 1475, 1582, 1689, 1796, 1903, 2010, 2117, 2224, 2331, 2438, 2461, 2545, 2652, 2759, 2866, 2973, 3080, 3187, 3294, 3401, 3508, 3615, 3722, 3829, 3936, 4043, 4150, 4257, 4364, 4471, 4578, 4685, 4792, 4899, 5006, 5113, 5220, 5327, 5434, 5541, 5648, 5755, 5862, 5969, 6076, 6183, 6290, 6397, 6504, 6611, 6718, 6825, 6932, 7039, 7146, 7253, 7360, 7467, 7574, 7681, 7788, 7895, 8002, 8109, 8216, 8323, 8430, 8537, 8644, 8751, 8858, 8965, 9072, 9179, 9286, 9393, 9500, 9607, 9714, 9821, 9928, 10035, 10142, 10249, 10356, 10463, 10570, 10677, 10784, 10891, 10998, 11105, 11212, 11319, 11426)
(85, 192, 299, 406, 513, 620, 727, 834, 941, 1048, 1155, 1262, 1369, 1476, 1583, 1690, 1797, 1904, 2011, 2118, 2225, 2332, 2354, 2439, 2546, 2653, 2760, 2867, 2974, 3081, 3188, 3295, 3402, 3509, 3616, 3723, 3830, 3937, 4044, 4151, 4258, 4365, 4472, 4579, 4686, 4793, 4900, 5007, 5114, 5221, 5328, 5435, 5542, 5649, 5756, 5863, 5970, 6077, 6184, 6291, 6398, 6505, 6612, 6719, 6826, 6933, 7040, 7147, 7254, 7361, 7468, 7575, 7682, 7789, 7896, 8003, 8110, 8217, 8324, 8431, 8538, 8645, 8752, 8859, 8966, 9073, 9180, 9287, 9394, 9501, 9608, 9715, 9822, 9929, 10036, 10143, 10250, 10357, 10464, 10571, 10678, 10785, 10892, 10999, 11106, 11213, 11320, 11427)
(86, 193, 300, 407, 514, 621, 728, 835, 942, 1049, 1156, 1263, 1370, 1477, 1584, 1691, 1798, 1905, 2012, 2119, 2226, 2247, 2333, 2440, 2547, 2654, 2761, 2868, 2975, 3082, 3189, 3296, 3403, 3510, 3617, 3724, 3831, 3938, 4045, 4152, 4259, 4366, 4473, 4580, 4687, 4794, 4901, 5008, 5115, 5222, 5329, 5436, 5543, 5650, 5757, 5864, 5971, 6078, 6185, 6292, 6399, 6506, 6613, 6720, 6827, 6934, 7041, 7148, 7255, 7362, 7469, 7576, 7683, 7790, 7897, 8004, 8111, 8218, 8325, 8432, 8539, 8646, 8753, 8860, 8967, 9074, 9181, 9288, 9395, 9502, 9609, 9716, 9823, 9930, 10037, 10144, 10251, 10358, 10465, 10572, 10679, 10786, 10893, 11000, 11107, 11214, 11321, 11428)
(87, 194, 301, 408, 515, 622, 729, 836, 943, 1050, 1157, 1264, 1371, 1478, 1585, 1692, 1799, 1906, 2013, 2120, 2140, 2227, 2334, 2441, 2548, 2655, 2762, 2869, 2976, 3083, 3190, 3297, 3404, 3511, 3618, 3725, 3832, 3939, 4046, 4153, 4260, 4367, 4474, 4581, 4688, 4795, 4902, 5009, 5116, 5223, 5330, 5437, 5544, 5651, 5758, 5865, 5972, 6079, 6186, 6293, 6400, 6507, 6614, 6721, 6828, 6935, 7042, 7149, 7256, 7363, 7470, 7577, 7684, 7791, 7898, 8005, 8112, 8219, 8326, 8433, 8540, 8647, 8754, 8861, 8968, 9075, 9182, 9289, 9396, 9503, 9610, 9717, 9824, 9931, 10038, 10145, 10252, 10359, 10466, 10573, 10680, 10787, 10894, 11001, 11108, 11215, 11322, 11429)
(88, 195, 302, 409, 516, 623, 730, 837, 944, 1051, 1158, 1265, 1372, 1479, 1586, 1693, 1800, 1907, 2014, 2033, 2121, 2228, 2335, 2442, 2549, 2656, 2763, 2870, 2977, 3084, 3191, 3298, 3405, 3512, 3619, 3726, 3833, 3940, 4047, 4154, 4261, 4368, 4475, 4582, 4689, 4796, 4903, 5010, 5117, 5224, 5331, 5438, 5545, 5652, 5759, 5866, 5973, 6080, 6187, 6294, 6401, 6508, 6615, 6722, 6829, 6936, 7043, 7150, 7257, 7364, 7471, 7578, 7685, 7792, 7899, 8006, 8113, 8220, 8327, 8434, 8541, 8648, 8755, 8862, 8969, 9076, 9183, 9290, 9397, 9504, 9611, 9718, 9825, 9932, 10039, 10146, 10253, 10360, 10467, 10574, 10681, 10788, 10895, 11002, 11109, 11216, 11323, 11430)
(89, 196, 303, 410, 517, 624, 731, 838, 945, 1052, 1159, 1266, 1373, 1480, 1587, 1694, 1801, 1908, 1926, 2015, 2122, 2229, 2336, 2443, 2550, 2657, 2764, 2871, 2978, 3085, 3192, 3299, 3406, 3513, 3620, 3727, 3834, 3941, 4048, 4155, 4262, 4369, 4476, 4583, 4690, 4797, 4904, 5011, 5118, 5225, 5332, 5439, 5546, 5653, 5760, 5867, 5974, 6081, 6188, 6295, 6402, 6509, 6616, 6723, 6830, 6937, 7044, 7151, 7258, 7365, 7472, 7579, 7686, 7793, 7900, 8007, 8114, 8221, 8328, 8435, 8542, 8649, 8756, 8863, 8970, 9077, 9184, 9291, 9398, 9505, 9612, 9719, 9826, 9933, 10040, 10147, 10254, 10361, 10468, 10575, 10682, 10789, 10896, 11003, 11110, 11217, 11324, 11431)
(90, 197, 304, 411, 518, 625, 732, 839, 946, 1053, 1160, 1267, 1374, 1481, 1588, 1695, 1802, 1819, 1909, 2016, 2123, 2230, 2337, 2444, 2551, 2658, 2765, 2872, 2979, 3086, 3193, 3300, 3407, 3514, 3621, 3728, 3835, 3942, 4049, 4156, 4263, 4370, 4477, 4584, 4691, 4798, 4905, 5012, 5119, 5226, 5333, 5440, 5547, 5654, 5761, 5868, 5975, 6082, 6189, 6296, 6403, 6510, 6617, 6724, 6831, 6938, 7045, 7152, 7259, 7366, 7473, 7580, 7687, 7794, 7901, 8008, 8115, 8222, 8329, 8436, 8543, 8650, 8757, 8864, 8971, 9078, 9185, 9292, 9399, 9506, 9613, 9720, 9827, 9934, 10041, 10148, 10255, 10362, 10469, 10576, 10683, 10790, 10897, 11004, 11111, 11218, 11325, 11432)
(91, 198, 305, 412, 519, 626, 733, 840, 947, 1054, 1161, 1268, 1375, 1482, 1589, 1696, 1712, 1803, 1910, 2017, 2124, 2231, 2338, 2445, 2552, 2659, 2766, 2873, 2980, 3087, 3194, 3301, 3408, 3515, 3622, 3729, 3836, 3943, 4050, 4157, 4264, 4371, 4478, 4585, 4692, 4799, 4906, 5013, 5120, 5227, 5334, 5441, 5548, 5655, 5762, 5869, 5976, 6083, 6190, 6297, 6404, 6511, 6618, 6725, 6832, 6939, 7046, 7153, 7260, 7367, 7474, 7581, 7688, 7795, 7902, 8009, 8116, 8223, 8330, 8437, 8544, 8651, 8758, 8865, 8972, 9079, 9186, 9293, 9400, 9507, 9614, 9721, 9828, 9935, 10042, 10149, 10256, 10363, 10470, 10577, 10684, 10791, 10898, 11005, 11112, 11219, 11326, 11433)
(92, 199, 306, 413, 520, 627, 734, 841, 948, 1055, 1162, 1269, 1376, 1483, 1590, 1605, 1697, 1804, 1911, 2018, 2125, 2232, 2339, 2446, 2553, 2660, 2767, 2874, 2981, 3088, 3195, 3302, 3409, 3516, 3623, 3730, 3837, 3944, 4051, 4158, 4265, 4372, 4479, 4586, 4693, 4800, 4907, 5014, 5121, 5228, 5335, 5442, 5549, 5656, 5763, 5870, 5977, 6084, 6191, 6298, 6405, 6512, 6619, 6726, 6833, 6940, 7047, 7154, 7261, 7368, 7475, 7582, 7689, 7796, 7903, 8010, 8117, 8224, 8331, 8438, 8545, 8652, 8759, 8866, 8973, 9080, 9187, 9294, 9401, 9508, 9615, 9722, 9829, 9936, 10043, 10150, 10257, 10364, 10471, 10578, 10685, 10792, 10899, 11006, 11113, 11220, 11327, 11434)
(93, 200, 307, 414, 521, 628, 735, 842, 949, 1056, 1163, 1270, 1377, 1484, 1498, 1591, 1698, 1805, 1912, 2019, 2126, 2233, 2340, 2447, 2554, 2661, 2768, 2875, 2982, 3089, 3196, 3303, 3410, 3517, 3624, 3731, 3838, 3945, 4052, 4159, 4266, 4373, 4480, 4587, 4694, 4801, 4908, 5015, 5122, 5229, 5336, 5443, 5550, 5657, 5764, 5871, 5978, 6085, 6192, 6299, 6406, 6513, 6620, 6727, 6834, 6941, 7048, 7155, 7262, 7369, 7476, 7583, 7690, 7797, 7904, 8011, 8118, 8225, 8332, 8439, 8546, 8653, 8760, 8867, 8974, 9081, 9188, 9295, 9402, 9509, 9616, 9723, 9830, 9937, 10044, 10151, 10258, 10365, 10472, 10579, 10686, 10793, 10900, 11007, 11114, 11221, 11328, 11435)
(94, 201, 308, 415, 522, 629, 736, 843, 950, 1057, 1164, 1271, 1378, 1391, 1485, 1592, 1699, 1806, 1913, 2020, 2127, 2234, 2341, 2448, 2555, 2662, 2769, 2876, 2983, 3090, 3197, 3304, 3411, 3518, 3625, 3732, 3839, 3946, 4053, 4160, 4267, 4374, 4481, 4588, 4695, 4802, 4909, 5016, 5123, 5230, 5337, 5444, 5551, 5658, 5765, 5872, 5979, 6086, 6193, 6300, 6407, 6514, 6621, 6728, 6835, 6942, 7049, 7156, 7263, 7370, 7477, 7584, 7691, 7798, 7905, 8012, 8119, 8226, 8333, 8440, 8547, 8654, 8761, 8868, 8975, 9082, 9189, 9296, 9403, 9510, 9617, 9724, 9831, 9938, 10045, 10152, 10259, 10366, 10473, 10580, 10687, 10794, 10901, 11008, 11115, 11222, 11329, 11436)
(95, 202, 309, 416, 523, 630, 737, 844, 951, 1058, 1165, 1272, 1284, 1379, 1486, 1593, 1700, 1807, 1914, 2021, 2128, 2235, 2342, 2449, 2556, 2663, 2770, 2877, 2984, 3091, 3198, 3305, 3412, 3519, 3626, 3733, 3840, 3947, 4054, 4161, 4268, 4375, 4482, 4589, 4696, 4803, 4910, 5017, 5124, 5231, 5338, 5445, 5552, 5659, 5766, 5873, 5980, 6087, 6194, 6301, 6408, 6515, 6622, 6729, 6836, 6943, 7050, 7157, 7264, 7371, 7478, 7585, 7692, 7799, 7906, 8013, 8120, 8227, 8334, 8441, 8548, 8655, 8762, 8869, 8976, 9083, 9190, 9297, 9404, 9511, 9618, 9725, 9832, 9939, 10046, 10153, 10260, 10367, 10474, 10581, 10688, 10795, 10902, 11009, 11116, 11223, 11330, 11437)
(96, 203, 310, 417, 524, 631, 738, 845, 952, 1059, 1166, 1177, 1273, 1380, 1487, 1594, 1701, 1808, 1915, 2022, 2129, 2236, 2343, 2450, 2557, 2664, 2771, 2878, 2985, 3092, 3199, 3306, 3413, 3520, 3627, 3734, 3841, 3948, 4055, 4162, 4269, 4376, 4483, 4590, 4697, 4804, 4911, 5018, 5125, 5232, 5339, 5446, 5553, 5660, 5767, 5874, 5981, 6088, 6195, 6302, 6409, 6516, 6623, 6730, 6837, 6944, 7051, 7158, 7265, 7372, 7479, 7586, 7693, 7800, 7907, 8014, 8121, 8228, 8335, 8442, 8549, 8656, 8763, 8870, 8977, 9084, 9191, 9298, 9405, 9512, 9619, 9726, 9833, 9940, 10047, 10154, 10261, 10368, 10475, 10582, 10689, 10796, 10903, 11010, 11117, 11224, 11331, 11438)
(97, 204, 311, 418, 525, 632, 739, 846, 953, 1060, 1070, 1167, 1274, 1381, 1488, 1595, 1702, 1809, 1916, 2023, 2130, 2237, 2344, 2451, 2558, 2665, 2772, 2879, 2986, 3093, 3200, 3307, 3414, 3521, 3628, 3735, 3842, 3949, 4056, 4163, 4270, 4377, 4484, 4591, 4698, 4805, 4912, 5019, 5126, 5233, 5340, 5447, 5554, 5661, 5768, 5875, 5982, 6089, 6196, 6303, 6410, 6517, 6624, 6731, 6838, 6945, 7052, 7159, 7266, 7373, 7480, 7587, 7694, 7801, 7908, 8015, 8122, 8229, 8336, 8443, 8550, 8657, 8764, 8871, 8978, 9085, 9192, 9299, 9406, 9513, 9620, 9727, 9834, 9941, 10048, 10155, 10262, 10369, 10476, 10583, 10690, 10797, 10904, 11011, 11118, 11225, 11332, 11439)
(98, 205, 312, 419, 526, 633, 740, 847, 954, 963, 1061, 1168, 1275, 1382, 1489, 1596, 1703, 1810, 1917, 2024, 2131, 2238, 2345, 2452, 2559, 2666, 2773, 2880, 2987, 3094, 3201, 3308, 3415, 3522, 3629, 3736, 3843, 3950, 4057, 4164, 4271, 4378, 4485, 4592, 4699, 4806, 4913, 5020, 5127, 5234, 5341, 5448, 5555, 5662, 5769, 5876, 5983, 6090, 6197, 6304, 6411, 6518, 6625, 6732, 6839, 6946, 7053, 7160, 7267, 7374, 7481, 7588, 7695, 7802, 7909, 8016, 8123, 8230, 8337, 8444, 8551, 8658, 8765, 8872, 8979, 9086, 9193, 9300, 9407, 9514, 9621, 9728, 9835, 9942, 10049, 10156, 10263, 10370, 10477, 10584, 10691, 10798, 10905, 11012, 11119, 11226, 11333, 11440)
(99, 206, 313, 420, 527, 634, 741, 848, 856, 955, 1062, 1169, 1276, 1383, 1490, 1597, 1704, 1811, 1918, 2025, 2132, 2239, 2346, 2453, 2560, 2667, 2774, 2881, 2988, 3095, 3202, 3309, 3416, 3523, 3630, 3737, 3844, 3951, 4058, 4165, 4272, 4379, 4486, 4593, 4700, 4807, 4914, 5021, 5128, 5235, 5342, 5449, 5556, 5663, 5770, 5877, 5984, 6091, 6198, 6305, 6412, 6519, 6626, 6733, 6840, 6947, 7054, 7161, 7268, 7375, 7482, 7589, 7696, 7803, 7910, 8017, 8124, 8231, 8338, 8445, 8552, 8659, 8766, 8873, 8980, 9087, 9194, 9301, 9408, 9515, 9622, 9729, 9836, 9943, 10050, 10157, 10264, 10371, 10478, 10585, 10692, 10799, 10906, 11013, 11120, 11227, 11334, 11441)
(100, 207, 314, 421, 528, 635, 742, 749, 849, 956, 1063, 1170, 1277, 1384, 1491, 1598, 1705, 1812, 1919, 2026, 2133, 2240, 2347, 2454, 2561, 2668, 2775, 2882, 2989, 3096, 3203, 3310, 3417, 3524, 3631, 3738, 3845, 3952, 4059, 4166, 4273, 4380, 4487, 4594, 4701, 4808, 4915, 5022, 5129, 5236, 5343, 5450, 5557, 5664, 5771, 5878, 5985, 6092, 6199, 6306, 6413, 6520, 6627, 6734, 6841, 6948, 7055, 7162, 7269, 7376, 7483, 7590, 7697, 7804, 7911, 8018, 8125, 8232, 8339, 8446, 8553, 8660, 8767, 8874, 8981, 9088, 9195, 9302, 9409, 9516, 9623, 9730, 9837, 9944, 10051, 10158, 10265, 10372, 10479, 10586, 10693, 10800, 10907, 11014, 11121, 11228, 11335, 11442)
(101, 208, 315, 422, 529, 636, 642, 743, 850, 957, 1064, 1171, 1278, 1385, 1492, 1599, 1706, 1813, 1920, 2027, 2134, 2241, 2348, 2455, 2562, 2669, 2776, 2883, 2990, 3097, 3204, 3311, 3418, 3525, 3632, 3739, 3846, 3953, 4060, 4167, 4274, 4381, 4488, 4595, 4702, 4809, 4916, 5023, 5130, 5237, 5344, 5451, 5558, 5665, 5772, 5879, 5986, 6093, 6200, 6307, 6414, 6521, 6628, 6735, 6842, 6949, 7056, 7163, 7270, 7377, 7484, 7591, 7698, 7805, 7912, 8019, 8126, 8233, 8340, 8447, 8554, 8661, 8768, 8875, 8982, 9089, 9196, 9303, 9410, 9517, 9624, 9731, 9838, 9945, 10052, 10159, 10266, 10373, 10480, 10587, 10694, 10801, 10908, 11015, 11122, 11229, 11336, 11443)
(102, 209, 316, 423, 530, 535, 637, 744, 851, 958, 1065, 1172, 1279, 1386, 1493, 1600, 1707, 1814, 1921, 2028, 2135, 2242, 2349, 2456, 2563, 2670, 2777, 2884, 2991, 3098, 3205, 3312, 3419, 3526, 3633, 3740, 3847, 3954, 4061, 4168, 4275, 4382, 4489, 4596, 4703, 4810, 4917, 5024, 5131, 5238, 5345, 5452, 5559, 5666, 5773, 5880, 5987, 6094, 6201, 6308, 6415, 6522, 6629, 6736, 6843, 6950, 7057, 7164, 7271, 7378, 7485, 7592, 7699, 7806, 7913, 8020, 8127, 8234, 8341, 8448, 8555, 8662, 8769, 8876, 8983, 9090, 9197, 9304, 9411, 9518, 9625, 9732, 9839, 9946, 10053, 10160, 10267, 10374, 10481, 10588, 10695, 10802, 10909, 11016, 11123, 11230, 11337, 11444)
(103, 210, 317, 424, 428, 531, 638, 745, 852, 959, 1066, 1173, 1280, 1387, 1494, 1601, 1708, 1815, 1922, 2029, 2136, 2243, 2350, 2457, 2564, 2671, 2778, 2885, 2992, 3099, 3206, 3313, 3420, 3527, 3634, 3741, 3848, 3955, 4062, 4169, 4276, 4383, 4490, 4597, 4704, 4811, 4918, 5025, 5132, 5239, 5346, 5453, 5560, 5667, 5774, 5881, 5988, 6095, 6202, 6309, 6416, 6523, 6630, 6737, 6844, 6951, 7058, 7165, 7272, 7379, 7486, 7593, 7700, 7807, 7914, 8021, 8128, 8235, 8342, 8449, 8556, 8663, 8770, 8877, 8984, 9091, 9198, 9305, 9412, 9519, 9626, 9733, 9840, 9947, 10054, 10161, 10268, 10375, 10482, 10589, 10696, 10803, 10910, 11017, 11124, 11231, 11338, 11445)
(104, 211, 318, 321, 425, 532, 639, 746, 853, 960, 1067, 1174, 1281, 1388, 1495, 1602, 1709, 1816, 1923, 2030, 2137, 2244, 2351, 2458, 2565, 2672, 2779, 2886, 2993, 3100, 3207, 3314, 3421, 3528, 3635, 3742, 3849, 3956, 4063, 4170, 4277, 4384, 4491, 4598, 4705, 4812, 4919, 5026, 5133, 5240, 5347, 5454, 5561, 5668, 5775, 5882, 5989, 6096, 6203, 6310, 6417, 6524, 6631, 6738, 6845, 6952, 7059, 7166, 7273, 7380, 7487, 7594, 7701, 7808, 7915, 8022, 8129, 8236, 8343, 8450, 8557, 8664, 8771, 8878, 8985, 9092, 9199, 9306, 9413, 9520, 9627, 9734, 9841, 9948, 10055, 10162, 10269, 10376, 10483, 10590, 10697, 10804, 10911, 11018, 11125, 11232, 11339, 11446)
(105, 212, 214, 319, 426, 533, 640, 747, 854, 961, 1068, 1175, 1282, 1389, 1496, 1603, 1710, 1817, 1924, 2031, 2138, 2245, 2352, 2459, 2566, 2673, 2780, 2887, 2994, 3101, 3208, 3315, 3422, 3529, 3636, 3743, 3850, 3957, 4064, 4171, 4278, 4385, 4492, 4599, 4706, 4813, 4920, 5027, 5134, 5241, 5348, 5455, 5562, 5669, 5776, 5883, 5990, 6097, 6204, 6311, 6418, 6525, 6632, 6739, 6846, 6953, 7060, 7167, 7274, 7381, 7488, 7595, 7702, 7809, 7916, 8023, 8130, 8237, 8344, 8451, 8558, 8665, 8772, 8879, 8986, 9093, 9200, 9307, 9414, 9521, 9628, 9735, 9842, 9949, 10056, 10163, 10270, 10377, 10484, 10591, 10698, 10805, 10912, 11019, 11126, 11233, 11340, 11447)
(106, 107, 213, 320, 427, 534, 641, 748, 855, 962, 1069, 1176, 1283, 1390, 1497, 1604, 1711, 1818, 1925, 2032, 2139, 2246, 2353, 2460, 2567, 2674, 2781, 2888, 2995, 3102, 3209, 3316, 3423, 3530, 3637, 3744, 3851, 3958, 4065, 4172, 4279, 4386, 4493, 4600, 4707, 4814, 4921, 5028, 5135, 5242, 5349, 5456, 5563, 5670, 5777, 5884, 5991, 6098, 6205, 6312, 6419, 6526, 6633, 6740, 6847, 6954, 7061, 7168, 7275, 7382, 7489, 7596, 7703, 7810, 7917, 8024, 8131, 8238, 8345, 8452, 8559, 8666, 8773, 8880, 8987, 9094, 9201, 9308, 9415, 9522, 9629, 9736, 9843, 9950, 10057, 10164, 10271, 10378, 10485, 10592, 10699, 10806, 10913, 11020, 11127, 11234, 11341, 11448)
