For m = 11881 and d = 55
The program took 0.005349636077880859 seconds to complete. 
The number of indecomposable tuple(s) is: 108

The indecomposable tuples are:
(1, 110, 219, 328, 437, 546, 655, 764, 873, 982, 1091, 1200, 1309, 1418, 1527, 1636, 1745, 1854, 1963, 2072, 2181, 2290, 2399, 2508, 2617, 2726, 2835, 2944, 3053, 3162, 3271, 3380, 3489, 3598, 3707, 3816, 3925, 4034, 4143, 4252, 4361, 4470, 4579, 4688, 4797, 4906, 5015, 5124, 5233, 5342, 5451, 5560, 5669, 5778, 5887, 5996, 6105, 6214, 6323, 6432, 6541, 6650, 6759, 6868, 6977, 7086, 7195, 7304, 7413, 7522, 7631, 7740, 7849, 7958, 8067, 8176, 8285, 8394, 8503, 8612, 8721, 8830, 8939, 9048, 9157, 9266, 9375, 9484, 9593, 9702, 9811, 9920, 10029, 10138, 10247, 10356, 10465, 10574, 10683, 10792, 10901, 11010, 11119, 11228, 11337, 11446, 11555, 11664, 11772, 11773)
(2, 111, 220, 329, 438, 547, 656, 765, 874, 983, 1092, 1201, 1310, 1419, 1528, 1637, 1746, 1855, 1964, 2073, 2182, 2291, 2400, 2509, 2618, 2727, 2836, 2945, 3054, 3163, 3272, 3381, 3490, 3599, 3708, 3817, 3926, 4035, 4144, 4253, 4362, 4471, 4580, 4689, 4798, 4907, 5016, 5125, 5234, 5343, 5452, 5561, 5670, 5779, 5888, 5997, 6106, 6215, 6324, 6433, 6542, 6651, 6760, 6869, 6978, 7087, 7196, 7305, 7414, 7523, 7632, 7741, 7850, 7959, 8068, 8177, 8286, 8395, 8504, 8613, 8722, 8831, 8940, 9049, 9158, 9267, 9376, 9485, 9594, 9703, 9812, 9921, 10030, 10139, 10248, 10357, 10466, 10575, 10684, 10793, 10902, 11011, 11120, 11229, 11338, 11447, 11556, 11663, 11665, 11774)
(3, 112, 221, 330, 439, 548, 657, 766, 875, 984, 1093, 1202, 1311, 1420, 1529, 1638, 1747, 1856, 1965, 2074, 2183, 2292, 2401, 2510, 2619, 2728, 2837, 2946, 3055, 3164, 3273, 3382, 3491, 3600, 3709, 3818, 3927, 4036, 4145, 4254, 4363, 4472, 4581, 4690, 4799, 4908, 5017, 5126, 5235, 5344, 5453, 5562, 5671, 5780, 5889, 5998, 6107, 6216, 6325, 6434, 6543, 6652, 6761, 6870, 6979, 7088, 7197, 7306, 7415, 7524, 7633, 7742, 7851, 7960, 8069, 8178, 8287, 8396, 8505, 8614, 8723, 8832, 8941, 9050, 9159, 9268, 9377, 9486, 9595, 9704, 9813, 9922, 10031, 10140, 10249, 10358, 10467, 10576, 10685, 10794, 10903, 11012, 11121, 11230, 11339, 11448, 11554, 11557, 11666, 11775)
(4, 113, 222, 331, 440, 549, 658, 767, 876, 985, 1094, 1203, 1312, 1421, 1530, 1639, 1748, 1857, 1966, 2075, 2184, 2293, 2402, 2511, 2620, 2729, 2838, 2947, 3056, 3165, 3274, 3383, 3492, 3601, 3710, 3819, 3928, 4037, 4146, 4255, 4364, 4473, 4582, 4691, 4800, 4909, 5018, 5127, 5236, 5345, 5454, 5563, 5672, 5781, 5890, 5999, 6108, 6217, 6326, 6435, 6544, 6653, 6762, 6871, 6980, 7089, 7198, 7307, 7416, 7525, 7634, 7743, 7852, 7961, 8070, 8179, 8288, 8397, 8506, 8615, 8724, 8833, 8942, 9051, 9160, 9269, 9378, 9487, 9596, 9705, 9814, 9923, 10032, 10141, 10250, 10359, 10468, 10577, 10686, 10795, 10904, 11013, 11122, 11231, 11340, 11445, 11449, 11558, 11667, 11776)
(5, 114, 223, 332, 441, 550, 659, 768, 877, 986, 1095, 1204, 1313, 1422, 1531, 1640, 1749, 1858, 1967, 2076, 2185, 2294, 2403, 2512, 2621, 2730, 2839, 2948, 3057, 3166, 3275, 3384, 3493, 3602, 3711, 3820, 3929, 4038, 4147, 4256, 4365, 4474, 4583, 4692, 4801, 4910, 5019, 5128, 5237, 5346, 5455, 5564, 5673, 5782, 5891, 6000, 6109, 6218, 6327, 6436, 6545, 6654, 6763, 6872, 6981, 7090, 7199, 7308, 7417, 7526, 7635, 7744, 7853, 7962, 8071, 8180, 8289, 8398, 8507, 8616, 8725, 8834, 8943, 9052, 9161, 9270, 9379, 9488, 9597, 9706, 9815, 9924, 10033, 10142, 10251, 10360, 10469, 10578, 10687, 10796, 10905, 11014, 11123, 11232, 11336, 11341, 11450, 11559, 11668, 11777)
(6, 115, 224, 333, 442, 551, 660, 769, 878, 987, 1096, 1205, 1314, 1423, 1532, 1641, 1750, 1859, 1968, 2077, 2186, 2295, 2404, 2513, 2622, 2731, 2840, 2949, 3058, 3167, 3276, 3385, 3494, 3603, 3712, 3821, 3930, 4039, 4148, 4257, 4366, 4475, 4584, 4693, 4802, 4911, 5020, 5129, 5238, 5347, 5456, 5565, 5674, 5783, 5892, 6001, 6110, 6219, 6328, 6437, 6546, 6655, 6764, 6873, 6982, 7091, 7200, 7309, 7418, 7527, 7636, 7745, 7854, 7963, 8072, 8181, 8290, 8399, 8508, 8617, 8726, 8835, 8944, 9053, 9162, 9271, 9380, 9489, 9598, 9707, 9816, 9925, 10034, 10143, 10252, 10361, 10470, 10579, 10688, 10797, 10906, 11015, 11124, 11227, 11233, 11342, 11451, 11560, 11669, 11778)
(7, 116, 225, 334, 443, 552, 661, 770, 879, 988, 1097, 1206, 1315, 1424, 1533, 1642, 1751, 1860, 1969, 2078, 2187, 2296, 2405, 2514, 2623, 2732, 2841, 2950, 3059, 3168, 3277, 3386, 3495, 3604, 3713, 3822, 3931, 4040, 4149, 4258, 4367, 4476, 4585, 4694, 4803, 4912, 5021, 5130, 5239, 5348, 5457, 5566, 5675, 5784, 5893, 6002, 6111, 6220, 6329, 6438, 6547, 6656, 6765, 6874, 6983, 7092, 7201, 7310, 7419, 7528, 7637, 7746, 7855, 7964, 8073, 8182, 8291, 8400, 8509, 8618, 8727, 8836, 8945, 9054, 9163, 9272, 9381, 9490, 9599, 9708, 9817, 9926, 10035, 10144, 10253, 10362, 10471, 10580, 10689, 10798, 10907, 11016, 11118, 11125, 11234, 11343, 11452, 11561, 11670, 11779)
(8, 117, 226, 335, 444, 553, 662, 771, 880, 989, 1098, 1207, 1316, 1425, 1534, 1643, 1752, 1861, 1970, 2079, 2188, 2297, 2406, 2515, 2624, 2733, 2842, 2951, 3060, 3169, 3278, 3387, 3496, 3605, 3714, 3823, 3932, 4041, 4150, 4259, 4368, 4477, 4586, 4695, 4804, 4913, 5022, 5131, 5240, 5349, 5458, 5567, 5676, 5785, 5894, 6003, 6112, 6221, 6330, 6439, 6548, 6657, 6766, 6875, 6984, 7093, 7202, 7311, 7420, 7529, 7638, 7747, 7856, 7965, 8074, 8183, 8292, 8401, 8510, 8619, 8728, 8837, 8946, 9055, 9164, 9273, 9382, 9491, 9600, 9709, 9818, 9927, 10036, 10145, 10254, 10363, 10472, 10581, 10690, 10799, 10908, 11009, 11017, 11126, 11235, 11344, 11453, 11562, 11671, 11780)
(9, 118, 227, 336, 445, 554, 663, 772, 881, 990, 1099, 1208, 1317, 1426, 1535, 1644, 1753, 1862, 1971, 2080, 2189, 2298, 2407, 2516, 2625, 2734, 2843, 2952, 3061, 3170, 3279, 3388, 3497, 3606, 3715, 3824, 3933, 4042, 4151, 4260, 4369, 4478, 4587, 4696, 4805, 4914, 5023, 5132, 5241, 5350, 5459, 5568, 5677, 5786, 5895, 6004, 6113, 6222, 6331, 6440, 6549, 6658, 6767, 6876, 6985, 7094, 7203, 7312, 7421, 7530, 7639, 7748, 7857, 7966, 8075, 8184, 8293, 8402, 8511, 8620, 8729, 8838, 8947, 9056, 9165, 9274, 9383, 9492, 9601, 9710, 9819, 9928, 10037, 10146, 10255, 10364, 10473, 10582, 10691, 10800, 10900, 10909, 11018, 11127, 11236, 11345, 11454, 11563, 11672, 11781)
(10, 119, 228, 337, 446, 555, 664, 773, 882, 991, 1100, 1209, 1318, 1427, 1536, 1645, 1754, 1863, 1972, 2081, 2190, 2299, 2408, 2517, 2626, 2735, 2844, 2953, 3062, 3171, 3280, 3389, 3498, 3607, 3716, 3825, 3934, 4043, 4152, 4261, 4370, 4479, 4588, 4697, 4806, 4915, 5024, 5133, 5242, 5351, 5460, 5569, 5678, 5787, 5896, 6005, 6114, 6223, 6332, 6441, 6550, 6659, 6768, 6877, 6986, 7095, 7204, 7313, 7422, 7531, 7640, 7749, 7858, 7967, 8076, 8185, 8294, 8403, 8512, 8621, 8730, 8839, 8948, 9057, 9166, 9275, 9384, 9493, 9602, 9711, 9820, 9929, 10038, 10147, 10256, 10365, 10474, 10583, 10692, 10791, 10801, 10910, 11019, 11128, 11237, 11346, 11455, 11564, 11673, 11782)
(11, 120, 229, 338, 447, 556, 665, 774, 883, 992, 1101, 1210, 1319, 1428, 1537, 1646, 1755, 1864, 1973, 2082, 2191, 2300, 2409, 2518, 2627, 2736, 2845, 2954, 3063, 3172, 3281, 3390, 3499, 3608, 3717, 3826, 3935, 4044, 4153, 4262, 4371, 4480, 4589, 4698, 4807, 4916, 5025, 5134, 5243, 5352, 5461, 5570, 5679, 5788, 5897, 6006, 6115, 6224, 6333, 6442, 6551, 6660, 6769, 6878, 6987, 7096, 7205, 7314, 7423, 7532, 7641, 7750, 7859, 7968, 8077, 8186, 8295, 8404, 8513, 8622, 8731, 8840, 8949, 9058, 9167, 9276, 9385, 9494, 9603, 9712, 9821, 9930, 10039, 10148, 10257, 10366, 10475, 10584, 10682, 10693, 10802, 10911, 11020, 11129, 11238, 11347, 11456, 11565, 11674, 11783)
(12, 121, 230, 339, 448, 557, 666, 775, 884, 993, 1102, 1211, 1320, 1429, 1538, 1647, 1756, 1865, 1974, 2083, 2192, 2301, 2410, 2519, 2628, 2737, 2846, 2955, 3064, 3173, 3282, 3391, 3500, 3609, 3718, 3827, 3936, 4045, 4154, 4263, 4372, 4481, 4590, 4699, 4808, 4917, 5026, 5135, 5244, 5353, 5462, 5571, 5680, 5789, 5898, 6007, 6116, 6225, 6334, 6443, 6552, 6661, 6770, 6879, 6988, 7097, 7206, 7315, 7424, 7533, 7642, 7751, 7860, 7969, 8078, 8187, 8296, 8405, 8514, 8623, 8732, 8841, 8950, 9059, 9168, 9277, 9386, 9495, 9604, 9713, 9822, 9931, 10040, 10149, 10258, 10367, 10476, 10573, 10585, 10694, 10803, 10912, 11021, 11130, 11239, 11348, 11457, 11566, 11675, 11784)
(13, 122, 231, 340, 449, 558, 667, 776, 885, 994, 1103, 1212, 1321, 1430, 1539, 1648, 1757, 1866, 1975, 2084, 2193, 2302, 2411, 2520, 2629, 2738, 2847, 2956, 3065, 3174, 3283, 3392, 3501, 3610, 3719, 3828, 3937, 4046, 4155, 4264, 4373, 4482, 4591, 4700, 4809, 4918, 5027, 5136, 5245, 5354, 5463, 5572, 5681, 5790, 5899, 6008, 6117, 6226, 6335, 6444, 6553, 6662, 6771, 6880, 6989, 7098, 7207, 7316, 7425, 7534, 7643, 7752, 7861, 7970, 8079, 8188, 8297, 8406, 8515, 8624, 8733, 8842, 8951, 9060, 9169, 9278, 9387, 9496, 9605, 9714, 9823, 9932, 10041, 10150, 10259, 10368, 10464, 10477, 10586, 10695, 10804, 10913, 11022, 11131, 11240, 11349, 11458, 11567, 11676, 11785)
(14, 123, 232, 341, 450, 559, 668, 777, 886, 995, 1104, 1213, 1322, 1431, 1540, 1649, 1758, 1867, 1976, 2085, 2194, 2303, 2412, 2521, 2630, 2739, 2848, 2957, 3066, 3175, 3284, 3393, 3502, 3611, 3720, 3829, 3938, 4047, 4156, 4265, 4374, 4483, 4592, 4701, 4810, 4919, 5028, 5137, 5246, 5355, 5464, 5573, 5682, 5791, 5900, 6009, 6118, 6227, 6336, 6445, 6554, 6663, 6772, 6881, 6990, 7099, 7208, 7317, 7426, 7535, 7644, 7753, 7862, 7971, 8080, 8189, 8298, 8407, 8516, 8625, 8734, 8843, 8952, 9061, 9170, 9279, 9388, 9497, 9606, 9715, 9824, 9933, 10042, 10151, 10260, 10355, 10369, 10478, 10587, 10696, 10805, 10914, 11023, 11132, 11241, 11350, 11459, 11568, 11677, 11786)
(15, 124, 233, 342, 451, 560, 669, 778, 887, 996, 1105, 1214, 1323, 1432, 1541, 1650, 1759, 1868, 1977, 2086, 2195, 2304, 2413, 2522, 2631, 2740, 2849, 2958, 3067, 3176, 3285, 3394, 3503, 3612, 3721, 3830, 3939, 4048, 4157, 4266, 4375, 4484, 4593, 4702, 4811, 4920, 5029, 5138, 5247, 5356, 5465, 5574, 5683, 5792, 5901, 6010, 6119, 6228, 6337, 6446, 6555, 6664, 6773, 6882, 6991, 7100, 7209, 7318, 7427, 7536, 7645, 7754, 7863, 7972, 8081, 8190, 8299, 8408, 8517, 8626, 8735, 8844, 8953, 9062, 9171, 9280, 9389, 9498, 9607, 9716, 9825, 9934, 10043, 10152, 10246, 10261, 10370, 10479, 10588, 10697, 10806, 10915, 11024, 11133, 11242, 11351, 11460, 11569, 11678, 11787)
(16, 125, 234, 343, 452, 561, 670, 779, 888, 997, 1106, 1215, 1324, 1433, 1542, 1651, 1760, 1869, 1978, 2087, 2196, 2305, 2414, 2523, 2632, 2741, 2850, 2959, 3068, 3177, 3286, 3395, 3504, 3613, 3722, 3831, 3940, 4049, 4158, 4267, 4376, 4485, 4594, 4703, 4812, 4921, 5030, 5139, 5248, 5357, 5466, 5575, 5684, 5793, 5902, 6011, 6120, 6229, 6338, 6447, 6556, 6665, 6774, 6883, 6992, 7101, 7210, 7319, 7428, 7537, 7646, 7755, 7864, 7973, 8082, 8191, 8300, 8409, 8518, 8627, 8736, 8845, 8954, 9063, 9172, 9281, 9390, 9499, 9608, 9717, 9826, 9935, 10044, 10137, 10153, 10262, 10371, 10480, 10589, 10698, 10807, 10916, 11025, 11134, 11243, 11352, 11461, 11570, 11679, 11788)
(17, 126, 235, 344, 453, 562, 671, 780, 889, 998, 1107, 1216, 1325, 1434, 1543, 1652, 1761, 1870, 1979, 2088, 2197, 2306, 2415, 2524, 2633, 2742, 2851, 2960, 3069, 3178, 3287, 3396, 3505, 3614, 3723, 3832, 3941, 4050, 4159, 4268, 4377, 4486, 4595, 4704, 4813, 4922, 5031, 5140, 5249, 5358, 5467, 5576, 5685, 5794, 5903, 6012, 6121, 6230, 6339, 6448, 6557, 6666, 6775, 6884, 6993, 7102, 7211, 7320, 7429, 7538, 7647, 7756, 7865, 7974, 8083, 8192, 8301, 8410, 8519, 8628, 8737, 8846, 8955, 9064, 9173, 9282, 9391, 9500, 9609, 9718, 9827, 9936, 10028, 10045, 10154, 10263, 10372, 10481, 10590, 10699, 10808, 10917, 11026, 11135, 11244, 11353, 11462, 11571, 11680, 11789)
(18, 127, 236, 345, 454, 563, 672, 781, 890, 999, 1108, 1217, 1326, 1435, 1544, 1653, 1762, 1871, 1980, 2089, 2198, 2307, 2416, 2525, 2634, 2743, 2852, 2961, 3070, 3179, 3288, 3397, 3506, 3615, 3724, 3833, 3942, 4051, 4160, 4269, 4378, 4487, 4596, 4705, 4814, 4923, 5032, 5141, 5250, 5359, 5468, 5577, 5686, 5795, 5904, 6013, 6122, 6231, 6340, 6449, 6558, 6667, 6776, 6885, 6994, 7103, 7212, 7321, 7430, 7539, 7648, 7757, 7866, 7975, 8084, 8193, 8302, 8411, 8520, 8629, 8738, 8847, 8956, 9065, 9174, 9283, 9392, 9501, 9610, 9719, 9828, 9919, 9937, 10046, 10155, 10264, 10373, 10482, 10591, 10700, 10809, 10918, 11027, 11136, 11245, 11354, 11463, 11572, 11681, 11790)
(19, 128, 237, 346, 455, 564, 673, 782, 891, 1000, 1109, 1218, 1327, 1436, 1545, 1654, 1763, 1872, 1981, 2090, 2199, 2308, 2417, 2526, 2635, 2744, 2853, 2962, 3071, 3180, 3289, 3398, 3507, 3616, 3725, 3834, 3943, 4052, 4161, 4270, 4379, 4488, 4597, 4706, 4815, 4924, 5033, 5142, 5251, 5360, 5469, 5578, 5687, 5796, 5905, 6014, 6123, 6232, 6341, 6450, 6559, 6668, 6777, 6886, 6995, 7104, 7213, 7322, 7431, 7540, 7649, 7758, 7867, 7976, 8085, 8194, 8303, 8412, 8521, 8630, 8739, 8848, 8957, 9066, 9175, 9284, 9393, 9502, 9611, 9720, 9810, 9829, 9938, 10047, 10156, 10265, 10374, 10483, 10592, 10701, 10810, 10919, 11028, 11137, 11246, 11355, 11464, 11573, 11682, 11791)
(20, 129, 238, 347, 456, 565, 674, 783, 892, 1001, 1110, 1219, 1328, 1437, 1546, 1655, 1764, 1873, 1982, 2091, 2200, 2309, 2418, 2527, 2636, 2745, 2854, 2963, 3072, 3181, 3290, 3399, 3508, 3617, 3726, 3835, 3944, 4053, 4162, 4271, 4380, 4489, 4598, 4707, 4816, 4925, 5034, 5143, 5252, 5361, 5470, 5579, 5688, 5797, 5906, 6015, 6124, 6233, 6342, 6451, 6560, 6669, 6778, 6887, 6996, 7105, 7214, 7323, 7432, 7541, 7650, 7759, 7868, 7977, 8086, 8195, 8304, 8413, 8522, 8631, 8740, 8849, 8958, 9067, 9176, 9285, 9394, 9503, 9612, 9701, 9721, 9830, 9939, 10048, 10157, 10266, 10375, 10484, 10593, 10702, 10811, 10920, 11029, 11138, 11247, 11356, 11465, 11574, 11683, 11792)
(21, 130, 239, 348, 457, 566, 675, 784, 893, 1002, 1111, 1220, 1329, 1438, 1547, 1656, 1765, 1874, 1983, 2092, 2201, 2310, 2419, 2528, 2637, 2746, 2855, 2964, 3073, 3182, 3291, 3400, 3509, 3618, 3727, 3836, 3945, 4054, 4163, 4272, 4381, 4490, 4599, 4708, 4817, 4926, 5035, 5144, 5253, 5362, 5471, 5580, 5689, 5798, 5907, 6016, 6125, 6234, 6343, 6452, 6561, 6670, 6779, 6888, 6997, 7106, 7215, 7324, 7433, 7542, 7651, 7760, 7869, 7978, 8087, 8196, 8305, 8414, 8523, 8632, 8741, 8850, 8959, 9068, 9177, 9286, 9395, 9504, 9592, 9613, 9722, 9831, 9940, 10049, 10158, 10267, 10376, 10485, 10594, 10703, 10812, 10921, 11030, 11139, 11248, 11357, 11466, 11575, 11684, 11793)
(22, 131, 240, 349, 458, 567, 676, 785, 894, 1003, 1112, 1221, 1330, 1439, 1548, 1657, 1766, 1875, 1984, 2093, 2202, 2311, 2420, 2529, 2638, 2747, 2856, 2965, 3074, 3183, 3292, 3401, 3510, 3619, 3728, 3837, 3946, 4055, 4164, 4273, 4382, 4491, 4600, 4709, 4818, 4927, 5036, 5145, 5254, 5363, 5472, 5581, 5690, 5799, 5908, 6017, 6126, 6235, 6344, 6453, 6562, 6671, 6780, 6889, 6998, 7107, 7216, 7325, 7434, 7543, 7652, 7761, 7870, 7979, 8088, 8197, 8306, 8415, 8524, 8633, 8742, 8851, 8960, 9069, 9178, 9287, 9396, 9483, 9505, 9614, 9723, 9832, 9941, 10050, 10159, 10268, 10377, 10486, 10595, 10704, 10813, 10922, 11031, 11140, 11249, 11358, 11467, 11576, 11685, 11794)
(23, 132, 241, 350, 459, 568, 677, 786, 895, 1004, 1113, 1222, 1331, 1440, 1549, 1658, 1767, 1876, 1985, 2094, 2203, 2312, 2421, 2530, 2639, 2748, 2857, 2966, 3075, 3184, 3293, 3402, 3511, 3620, 3729, 3838, 3947, 4056, 4165, 4274, 4383, 4492, 4601, 4710, 4819, 4928, 5037, 5146, 5255, 5364, 5473, 5582, 5691, 5800, 5909, 6018, 6127, 6236, 6345, 6454, 6563, 6672, 6781, 6890, 6999, 7108, 7217, 7326, 7435, 7544, 7653, 7762, 7871, 7980, 8089, 8198, 8307, 8416, 8525, 8634, 8743, 8852, 8961, 9070, 9179, 9288, 9374, 9397, 9506, 9615, 9724, 9833, 9942, 10051, 10160, 10269, 10378, 10487, 10596, 10705, 10814, 10923, 11032, 11141, 11250, 11359, 11468, 11577, 11686, 11795)
(24, 133, 242, 351, 460, 569, 678, 787, 896, 1005, 1114, 1223, 1332, 1441, 1550, 1659, 1768, 1877, 1986, 2095, 2204, 2313, 2422, 2531, 2640, 2749, 2858, 2967, 3076, 3185, 3294, 3403, 3512, 3621, 3730, 3839, 3948, 4057, 4166, 4275, 4384, 4493, 4602, 4711, 4820, 4929, 5038, 5147, 5256, 5365, 5474, 5583, 5692, 5801, 5910, 6019, 6128, 6237, 6346, 6455, 6564, 6673, 6782, 6891, 7000, 7109, 7218, 7327, 7436, 7545, 7654, 7763, 7872, 7981, 8090, 8199, 8308, 8417, 8526, 8635, 8744, 8853, 8962, 9071, 9180, 9265, 9289, 9398, 9507, 9616, 9725, 9834, 9943, 10052, 10161, 10270, 10379, 10488, 10597, 10706, 10815, 10924, 11033, 11142, 11251, 11360, 11469, 11578, 11687, 11796)
(25, 134, 243, 352, 461, 570, 679, 788, 897, 1006, 1115, 1224, 1333, 1442, 1551, 1660, 1769, 1878, 1987, 2096, 2205, 2314, 2423, 2532, 2641, 2750, 2859, 2968, 3077, 3186, 3295, 3404, 3513, 3622, 3731, 3840, 3949, 4058, 4167, 4276, 4385, 4494, 4603, 4712, 4821, 4930, 5039, 5148, 5257, 5366, 5475, 5584, 5693, 5802, 5911, 6020, 6129, 6238, 6347, 6456, 6565, 6674, 6783, 6892, 7001, 7110, 7219, 7328, 7437, 7546, 7655, 7764, 7873, 7982, 8091, 8200, 8309, 8418, 8527, 8636, 8745, 8854, 8963, 9072, 9156, 9181, 9290, 9399, 9508, 9617, 9726, 9835, 9944, 10053, 10162, 10271, 10380, 10489, 10598, 10707, 10816, 10925, 11034, 11143, 11252, 11361, 11470, 11579, 11688, 11797)
(26, 135, 244, 353, 462, 571, 680, 789, 898, 1007, 1116, 1225, 1334, 1443, 1552, 1661, 1770, 1879, 1988, 2097, 2206, 2315, 2424, 2533, 2642, 2751, 2860, 2969, 3078, 3187, 3296, 3405, 3514, 3623, 3732, 3841, 3950, 4059, 4168, 4277, 4386, 4495, 4604, 4713, 4822, 4931, 5040, 5149, 5258, 5367, 5476, 5585, 5694, 5803, 5912, 6021, 6130, 6239, 6348, 6457, 6566, 6675, 6784, 6893, 7002, 7111, 7220, 7329, 7438, 7547, 7656, 7765, 7874, 7983, 8092, 8201, 8310, 8419, 8528, 8637, 8746, 8855, 8964, 9047, 9073, 9182, 9291, 9400, 9509, 9618, 9727, 9836, 9945, 10054, 10163, 10272, 10381, 10490, 10599, 10708, 10817, 10926, 11035, 11144, 11253, 11362, 11471, 11580, 11689, 11798)
(27, 136, 245, 354, 463, 572, 681, 790, 899, 1008, 1117, 1226, 1335, 1444, 1553, 1662, 1771, 1880, 1989, 2098, 2207, 2316, 2425, 2534, 2643, 2752, 2861, 2970, 3079, 3188, 3297, 3406, 3515, 3624, 3733, 3842, 3951, 4060, 4169, 4278, 4387, 4496, 4605, 4714, 4823, 4932, 5041, 5150, 5259, 5368, 5477, 5586, 5695, 5804, 5913, 6022, 6131, 6240, 6349, 6458, 6567, 6676, 6785, 6894, 7003, 7112, 7221, 7330, 7439, 7548, 7657, 7766, 7875, 7984, 8093, 8202, 8311, 8420, 8529, 8638, 8747, 8856, 8938, 8965, 9074, 9183, 9292, 9401, 9510, 9619, 9728, 9837, 9946, 10055, 10164, 10273, 10382, 10491, 10600, 10709, 10818, 10927, 11036, 11145, 11254, 11363, 11472, 11581, 11690, 11799)
(28, 137, 246, 355, 464, 573, 682, 791, 900, 1009, 1118, 1227, 1336, 1445, 1554, 1663, 1772, 1881, 1990, 2099, 2208, 2317, 2426, 2535, 2644, 2753, 2862, 2971, 3080, 3189, 3298, 3407, 3516, 3625, 3734, 3843, 3952, 4061, 4170, 4279, 4388, 4497, 4606, 4715, 4824, 4933, 5042, 5151, 5260, 5369, 5478, 5587, 5696, 5805, 5914, 6023, 6132, 6241, 6350, 6459, 6568, 6677, 6786, 6895, 7004, 7113, 7222, 7331, 7440, 7549, 7658, 7767, 7876, 7985, 8094, 8203, 8312, 8421, 8530, 8639, 8748, 8829, 8857, 8966, 9075, 9184, 9293, 9402, 9511, 9620, 9729, 9838, 9947, 10056, 10165, 10274, 10383, 10492, 10601, 10710, 10819, 10928, 11037, 11146, 11255, 11364, 11473, 11582, 11691, 11800)
(29, 138, 247, 356, 465, 574, 683, 792, 901, 1010, 1119, 1228, 1337, 1446, 1555, 1664, 1773, 1882, 1991, 2100, 2209, 2318, 2427, 2536, 2645, 2754, 2863, 2972, 3081, 3190, 3299, 3408, 3517, 3626, 3735, 3844, 3953, 4062, 4171, 4280, 4389, 4498, 4607, 4716, 4825, 4934, 5043, 5152, 5261, 5370, 5479, 5588, 5697, 5806, 5915, 6024, 6133, 6242, 6351, 6460, 6569, 6678, 6787, 6896, 7005, 7114, 7223, 7332, 7441, 7550, 7659, 7768, 7877, 7986, 8095, 8204, 8313, 8422, 8531, 8640, 8720, 8749, 8858, 8967, 9076, 9185, 9294, 9403, 9512, 9621, 9730, 9839, 9948, 10057, 10166, 10275, 10384, 10493, 10602, 10711, 10820, 10929, 11038, 11147, 11256, 11365, 11474, 11583, 11692, 11801)
(30, 139, 248, 357, 466, 575, 684, 793, 902, 1011, 1120, 1229, 1338, 1447, 1556, 1665, 1774, 1883, 1992, 2101, 2210, 2319, 2428, 2537, 2646, 2755, 2864, 2973, 3082, 3191, 3300, 3409, 3518, 3627, 3736, 3845, 3954, 4063, 4172, 4281, 4390, 4499, 4608, 4717, 4826, 4935, 5044, 5153, 5262, 5371, 5480, 5589, 5698, 5807, 5916, 6025, 6134, 6243, 6352, 6461, 6570, 6679, 6788, 6897, 7006, 7115, 7224, 7333, 7442, 7551, 7660, 7769, 7878, 7987, 8096, 8205, 8314, 8423, 8532, 8611, 8641, 8750, 8859, 8968, 9077, 9186, 9295, 9404, 9513, 9622, 9731, 9840, 9949, 10058, 10167, 10276, 10385, 10494, 10603, 10712, 10821, 10930, 11039, 11148, 11257, 11366, 11475, 11584, 11693, 11802)
(31, 140, 249, 358, 467, 576, 685, 794, 903, 1012, 1121, 1230, 1339, 1448, 1557, 1666, 1775, 1884, 1993, 2102, 2211, 2320, 2429, 2538, 2647, 2756, 2865, 2974, 3083, 3192, 3301, 3410, 3519, 3628, 3737, 3846, 3955, 4064, 4173, 4282, 4391, 4500, 4609, 4718, 4827, 4936, 5045, 5154, 5263, 5372, 5481, 5590, 5699, 5808, 5917, 6026, 6135, 6244, 6353, 6462, 6571, 6680, 6789, 6898, 7007, 7116, 7225, 7334, 7443, 7552, 7661, 7770, 7879, 7988, 8097, 8206, 8315, 8424, 8502, 8533, 8642, 8751, 8860, 8969, 9078, 9187, 9296, 9405, 9514, 9623, 9732, 9841, 9950, 10059, 10168, 10277, 10386, 10495, 10604, 10713, 10822, 10931, 11040, 11149, 11258, 11367, 11476, 11585, 11694, 11803)
(32, 141, 250, 359, 468, 577, 686, 795, 904, 1013, 1122, 1231, 1340, 1449, 1558, 1667, 1776, 1885, 1994, 2103, 2212, 2321, 2430, 2539, 2648, 2757, 2866, 2975, 3084, 3193, 3302, 3411, 3520, 3629, 3738, 3847, 3956, 4065, 4174, 4283, 4392, 4501, 4610, 4719, 4828, 4937, 5046, 5155, 5264, 5373, 5482, 5591, 5700, 5809, 5918, 6027, 6136, 6245, 6354, 6463, 6572, 6681, 6790, 6899, 7008, 7117, 7226, 7335, 7444, 7553, 7662, 7771, 7880, 7989, 8098, 8207, 8316, 8393, 8425, 8534, 8643, 8752, 8861, 8970, 9079, 9188, 9297, 9406, 9515, 9624, 9733, 9842, 9951, 10060, 10169, 10278, 10387, 10496, 10605, 10714, 10823, 10932, 11041, 11150, 11259, 11368, 11477, 11586, 11695, 11804)
(33, 142, 251, 360, 469, 578, 687, 796, 905, 1014, 1123, 1232, 1341, 1450, 1559, 1668, 1777, 1886, 1995, 2104, 2213, 2322, 2431, 2540, 2649, 2758, 2867, 2976, 3085, 3194, 3303, 3412, 3521, 3630, 3739, 3848, 3957, 4066, 4175, 4284, 4393, 4502, 4611, 4720, 4829, 4938, 5047, 5156, 5265, 5374, 5483, 5592, 5701, 5810, 5919, 6028, 6137, 6246, 6355, 6464, 6573, 6682, 6791, 6900, 7009, 7118, 7227, 7336, 7445, 7554, 7663, 7772, 7881, 7990, 8099, 8208, 8284, 8317, 8426, 8535, 8644, 8753, 8862, 8971, 9080, 9189, 9298, 9407, 9516, 9625, 9734, 9843, 9952, 10061, 10170, 10279, 10388, 10497, 10606, 10715, 10824, 10933, 11042, 11151, 11260, 11369, 11478, 11587, 11696, 11805)
(34, 143, 252, 361, 470, 579, 688, 797, 906, 1015, 1124, 1233, 1342, 1451, 1560, 1669, 1778, 1887, 1996, 2105, 2214, 2323, 2432, 2541, 2650, 2759, 2868, 2977, 3086, 3195, 3304, 3413, 3522, 3631, 3740, 3849, 3958, 4067, 4176, 4285, 4394, 4503, 4612, 4721, 4830, 4939, 5048, 5157, 5266, 5375, 5484, 5593, 5702, 5811, 5920, 6029, 6138, 6247, 6356, 6465, 6574, 6683, 6792, 6901, 7010, 7119, 7228, 7337, 7446, 7555, 7664, 7773, 7882, 7991, 8100, 8175, 8209, 8318, 8427, 8536, 8645, 8754, 8863, 8972, 9081, 9190, 9299, 9408, 9517, 9626, 9735, 9844, 9953, 10062, 10171, 10280, 10389, 10498, 10607, 10716, 10825, 10934, 11043, 11152, 11261, 11370, 11479, 11588, 11697, 11806)
(35, 144, 253, 362, 471, 580, 689, 798, 907, 1016, 1125, 1234, 1343, 1452, 1561, 1670, 1779, 1888, 1997, 2106, 2215, 2324, 2433, 2542, 2651, 2760, 2869, 2978, 3087, 3196, 3305, 3414, 3523, 3632, 3741, 3850, 3959, 4068, 4177, 4286, 4395, 4504, 4613, 4722, 4831, 4940, 5049, 5158, 5267, 5376, 5485, 5594, 5703, 5812, 5921, 6030, 6139, 6248, 6357, 6466, 6575, 6684, 6793, 6902, 7011, 7120, 7229, 7338, 7447, 7556, 7665, 7774, 7883, 7992, 8066, 8101, 8210, 8319, 8428, 8537, 8646, 8755, 8864, 8973, 9082, 9191, 9300, 9409, 9518, 9627, 9736, 9845, 9954, 10063, 10172, 10281, 10390, 10499, 10608, 10717, 10826, 10935, 11044, 11153, 11262, 11371, 11480, 11589, 11698, 11807)
(36, 145, 254, 363, 472, 581, 690, 799, 908, 1017, 1126, 1235, 1344, 1453, 1562, 1671, 1780, 1889, 1998, 2107, 2216, 2325, 2434, 2543, 2652, 2761, 2870, 2979, 3088, 3197, 3306, 3415, 3524, 3633, 3742, 3851, 3960, 4069, 4178, 4287, 4396, 4505, 4614, 4723, 4832, 4941, 5050, 5159, 5268, 5377, 5486, 5595, 5704, 5813, 5922, 6031, 6140, 6249, 6358, 6467, 6576, 6685, 6794, 6903, 7012, 7121, 7230, 7339, 7448, 7557, 7666, 7775, 7884, 7957, 7993, 8102, 8211, 8320, 8429, 8538, 8647, 8756, 8865, 8974, 9083, 9192, 9301, 9410, 9519, 9628, 9737, 9846, 9955, 10064, 10173, 10282, 10391, 10500, 10609, 10718, 10827, 10936, 11045, 11154, 11263, 11372, 11481, 11590, 11699, 11808)
(37, 146, 255, 364, 473, 582, 691, 800, 909, 1018, 1127, 1236, 1345, 1454, 1563, 1672, 1781, 1890, 1999, 2108, 2217, 2326, 2435, 2544, 2653, 2762, 2871, 2980, 3089, 3198, 3307, 3416, 3525, 3634, 3743, 3852, 3961, 4070, 4179, 4288, 4397, 4506, 4615, 4724, 4833, 4942, 5051, 5160, 5269, 5378, 5487, 5596, 5705, 5814, 5923, 6032, 6141, 6250, 6359, 6468, 6577, 6686, 6795, 6904, 7013, 7122, 7231, 7340, 7449, 7558, 7667, 7776, 7848, 7885, 7994, 8103, 8212, 8321, 8430, 8539, 8648, 8757, 8866, 8975, 9084, 9193, 9302, 9411, 9520, 9629, 9738, 9847, 9956, 10065, 10174, 10283, 10392, 10501, 10610, 10719, 10828, 10937, 11046, 11155, 11264, 11373, 11482, 11591, 11700, 11809)
(38, 147, 256, 365, 474, 583, 692, 801, 910, 1019, 1128, 1237, 1346, 1455, 1564, 1673, 1782, 1891, 2000, 2109, 2218, 2327, 2436, 2545, 2654, 2763, 2872, 2981, 3090, 3199, 3308, 3417, 3526, 3635, 3744, 3853, 3962, 4071, 4180, 4289, 4398, 4507, 4616, 4725, 4834, 4943, 5052, 5161, 5270, 5379, 5488, 5597, 5706, 5815, 5924, 6033, 6142, 6251, 6360, 6469, 6578, 6687, 6796, 6905, 7014, 7123, 7232, 7341, 7450, 7559, 7668, 7739, 7777, 7886, 7995, 8104, 8213, 8322, 8431, 8540, 8649, 8758, 8867, 8976, 9085, 9194, 9303, 9412, 9521, 9630, 9739, 9848, 9957, 10066, 10175, 10284, 10393, 10502, 10611, 10720, 10829, 10938, 11047, 11156, 11265, 11374, 11483, 11592, 11701, 11810)
(39, 148, 257, 366, 475, 584, 693, 802, 911, 1020, 1129, 1238, 1347, 1456, 1565, 1674, 1783, 1892, 2001, 2110, 2219, 2328, 2437, 2546, 2655, 2764, 2873, 2982, 3091, 3200, 3309, 3418, 3527, 3636, 3745, 3854, 3963, 4072, 4181, 4290, 4399, 4508, 4617, 4726, 4835, 4944, 5053, 5162, 5271, 5380, 5489, 5598, 5707, 5816, 5925, 6034, 6143, 6252, 6361, 6470, 6579, 6688, 6797, 6906, 7015, 7124, 7233, 7342, 7451, 7560, 7630, 7669, 7778, 7887, 7996, 8105, 8214, 8323, 8432, 8541, 8650, 8759, 8868, 8977, 9086, 9195, 9304, 9413, 9522, 9631, 9740, 9849, 9958, 10067, 10176, 10285, 10394, 10503, 10612, 10721, 10830, 10939, 11048, 11157, 11266, 11375, 11484, 11593, 11702, 11811)
(40, 149, 258, 367, 476, 585, 694, 803, 912, 1021, 1130, 1239, 1348, 1457, 1566, 1675, 1784, 1893, 2002, 2111, 2220, 2329, 2438, 2547, 2656, 2765, 2874, 2983, 3092, 3201, 3310, 3419, 3528, 3637, 3746, 3855, 3964, 4073, 4182, 4291, 4400, 4509, 4618, 4727, 4836, 4945, 5054, 5163, 5272, 5381, 5490, 5599, 5708, 5817, 5926, 6035, 6144, 6253, 6362, 6471, 6580, 6689, 6798, 6907, 7016, 7125, 7234, 7343, 7452, 7521, 7561, 7670, 7779, 7888, 7997, 8106, 8215, 8324, 8433, 8542, 8651, 8760, 8869, 8978, 9087, 9196, 9305, 9414, 9523, 9632, 9741, 9850, 9959, 10068, 10177, 10286, 10395, 10504, 10613, 10722, 10831, 10940, 11049, 11158, 11267, 11376, 11485, 11594, 11703, 11812)
(41, 150, 259, 368, 477, 586, 695, 804, 913, 1022, 1131, 1240, 1349, 1458, 1567, 1676, 1785, 1894, 2003, 2112, 2221, 2330, 2439, 2548, 2657, 2766, 2875, 2984, 3093, 3202, 3311, 3420, 3529, 3638, 3747, 3856, 3965, 4074, 4183, 4292, 4401, 4510, 4619, 4728, 4837, 4946, 5055, 5164, 5273, 5382, 5491, 5600, 5709, 5818, 5927, 6036, 6145, 6254, 6363, 6472, 6581, 6690, 6799, 6908, 7017, 7126, 7235, 7344, 7412, 7453, 7562, 7671, 7780, 7889, 7998, 8107, 8216, 8325, 8434, 8543, 8652, 8761, 8870, 8979, 9088, 9197, 9306, 9415, 9524, 9633, 9742, 9851, 9960, 10069, 10178, 10287, 10396, 10505, 10614, 10723, 10832, 10941, 11050, 11159, 11268, 11377, 11486, 11595, 11704, 11813)
(42, 151, 260, 369, 478, 587, 696, 805, 914, 1023, 1132, 1241, 1350, 1459, 1568, 1677, 1786, 1895, 2004, 2113, 2222, 2331, 2440, 2549, 2658, 2767, 2876, 2985, 3094, 3203, 3312, 3421, 3530, 3639, 3748, 3857, 3966, 4075, 4184, 4293, 4402, 4511, 4620, 4729, 4838, 4947, 5056, 5165, 5274, 5383, 5492, 5601, 5710, 5819, 5928, 6037, 6146, 6255, 6364, 6473, 6582, 6691, 6800, 6909, 7018, 7127, 7236, 7303, 7345, 7454, 7563, 7672, 7781, 7890, 7999, 8108, 8217, 8326, 8435, 8544, 8653, 8762, 8871, 8980, 9089, 9198, 9307, 9416, 9525, 9634, 9743, 9852, 9961, 10070, 10179, 10288, 10397, 10506, 10615, 10724, 10833, 10942, 11051, 11160, 11269, 11378, 11487, 11596, 11705, 11814)
(43, 152, 261, 370, 479, 588, 697, 806, 915, 1024, 1133, 1242, 1351, 1460, 1569, 1678, 1787, 1896, 2005, 2114, 2223, 2332, 2441, 2550, 2659, 2768, 2877, 2986, 3095, 3204, 3313, 3422, 3531, 3640, 3749, 3858, 3967, 4076, 4185, 4294, 4403, 4512, 4621, 4730, 4839, 4948, 5057, 5166, 5275, 5384, 5493, 5602, 5711, 5820, 5929, 6038, 6147, 6256, 6365, 6474, 6583, 6692, 6801, 6910, 7019, 7128, 7194, 7237, 7346, 7455, 7564, 7673, 7782, 7891, 8000, 8109, 8218, 8327, 8436, 8545, 8654, 8763, 8872, 8981, 9090, 9199, 9308, 9417, 9526, 9635, 9744, 9853, 9962, 10071, 10180, 10289, 10398, 10507, 10616, 10725, 10834, 10943, 11052, 11161, 11270, 11379, 11488, 11597, 11706, 11815)
(44, 153, 262, 371, 480, 589, 698, 807, 916, 1025, 1134, 1243, 1352, 1461, 1570, 1679, 1788, 1897, 2006, 2115, 2224, 2333, 2442, 2551, 2660, 2769, 2878, 2987, 3096, 3205, 3314, 3423, 3532, 3641, 3750, 3859, 3968, 4077, 4186, 4295, 4404, 4513, 4622, 4731, 4840, 4949, 5058, 5167, 5276, 5385, 5494, 5603, 5712, 5821, 5930, 6039, 6148, 6257, 6366, 6475, 6584, 6693, 6802, 6911, 7020, 7085, 7129, 7238, 7347, 7456, 7565, 7674, 7783, 7892, 8001, 8110, 8219, 8328, 8437, 8546, 8655, 8764, 8873, 8982, 9091, 9200, 9309, 9418, 9527, 9636, 9745, 9854, 9963, 10072, 10181, 10290, 10399, 10508, 10617, 10726, 10835, 10944, 11053, 11162, 11271, 11380, 11489, 11598, 11707, 11816)
(45, 154, 263, 372, 481, 590, 699, 808, 917, 1026, 1135, 1244, 1353, 1462, 1571, 1680, 1789, 1898, 2007, 2116, 2225, 2334, 2443, 2552, 2661, 2770, 2879, 2988, 3097, 3206, 3315, 3424, 3533, 3642, 3751, 3860, 3969, 4078, 4187, 4296, 4405, 4514, 4623, 4732, 4841, 4950, 5059, 5168, 5277, 5386, 5495, 5604, 5713, 5822, 5931, 6040, 6149, 6258, 6367, 6476, 6585, 6694, 6803, 6912, 6976, 7021, 7130, 7239, 7348, 7457, 7566, 7675, 7784, 7893, 8002, 8111, 8220, 8329, 8438, 8547, 8656, 8765, 8874, 8983, 9092, 9201, 9310, 9419, 9528, 9637, 9746, 9855, 9964, 10073, 10182, 10291, 10400, 10509, 10618, 10727, 10836, 10945, 11054, 11163, 11272, 11381, 11490, 11599, 11708, 11817)
(46, 155, 264, 373, 482, 591, 700, 809, 918, 1027, 1136, 1245, 1354, 1463, 1572, 1681, 1790, 1899, 2008, 2117, 2226, 2335, 2444, 2553, 2662, 2771, 2880, 2989, 3098, 3207, 3316, 3425, 3534, 3643, 3752, 3861, 3970, 4079, 4188, 4297, 4406, 4515, 4624, 4733, 4842, 4951, 5060, 5169, 5278, 5387, 5496, 5605, 5714, 5823, 5932, 6041, 6150, 6259, 6368, 6477, 6586, 6695, 6804, 6867, 6913, 7022, 7131, 7240, 7349, 7458, 7567, 7676, 7785, 7894, 8003, 8112, 8221, 8330, 8439, 8548, 8657, 8766, 8875, 8984, 9093, 9202, 9311, 9420, 9529, 9638, 9747, 9856, 9965, 10074, 10183, 10292, 10401, 10510, 10619, 10728, 10837, 10946, 11055, 11164, 11273, 11382, 11491, 11600, 11709, 11818)
(47, 156, 265, 374, 483, 592, 701, 810, 919, 1028, 1137, 1246, 1355, 1464, 1573, 1682, 1791, 1900, 2009, 2118, 2227, 2336, 2445, 2554, 2663, 2772, 2881, 2990, 3099, 3208, 3317, 3426, 3535, 3644, 3753, 3862, 3971, 4080, 4189, 4298, 4407, 4516, 4625, 4734, 4843, 4952, 5061, 5170, 5279, 5388, 5497, 5606, 5715, 5824, 5933, 6042, 6151, 6260, 6369, 6478, 6587, 6696, 6758, 6805, 6914, 7023, 7132, 7241, 7350, 7459, 7568, 7677, 7786, 7895, 8004, 8113, 8222, 8331, 8440, 8549, 8658, 8767, 8876, 8985, 9094, 9203, 9312, 9421, 9530, 9639, 9748, 9857, 9966, 10075, 10184, 10293, 10402, 10511, 10620, 10729, 10838, 10947, 11056, 11165, 11274, 11383, 11492, 11601, 11710, 11819)
(48, 157, 266, 375, 484, 593, 702, 811, 920, 1029, 1138, 1247, 1356, 1465, 1574, 1683, 1792, 1901, 2010, 2119, 2228, 2337, 2446, 2555, 2664, 2773, 2882, 2991, 3100, 3209, 3318, 3427, 3536, 3645, 3754, 3863, 3972, 4081, 4190, 4299, 4408, 4517, 4626, 4735, 4844, 4953, 5062, 5171, 5280, 5389, 5498, 5607, 5716, 5825, 5934, 6043, 6152, 6261, 6370, 6479, 6588, 6649, 6697, 6806, 6915, 7024, 7133, 7242, 7351, 7460, 7569, 7678, 7787, 7896, 8005, 8114, 8223, 8332, 8441, 8550, 8659, 8768, 8877, 8986, 9095, 9204, 9313, 9422, 9531, 9640, 9749, 9858, 9967, 10076, 10185, 10294, 10403, 10512, 10621, 10730, 10839, 10948, 11057, 11166, 11275, 11384, 11493, 11602, 11711, 11820)
(49, 158, 267, 376, 485, 594, 703, 812, 921, 1030, 1139, 1248, 1357, 1466, 1575, 1684, 1793, 1902, 2011, 2120, 2229, 2338, 2447, 2556, 2665, 2774, 2883, 2992, 3101, 3210, 3319, 3428, 3537, 3646, 3755, 3864, 3973, 4082, 4191, 4300, 4409, 4518, 4627, 4736, 4845, 4954, 5063, 5172, 5281, 5390, 5499, 5608, 5717, 5826, 5935, 6044, 6153, 6262, 6371, 6480, 6540, 6589, 6698, 6807, 6916, 7025, 7134, 7243, 7352, 7461, 7570, 7679, 7788, 7897, 8006, 8115, 8224, 8333, 8442, 8551, 8660, 8769, 8878, 8987, 9096, 9205, 9314, 9423, 9532, 9641, 9750, 9859, 9968, 10077, 10186, 10295, 10404, 10513, 10622, 10731, 10840, 10949, 11058, 11167, 11276, 11385, 11494, 11603, 11712, 11821)
(50, 159, 268, 377, 486, 595, 704, 813, 922, 1031, 1140, 1249, 1358, 1467, 1576, 1685, 1794, 1903, 2012, 2121, 2230, 2339, 2448, 2557, 2666, 2775, 2884, 2993, 3102, 3211, 3320, 3429, 3538, 3647, 3756, 3865, 3974, 4083, 4192, 4301, 4410, 4519, 4628, 4737, 4846, 4955, 5064, 5173, 5282, 5391, 5500, 5609, 5718, 5827, 5936, 6045, 6154, 6263, 6372, 6431, 6481, 6590, 6699, 6808, 6917, 7026, 7135, 7244, 7353, 7462, 7571, 7680, 7789, 7898, 8007, 8116, 8225, 8334, 8443, 8552, 8661, 8770, 8879, 8988, 9097, 9206, 9315, 9424, 9533, 9642, 9751, 9860, 9969, 10078, 10187, 10296, 10405, 10514, 10623, 10732, 10841, 10950, 11059, 11168, 11277, 11386, 11495, 11604, 11713, 11822)
(51, 160, 269, 378, 487, 596, 705, 814, 923, 1032, 1141, 1250, 1359, 1468, 1577, 1686, 1795, 1904, 2013, 2122, 2231, 2340, 2449, 2558, 2667, 2776, 2885, 2994, 3103, 3212, 3321, 3430, 3539, 3648, 3757, 3866, 3975, 4084, 4193, 4302, 4411, 4520, 4629, 4738, 4847, 4956, 5065, 5174, 5283, 5392, 5501, 5610, 5719, 5828, 5937, 6046, 6155, 6264, 6322, 6373, 6482, 6591, 6700, 6809, 6918, 7027, 7136, 7245, 7354, 7463, 7572, 7681, 7790, 7899, 8008, 8117, 8226, 8335, 8444, 8553, 8662, 8771, 8880, 8989, 9098, 9207, 9316, 9425, 9534, 9643, 9752, 9861, 9970, 10079, 10188, 10297, 10406, 10515, 10624, 10733, 10842, 10951, 11060, 11169, 11278, 11387, 11496, 11605, 11714, 11823)
(52, 161, 270, 379, 488, 597, 706, 815, 924, 1033, 1142, 1251, 1360, 1469, 1578, 1687, 1796, 1905, 2014, 2123, 2232, 2341, 2450, 2559, 2668, 2777, 2886, 2995, 3104, 3213, 3322, 3431, 3540, 3649, 3758, 3867, 3976, 4085, 4194, 4303, 4412, 4521, 4630, 4739, 4848, 4957, 5066, 5175, 5284, 5393, 5502, 5611, 5720, 5829, 5938, 6047, 6156, 6213, 6265, 6374, 6483, 6592, 6701, 6810, 6919, 7028, 7137, 7246, 7355, 7464, 7573, 7682, 7791, 7900, 8009, 8118, 8227, 8336, 8445, 8554, 8663, 8772, 8881, 8990, 9099, 9208, 9317, 9426, 9535, 9644, 9753, 9862, 9971, 10080, 10189, 10298, 10407, 10516, 10625, 10734, 10843, 10952, 11061, 11170, 11279, 11388, 11497, 11606, 11715, 11824)
(53, 162, 271, 380, 489, 598, 707, 816, 925, 1034, 1143, 1252, 1361, 1470, 1579, 1688, 1797, 1906, 2015, 2124, 2233, 2342, 2451, 2560, 2669, 2778, 2887, 2996, 3105, 3214, 3323, 3432, 3541, 3650, 3759, 3868, 3977, 4086, 4195, 4304, 4413, 4522, 4631, 4740, 4849, 4958, 5067, 5176, 5285, 5394, 5503, 5612, 5721, 5830, 5939, 6048, 6104, 6157, 6266, 6375, 6484, 6593, 6702, 6811, 6920, 7029, 7138, 7247, 7356, 7465, 7574, 7683, 7792, 7901, 8010, 8119, 8228, 8337, 8446, 8555, 8664, 8773, 8882, 8991, 9100, 9209, 9318, 9427, 9536, 9645, 9754, 9863, 9972, 10081, 10190, 10299, 10408, 10517, 10626, 10735, 10844, 10953, 11062, 11171, 11280, 11389, 11498, 11607, 11716, 11825)
(54, 163, 272, 381, 490, 599, 708, 817, 926, 1035, 1144, 1253, 1362, 1471, 1580, 1689, 1798, 1907, 2016, 2125, 2234, 2343, 2452, 2561, 2670, 2779, 2888, 2997, 3106, 3215, 3324, 3433, 3542, 3651, 3760, 3869, 3978, 4087, 4196, 4305, 4414, 4523, 4632, 4741, 4850, 4959, 5068, 5177, 5286, 5395, 5504, 5613, 5722, 5831, 5940, 5995, 6049, 6158, 6267, 6376, 6485, 6594, 6703, 6812, 6921, 7030, 7139, 7248, 7357, 7466, 7575, 7684, 7793, 7902, 8011, 8120, 8229, 8338, 8447, 8556, 8665, 8774, 8883, 8992, 9101, 9210, 9319, 9428, 9537, 9646, 9755, 9864, 9973, 10082, 10191, 10300, 10409, 10518, 10627, 10736, 10845, 10954, 11063, 11172, 11281, 11390, 11499, 11608, 11717, 11826)
(55, 164, 273, 382, 491, 600, 709, 818, 927, 1036, 1145, 1254, 1363, 1472, 1581, 1690, 1799, 1908, 2017, 2126, 2235, 2344, 2453, 2562, 2671, 2780, 2889, 2998, 3107, 3216, 3325, 3434, 3543, 3652, 3761, 3870, 3979, 4088, 4197, 4306, 4415, 4524, 4633, 4742, 4851, 4960, 5069, 5178, 5287, 5396, 5505, 5614, 5723, 5832, 5886, 5941, 6050, 6159, 6268, 6377, 6486, 6595, 6704, 6813, 6922, 7031, 7140, 7249, 7358, 7467, 7576, 7685, 7794, 7903, 8012, 8121, 8230, 8339, 8448, 8557, 8666, 8775, 8884, 8993, 9102, 9211, 9320, 9429, 9538, 9647, 9756, 9865, 9974, 10083, 10192, 10301, 10410, 10519, 10628, 10737, 10846, 10955, 11064, 11173, 11282, 11391, 11500, 11609, 11718, 11827)
(56, 165, 274, 383, 492, 601, 710, 819, 928, 1037, 1146, 1255, 1364, 1473, 1582, 1691, 1800, 1909, 2018, 2127, 2236, 2345, 2454, 2563, 2672, 2781, 2890, 2999, 3108, 3217, 3326, 3435, 3544, 3653, 3762, 3871, 3980, 4089, 4198, 4307, 4416, 4525, 4634, 4743, 4852, 4961, 5070, 5179, 5288, 5397, 5506, 5615, 5724, 5777, 5833, 5942, 6051, 6160, 6269, 6378, 6487, 6596, 6705, 6814, 6923, 7032, 7141, 7250, 7359, 7468, 7577, 7686, 7795, 7904, 8013, 8122, 8231, 8340, 8449, 8558, 8667, 8776, 8885, 8994, 9103, 9212, 9321, 9430, 9539, 9648, 9757, 9866, 9975, 10084, 10193, 10302, 10411, 10520, 10629, 10738, 10847, 10956, 11065, 11174, 11283, 11392, 11501, 11610, 11719, 11828)
(57, 166, 275, 384, 493, 602, 711, 820, 929, 1038, 1147, 1256, 1365, 1474, 1583, 1692, 1801, 1910, 2019, 2128, 2237, 2346, 2455, 2564, 2673, 2782, 2891, 3000, 3109, 3218, 3327, 3436, 3545, 3654, 3763, 3872, 3981, 4090, 4199, 4308, 4417, 4526, 4635, 4744, 4853, 4962, 5071, 5180, 5289, 5398, 5507, 5616, 5668, 5725, 5834, 5943, 6052, 6161, 6270, 6379, 6488, 6597, 6706, 6815, 6924, 7033, 7142, 7251, 7360, 7469, 7578, 7687, 7796, 7905, 8014, 8123, 8232, 8341, 8450, 8559, 8668, 8777, 8886, 8995, 9104, 9213, 9322, 9431, 9540, 9649, 9758, 9867, 9976, 10085, 10194, 10303, 10412, 10521, 10630, 10739, 10848, 10957, 11066, 11175, 11284, 11393, 11502, 11611, 11720, 11829)
(58, 167, 276, 385, 494, 603, 712, 821, 930, 1039, 1148, 1257, 1366, 1475, 1584, 1693, 1802, 1911, 2020, 2129, 2238, 2347, 2456, 2565, 2674, 2783, 2892, 3001, 3110, 3219, 3328, 3437, 3546, 3655, 3764, 3873, 3982, 4091, 4200, 4309, 4418, 4527, 4636, 4745, 4854, 4963, 5072, 5181, 5290, 5399, 5508, 5559, 5617, 5726, 5835, 5944, 6053, 6162, 6271, 6380, 6489, 6598, 6707, 6816, 6925, 7034, 7143, 7252, 7361, 7470, 7579, 7688, 7797, 7906, 8015, 8124, 8233, 8342, 8451, 8560, 8669, 8778, 8887, 8996, 9105, 9214, 9323, 9432, 9541, 9650, 9759, 9868, 9977, 10086, 10195, 10304, 10413, 10522, 10631, 10740, 10849, 10958, 11067, 11176, 11285, 11394, 11503, 11612, 11721, 11830)
(59, 168, 277, 386, 495, 604, 713, 822, 931, 1040, 1149, 1258, 1367, 1476, 1585, 1694, 1803, 1912, 2021, 2130, 2239, 2348, 2457, 2566, 2675, 2784, 2893, 3002, 3111, 3220, 3329, 3438, 3547, 3656, 3765, 3874, 3983, 4092, 4201, 4310, 4419, 4528, 4637, 4746, 4855, 4964, 5073, 5182, 5291, 5400, 5450, 5509, 5618, 5727, 5836, 5945, 6054, 6163, 6272, 6381, 6490, 6599, 6708, 6817, 6926, 7035, 7144, 7253, 7362, 7471, 7580, 7689, 7798, 7907, 8016, 8125, 8234, 8343, 8452, 8561, 8670, 8779, 8888, 8997, 9106, 9215, 9324, 9433, 9542, 9651, 9760, 9869, 9978, 10087, 10196, 10305, 10414, 10523, 10632, 10741, 10850, 10959, 11068, 11177, 11286, 11395, 11504, 11613, 11722, 11831)
(60, 169, 278, 387, 496, 605, 714, 823, 932, 1041, 1150, 1259, 1368, 1477, 1586, 1695, 1804, 1913, 2022, 2131, 2240, 2349, 2458, 2567, 2676, 2785, 2894, 3003, 3112, 3221, 3330, 3439, 3548, 3657, 3766, 3875, 3984, 4093, 4202, 4311, 4420, 4529, 4638, 4747, 4856, 4965, 5074, 5183, 5292, 5341, 5401, 5510, 5619, 5728, 5837, 5946, 6055, 6164, 6273, 6382, 6491, 6600, 6709, 6818, 6927, 7036, 7145, 7254, 7363, 7472, 7581, 7690, 7799, 7908, 8017, 8126, 8235, 8344, 8453, 8562, 8671, 8780, 8889, 8998, 9107, 9216, 9325, 9434, 9543, 9652, 9761, 9870, 9979, 10088, 10197, 10306, 10415, 10524, 10633, 10742, 10851, 10960, 11069, 11178, 11287, 11396, 11505, 11614, 11723, 11832)
(61, 170, 279, 388, 497, 606, 715, 824, 933, 1042, 1151, 1260, 1369, 1478, 1587, 1696, 1805, 1914, 2023, 2132, 2241, 2350, 2459, 2568, 2677, 2786, 2895, 3004, 3113, 3222, 3331, 3440, 3549, 3658, 3767, 3876, 3985, 4094, 4203, 4312, 4421, 4530, 4639, 4748, 4857, 4966, 5075, 5184, 5232, 5293, 5402, 5511, 5620, 5729, 5838, 5947, 6056, 6165, 6274, 6383, 6492, 6601, 6710, 6819, 6928, 7037, 7146, 7255, 7364, 7473, 7582, 7691, 7800, 7909, 8018, 8127, 8236, 8345, 8454, 8563, 8672, 8781, 8890, 8999, 9108, 9217, 9326, 9435, 9544, 9653, 9762, 9871, 9980, 10089, 10198, 10307, 10416, 10525, 10634, 10743, 10852, 10961, 11070, 11179, 11288, 11397, 11506, 11615, 11724, 11833)
(62, 171, 280, 389, 498, 607, 716, 825, 934, 1043, 1152, 1261, 1370, 1479, 1588, 1697, 1806, 1915, 2024, 2133, 2242, 2351, 2460, 2569, 2678, 2787, 2896, 3005, 3114, 3223, 3332, 3441, 3550, 3659, 3768, 3877, 3986, 4095, 4204, 4313, 4422, 4531, 4640, 4749, 4858, 4967, 5076, 5123, 5185, 5294, 5403, 5512, 5621, 5730, 5839, 5948, 6057, 6166, 6275, 6384, 6493, 6602, 6711, 6820, 6929, 7038, 7147, 7256, 7365, 7474, 7583, 7692, 7801, 7910, 8019, 8128, 8237, 8346, 8455, 8564, 8673, 8782, 8891, 9000, 9109, 9218, 9327, 9436, 9545, 9654, 9763, 9872, 9981, 10090, 10199, 10308, 10417, 10526, 10635, 10744, 10853, 10962, 11071, 11180, 11289, 11398, 11507, 11616, 11725, 11834)
(63, 172, 281, 390, 499, 608, 717, 826, 935, 1044, 1153, 1262, 1371, 1480, 1589, 1698, 1807, 1916, 2025, 2134, 2243, 2352, 2461, 2570, 2679, 2788, 2897, 3006, 3115, 3224, 3333, 3442, 3551, 3660, 3769, 3878, 3987, 4096, 4205, 4314, 4423, 4532, 4641, 4750, 4859, 4968, 5014, 5077, 5186, 5295, 5404, 5513, 5622, 5731, 5840, 5949, 6058, 6167, 6276, 6385, 6494, 6603, 6712, 6821, 6930, 7039, 7148, 7257, 7366, 7475, 7584, 7693, 7802, 7911, 8020, 8129, 8238, 8347, 8456, 8565, 8674, 8783, 8892, 9001, 9110, 9219, 9328, 9437, 9546, 9655, 9764, 9873, 9982, 10091, 10200, 10309, 10418, 10527, 10636, 10745, 10854, 10963, 11072, 11181, 11290, 11399, 11508, 11617, 11726, 11835)
(64, 173, 282, 391, 500, 609, 718, 827, 936, 1045, 1154, 1263, 1372, 1481, 1590, 1699, 1808, 1917, 2026, 2135, 2244, 2353, 2462, 2571, 2680, 2789, 2898, 3007, 3116, 3225, 3334, 3443, 3552, 3661, 3770, 3879, 3988, 4097, 4206, 4315, 4424, 4533, 4642, 4751, 4860, 4905, 4969, 5078, 5187, 5296, 5405, 5514, 5623, 5732, 5841, 5950, 6059, 6168, 6277, 6386, 6495, 6604, 6713, 6822, 6931, 7040, 7149, 7258, 7367, 7476, 7585, 7694, 7803, 7912, 8021, 8130, 8239, 8348, 8457, 8566, 8675, 8784, 8893, 9002, 9111, 9220, 9329, 9438, 9547, 9656, 9765, 9874, 9983, 10092, 10201, 10310, 10419, 10528, 10637, 10746, 10855, 10964, 11073, 11182, 11291, 11400, 11509, 11618, 11727, 11836)
(65, 174, 283, 392, 501, 610, 719, 828, 937, 1046, 1155, 1264, 1373, 1482, 1591, 1700, 1809, 1918, 2027, 2136, 2245, 2354, 2463, 2572, 2681, 2790, 2899, 3008, 3117, 3226, 3335, 3444, 3553, 3662, 3771, 3880, 3989, 4098, 4207, 4316, 4425, 4534, 4643, 4752, 4796, 4861, 4970, 5079, 5188, 5297, 5406, 5515, 5624, 5733, 5842, 5951, 6060, 6169, 6278, 6387, 6496, 6605, 6714, 6823, 6932, 7041, 7150, 7259, 7368, 7477, 7586, 7695, 7804, 7913, 8022, 8131, 8240, 8349, 8458, 8567, 8676, 8785, 8894, 9003, 9112, 9221, 9330, 9439, 9548, 9657, 9766, 9875, 9984, 10093, 10202, 10311, 10420, 10529, 10638, 10747, 10856, 10965, 11074, 11183, 11292, 11401, 11510, 11619, 11728, 11837)
(66, 175, 284, 393, 502, 611, 720, 829, 938, 1047, 1156, 1265, 1374, 1483, 1592, 1701, 1810, 1919, 2028, 2137, 2246, 2355, 2464, 2573, 2682, 2791, 2900, 3009, 3118, 3227, 3336, 3445, 3554, 3663, 3772, 3881, 3990, 4099, 4208, 4317, 4426, 4535, 4644, 4687, 4753, 4862, 4971, 5080, 5189, 5298, 5407, 5516, 5625, 5734, 5843, 5952, 6061, 6170, 6279, 6388, 6497, 6606, 6715, 6824, 6933, 7042, 7151, 7260, 7369, 7478, 7587, 7696, 7805, 7914, 8023, 8132, 8241, 8350, 8459, 8568, 8677, 8786, 8895, 9004, 9113, 9222, 9331, 9440, 9549, 9658, 9767, 9876, 9985, 10094, 10203, 10312, 10421, 10530, 10639, 10748, 10857, 10966, 11075, 11184, 11293, 11402, 11511, 11620, 11729, 11838)
(67, 176, 285, 394, 503, 612, 721, 830, 939, 1048, 1157, 1266, 1375, 1484, 1593, 1702, 1811, 1920, 2029, 2138, 2247, 2356, 2465, 2574, 2683, 2792, 2901, 3010, 3119, 3228, 3337, 3446, 3555, 3664, 3773, 3882, 3991, 4100, 4209, 4318, 4427, 4536, 4578, 4645, 4754, 4863, 4972, 5081, 5190, 5299, 5408, 5517, 5626, 5735, 5844, 5953, 6062, 6171, 6280, 6389, 6498, 6607, 6716, 6825, 6934, 7043, 7152, 7261, 7370, 7479, 7588, 7697, 7806, 7915, 8024, 8133, 8242, 8351, 8460, 8569, 8678, 8787, 8896, 9005, 9114, 9223, 9332, 9441, 9550, 9659, 9768, 9877, 9986, 10095, 10204, 10313, 10422, 10531, 10640, 10749, 10858, 10967, 11076, 11185, 11294, 11403, 11512, 11621, 11730, 11839)
(68, 177, 286, 395, 504, 613, 722, 831, 940, 1049, 1158, 1267, 1376, 1485, 1594, 1703, 1812, 1921, 2030, 2139, 2248, 2357, 2466, 2575, 2684, 2793, 2902, 3011, 3120, 3229, 3338, 3447, 3556, 3665, 3774, 3883, 3992, 4101, 4210, 4319, 4428, 4469, 4537, 4646, 4755, 4864, 4973, 5082, 5191, 5300, 5409, 5518, 5627, 5736, 5845, 5954, 6063, 6172, 6281, 6390, 6499, 6608, 6717, 6826, 6935, 7044, 7153, 7262, 7371, 7480, 7589, 7698, 7807, 7916, 8025, 8134, 8243, 8352, 8461, 8570, 8679, 8788, 8897, 9006, 9115, 9224, 9333, 9442, 9551, 9660, 9769, 9878, 9987, 10096, 10205, 10314, 10423, 10532, 10641, 10750, 10859, 10968, 11077, 11186, 11295, 11404, 11513, 11622, 11731, 11840)
(69, 178, 287, 396, 505, 614, 723, 832, 941, 1050, 1159, 1268, 1377, 1486, 1595, 1704, 1813, 1922, 2031, 2140, 2249, 2358, 2467, 2576, 2685, 2794, 2903, 3012, 3121, 3230, 3339, 3448, 3557, 3666, 3775, 3884, 3993, 4102, 4211, 4320, 4360, 4429, 4538, 4647, 4756, 4865, 4974, 5083, 5192, 5301, 5410, 5519, 5628, 5737, 5846, 5955, 6064, 6173, 6282, 6391, 6500, 6609, 6718, 6827, 6936, 7045, 7154, 7263, 7372, 7481, 7590, 7699, 7808, 7917, 8026, 8135, 8244, 8353, 8462, 8571, 8680, 8789, 8898, 9007, 9116, 9225, 9334, 9443, 9552, 9661, 9770, 9879, 9988, 10097, 10206, 10315, 10424, 10533, 10642, 10751, 10860, 10969, 11078, 11187, 11296, 11405, 11514, 11623, 11732, 11841)
(70, 179, 288, 397, 506, 615, 724, 833, 942, 1051, 1160, 1269, 1378, 1487, 1596, 1705, 1814, 1923, 2032, 2141, 2250, 2359, 2468, 2577, 2686, 2795, 2904, 3013, 3122, 3231, 3340, 3449, 3558, 3667, 3776, 3885, 3994, 4103, 4212, 4251, 4321, 4430, 4539, 4648, 4757, 4866, 4975, 5084, 5193, 5302, 5411, 5520, 5629, 5738, 5847, 5956, 6065, 6174, 6283, 6392, 6501, 6610, 6719, 6828, 6937, 7046, 7155, 7264, 7373, 7482, 7591, 7700, 7809, 7918, 8027, 8136, 8245, 8354, 8463, 8572, 8681, 8790, 8899, 9008, 9117, 9226, 9335, 9444, 9553, 9662, 9771, 9880, 9989, 10098, 10207, 10316, 10425, 10534, 10643, 10752, 10861, 10970, 11079, 11188, 11297, 11406, 11515, 11624, 11733, 11842)
(71, 180, 289, 398, 507, 616, 725, 834, 943, 1052, 1161, 1270, 1379, 1488, 1597, 1706, 1815, 1924, 2033, 2142, 2251, 2360, 2469, 2578, 2687, 2796, 2905, 3014, 3123, 3232, 3341, 3450, 3559, 3668, 3777, 3886, 3995, 4104, 4142, 4213, 4322, 4431, 4540, 4649, 4758, 4867, 4976, 5085, 5194, 5303, 5412, 5521, 5630, 5739, 5848, 5957, 6066, 6175, 6284, 6393, 6502, 6611, 6720, 6829, 6938, 7047, 7156, 7265, 7374, 7483, 7592, 7701, 7810, 7919, 8028, 8137, 8246, 8355, 8464, 8573, 8682, 8791, 8900, 9009, 9118, 9227, 9336, 9445, 9554, 9663, 9772, 9881, 9990, 10099, 10208, 10317, 10426, 10535, 10644, 10753, 10862, 10971, 11080, 11189, 11298, 11407, 11516, 11625, 11734, 11843)
(72, 181, 290, 399, 508, 617, 726, 835, 944, 1053, 1162, 1271, 1380, 1489, 1598, 1707, 1816, 1925, 2034, 2143, 2252, 2361, 2470, 2579, 2688, 2797, 2906, 3015, 3124, 3233, 3342, 3451, 3560, 3669, 3778, 3887, 3996, 4033, 4105, 4214, 4323, 4432, 4541, 4650, 4759, 4868, 4977, 5086, 5195, 5304, 5413, 5522, 5631, 5740, 5849, 5958, 6067, 6176, 6285, 6394, 6503, 6612, 6721, 6830, 6939, 7048, 7157, 7266, 7375, 7484, 7593, 7702, 7811, 7920, 8029, 8138, 8247, 8356, 8465, 8574, 8683, 8792, 8901, 9010, 9119, 9228, 9337, 9446, 9555, 9664, 9773, 9882, 9991, 10100, 10209, 10318, 10427, 10536, 10645, 10754, 10863, 10972, 11081, 11190, 11299, 11408, 11517, 11626, 11735, 11844)
(73, 182, 291, 400, 509, 618, 727, 836, 945, 1054, 1163, 1272, 1381, 1490, 1599, 1708, 1817, 1926, 2035, 2144, 2253, 2362, 2471, 2580, 2689, 2798, 2907, 3016, 3125, 3234, 3343, 3452, 3561, 3670, 3779, 3888, 3924, 3997, 4106, 4215, 4324, 4433, 4542, 4651, 4760, 4869, 4978, 5087, 5196, 5305, 5414, 5523, 5632, 5741, 5850, 5959, 6068, 6177, 6286, 6395, 6504, 6613, 6722, 6831, 6940, 7049, 7158, 7267, 7376, 7485, 7594, 7703, 7812, 7921, 8030, 8139, 8248, 8357, 8466, 8575, 8684, 8793, 8902, 9011, 9120, 9229, 9338, 9447, 9556, 9665, 9774, 9883, 9992, 10101, 10210, 10319, 10428, 10537, 10646, 10755, 10864, 10973, 11082, 11191, 11300, 11409, 11518, 11627, 11736, 11845)
(74, 183, 292, 401, 510, 619, 728, 837, 946, 1055, 1164, 1273, 1382, 1491, 1600, 1709, 1818, 1927, 2036, 2145, 2254, 2363, 2472, 2581, 2690, 2799, 2908, 3017, 3126, 3235, 3344, 3453, 3562, 3671, 3780, 3815, 3889, 3998, 4107, 4216, 4325, 4434, 4543, 4652, 4761, 4870, 4979, 5088, 5197, 5306, 5415, 5524, 5633, 5742, 5851, 5960, 6069, 6178, 6287, 6396, 6505, 6614, 6723, 6832, 6941, 7050, 7159, 7268, 7377, 7486, 7595, 7704, 7813, 7922, 8031, 8140, 8249, 8358, 8467, 8576, 8685, 8794, 8903, 9012, 9121, 9230, 9339, 9448, 9557, 9666, 9775, 9884, 9993, 10102, 10211, 10320, 10429, 10538, 10647, 10756, 10865, 10974, 11083, 11192, 11301, 11410, 11519, 11628, 11737, 11846)
(75, 184, 293, 402, 511, 620, 729, 838, 947, 1056, 1165, 1274, 1383, 1492, 1601, 1710, 1819, 1928, 2037, 2146, 2255, 2364, 2473, 2582, 2691, 2800, 2909, 3018, 3127, 3236, 3345, 3454, 3563, 3672, 3706, 3781, 3890, 3999, 4108, 4217, 4326, 4435, 4544, 4653, 4762, 4871, 4980, 5089, 5198, 5307, 5416, 5525, 5634, 5743, 5852, 5961, 6070, 6179, 6288, 6397, 6506, 6615, 6724, 6833, 6942, 7051, 7160, 7269, 7378, 7487, 7596, 7705, 7814, 7923, 8032, 8141, 8250, 8359, 8468, 8577, 8686, 8795, 8904, 9013, 9122, 9231, 9340, 9449, 9558, 9667, 9776, 9885, 9994, 10103, 10212, 10321, 10430, 10539, 10648, 10757, 10866, 10975, 11084, 11193, 11302, 11411, 11520, 11629, 11738, 11847)
(76, 185, 294, 403, 512, 621, 730, 839, 948, 1057, 1166, 1275, 1384, 1493, 1602, 1711, 1820, 1929, 2038, 2147, 2256, 2365, 2474, 2583, 2692, 2801, 2910, 3019, 3128, 3237, 3346, 3455, 3564, 3597, 3673, 3782, 3891, 4000, 4109, 4218, 4327, 4436, 4545, 4654, 4763, 4872, 4981, 5090, 5199, 5308, 5417, 5526, 5635, 5744, 5853, 5962, 6071, 6180, 6289, 6398, 6507, 6616, 6725, 6834, 6943, 7052, 7161, 7270, 7379, 7488, 7597, 7706, 7815, 7924, 8033, 8142, 8251, 8360, 8469, 8578, 8687, 8796, 8905, 9014, 9123, 9232, 9341, 9450, 9559, 9668, 9777, 9886, 9995, 10104, 10213, 10322, 10431, 10540, 10649, 10758, 10867, 10976, 11085, 11194, 11303, 11412, 11521, 11630, 11739, 11848)
(77, 186, 295, 404, 513, 622, 731, 840, 949, 1058, 1167, 1276, 1385, 1494, 1603, 1712, 1821, 1930, 2039, 2148, 2257, 2366, 2475, 2584, 2693, 2802, 2911, 3020, 3129, 3238, 3347, 3456, 3488, 3565, 3674, 3783, 3892, 4001, 4110, 4219, 4328, 4437, 4546, 4655, 4764, 4873, 4982, 5091, 5200, 5309, 5418, 5527, 5636, 5745, 5854, 5963, 6072, 6181, 6290, 6399, 6508, 6617, 6726, 6835, 6944, 7053, 7162, 7271, 7380, 7489, 7598, 7707, 7816, 7925, 8034, 8143, 8252, 8361, 8470, 8579, 8688, 8797, 8906, 9015, 9124, 9233, 9342, 9451, 9560, 9669, 9778, 9887, 9996, 10105, 10214, 10323, 10432, 10541, 10650, 10759, 10868, 10977, 11086, 11195, 11304, 11413, 11522, 11631, 11740, 11849)
(78, 187, 296, 405, 514, 623, 732, 841, 950, 1059, 1168, 1277, 1386, 1495, 1604, 1713, 1822, 1931, 2040, 2149, 2258, 2367, 2476, 2585, 2694, 2803, 2912, 3021, 3130, 3239, 3348, 3379, 3457, 3566, 3675, 3784, 3893, 4002, 4111, 4220, 4329, 4438, 4547, 4656, 4765, 4874, 4983, 5092, 5201, 5310, 5419, 5528, 5637, 5746, 5855, 5964, 6073, 6182, 6291, 6400, 6509, 6618, 6727, 6836, 6945, 7054, 7163, 7272, 7381, 7490, 7599, 7708, 7817, 7926, 8035, 8144, 8253, 8362, 8471, 8580, 8689, 8798, 8907, 9016, 9125, 9234, 9343, 9452, 9561, 9670, 9779, 9888, 9997, 10106, 10215, 10324, 10433, 10542, 10651, 10760, 10869, 10978, 11087, 11196, 11305, 11414, 11523, 11632, 11741, 11850)
(79, 188, 297, 406, 515, 624, 733, 842, 951, 1060, 1169, 1278, 1387, 1496, 1605, 1714, 1823, 1932, 2041, 2150, 2259, 2368, 2477, 2586, 2695, 2804, 2913, 3022, 3131, 3240, 3270, 3349, 3458, 3567, 3676, 3785, 3894, 4003, 4112, 4221, 4330, 4439, 4548, 4657, 4766, 4875, 4984, 5093, 5202, 5311, 5420, 5529, 5638, 5747, 5856, 5965, 6074, 6183, 6292, 6401, 6510, 6619, 6728, 6837, 6946, 7055, 7164, 7273, 7382, 7491, 7600, 7709, 7818, 7927, 8036, 8145, 8254, 8363, 8472, 8581, 8690, 8799, 8908, 9017, 9126, 9235, 9344, 9453, 9562, 9671, 9780, 9889, 9998, 10107, 10216, 10325, 10434, 10543, 10652, 10761, 10870, 10979, 11088, 11197, 11306, 11415, 11524, 11633, 11742, 11851)
(80, 189, 298, 407, 516, 625, 734, 843, 952, 1061, 1170, 1279, 1388, 1497, 1606, 1715, 1824, 1933, 2042, 2151, 2260, 2369, 2478, 2587, 2696, 2805, 2914, 3023, 3132, 3161, 3241, 3350, 3459, 3568, 3677, 3786, 3895, 4004, 4113, 4222, 4331, 4440, 4549, 4658, 4767, 4876, 4985, 5094, 5203, 5312, 5421, 5530, 5639, 5748, 5857, 5966, 6075, 6184, 6293, 6402, 6511, 6620, 6729, 6838, 6947, 7056, 7165, 7274, 7383, 7492, 7601, 7710, 7819, 7928, 8037, 8146, 8255, 8364, 8473, 8582, 8691, 8800, 8909, 9018, 9127, 9236, 9345, 9454, 9563, 9672, 9781, 9890, 9999, 10108, 10217, 10326, 10435, 10544, 10653, 10762, 10871, 10980, 11089, 11198, 11307, 11416, 11525, 11634, 11743, 11852)
(81, 190, 299, 408, 517, 626, 735, 844, 953, 1062, 1171, 1280, 1389, 1498, 1607, 1716, 1825, 1934, 2043, 2152, 2261, 2370, 2479, 2588, 2697, 2806, 2915, 3024, 3052, 3133, 3242, 3351, 3460, 3569, 3678, 3787, 3896, 4005, 4114, 4223, 4332, 4441, 4550, 4659, 4768, 4877, 4986, 5095, 5204, 5313, 5422, 5531, 5640, 5749, 5858, 5967, 6076, 6185, 6294, 6403, 6512, 6621, 6730, 6839, 6948, 7057, 7166, 7275, 7384, 7493, 7602, 7711, 7820, 7929, 8038, 8147, 8256, 8365, 8474, 8583, 8692, 8801, 8910, 9019, 9128, 9237, 9346, 9455, 9564, 9673, 9782, 9891, 10000, 10109, 10218, 10327, 10436, 10545, 10654, 10763, 10872, 10981, 11090, 11199, 11308, 11417, 11526, 11635, 11744, 11853)
(82, 191, 300, 409, 518, 627, 736, 845, 954, 1063, 1172, 1281, 1390, 1499, 1608, 1717, 1826, 1935, 2044, 2153, 2262, 2371, 2480, 2589, 2698, 2807, 2916, 2943, 3025, 3134, 3243, 3352, 3461, 3570, 3679, 3788, 3897, 4006, 4115, 4224, 4333, 4442, 4551, 4660, 4769, 4878, 4987, 5096, 5205, 5314, 5423, 5532, 5641, 5750, 5859, 5968, 6077, 6186, 6295, 6404, 6513, 6622, 6731, 6840, 6949, 7058, 7167, 7276, 7385, 7494, 7603, 7712, 7821, 7930, 8039, 8148, 8257, 8366, 8475, 8584, 8693, 8802, 8911, 9020, 9129, 9238, 9347, 9456, 9565, 9674, 9783, 9892, 10001, 10110, 10219, 10328, 10437, 10546, 10655, 10764, 10873, 10982, 11091, 11200, 11309, 11418, 11527, 11636, 11745, 11854)
(83, 192, 301, 410, 519, 628, 737, 846, 955, 1064, 1173, 1282, 1391, 1500, 1609, 1718, 1827, 1936, 2045, 2154, 2263, 2372, 2481, 2590, 2699, 2808, 2834, 2917, 3026, 3135, 3244, 3353, 3462, 3571, 3680, 3789, 3898, 4007, 4116, 4225, 4334, 4443, 4552, 4661, 4770, 4879, 4988, 5097, 5206, 5315, 5424, 5533, 5642, 5751, 5860, 5969, 6078, 6187, 6296, 6405, 6514, 6623, 6732, 6841, 6950, 7059, 7168, 7277, 7386, 7495, 7604, 7713, 7822, 7931, 8040, 8149, 8258, 8367, 8476, 8585, 8694, 8803, 8912, 9021, 9130, 9239, 9348, 9457, 9566, 9675, 9784, 9893, 10002, 10111, 10220, 10329, 10438, 10547, 10656, 10765, 10874, 10983, 11092, 11201, 11310, 11419, 11528, 11637, 11746, 11855)
(84, 193, 302, 411, 520, 629, 738, 847, 956, 1065, 1174, 1283, 1392, 1501, 1610, 1719, 1828, 1937, 2046, 2155, 2264, 2373, 2482, 2591, 2700, 2725, 2809, 2918, 3027, 3136, 3245, 3354, 3463, 3572, 3681, 3790, 3899, 4008, 4117, 4226, 4335, 4444, 4553, 4662, 4771, 4880, 4989, 5098, 5207, 5316, 5425, 5534, 5643, 5752, 5861, 5970, 6079, 6188, 6297, 6406, 6515, 6624, 6733, 6842, 6951, 7060, 7169, 7278, 7387, 7496, 7605, 7714, 7823, 7932, 8041, 8150, 8259, 8368, 8477, 8586, 8695, 8804, 8913, 9022, 9131, 9240, 9349, 9458, 9567, 9676, 9785, 9894, 10003, 10112, 10221, 10330, 10439, 10548, 10657, 10766, 10875, 10984, 11093, 11202, 11311, 11420, 11529, 11638, 11747, 11856)
(85, 194, 303, 412, 521, 630, 739, 848, 957, 1066, 1175, 1284, 1393, 1502, 1611, 1720, 1829, 1938, 2047, 2156, 2265, 2374, 2483, 2592, 2616, 2701, 2810, 2919, 3028, 3137, 3246, 3355, 3464, 3573, 3682, 3791, 3900, 4009, 4118, 4227, 4336, 4445, 4554, 4663, 4772, 4881, 4990, 5099, 5208, 5317, 5426, 5535, 5644, 5753, 5862, 5971, 6080, 6189, 6298, 6407, 6516, 6625, 6734, 6843, 6952, 7061, 7170, 7279, 7388, 7497, 7606, 7715, 7824, 7933, 8042, 8151, 8260, 8369, 8478, 8587, 8696, 8805, 8914, 9023, 9132, 9241, 9350, 9459, 9568, 9677, 9786, 9895, 10004, 10113, 10222, 10331, 10440, 10549, 10658, 10767, 10876, 10985, 11094, 11203, 11312, 11421, 11530, 11639, 11748, 11857)
(86, 195, 304, 413, 522, 631, 740, 849, 958, 1067, 1176, 1285, 1394, 1503, 1612, 1721, 1830, 1939, 2048, 2157, 2266, 2375, 2484, 2507, 2593, 2702, 2811, 2920, 3029, 3138, 3247, 3356, 3465, 3574, 3683, 3792, 3901, 4010, 4119, 4228, 4337, 4446, 4555, 4664, 4773, 4882, 4991, 5100, 5209, 5318, 5427, 5536, 5645, 5754, 5863, 5972, 6081, 6190, 6299, 6408, 6517, 6626, 6735, 6844, 6953, 7062, 7171, 7280, 7389, 7498, 7607, 7716, 7825, 7934, 8043, 8152, 8261, 8370, 8479, 8588, 8697, 8806, 8915, 9024, 9133, 9242, 9351, 9460, 9569, 9678, 9787, 9896, 10005, 10114, 10223, 10332, 10441, 10550, 10659, 10768, 10877, 10986, 11095, 11204, 11313, 11422, 11531, 11640, 11749, 11858)
(87, 196, 305, 414, 523, 632, 741, 850, 959, 1068, 1177, 1286, 1395, 1504, 1613, 1722, 1831, 1940, 2049, 2158, 2267, 2376, 2398, 2485, 2594, 2703, 2812, 2921, 3030, 3139, 3248, 3357, 3466, 3575, 3684, 3793, 3902, 4011, 4120, 4229, 4338, 4447, 4556, 4665, 4774, 4883, 4992, 5101, 5210, 5319, 5428, 5537, 5646, 5755, 5864, 5973, 6082, 6191, 6300, 6409, 6518, 6627, 6736, 6845, 6954, 7063, 7172, 7281, 7390, 7499, 7608, 7717, 7826, 7935, 8044, 8153, 8262, 8371, 8480, 8589, 8698, 8807, 8916, 9025, 9134, 9243, 9352, 9461, 9570, 9679, 9788, 9897, 10006, 10115, 10224, 10333, 10442, 10551, 10660, 10769, 10878, 10987, 11096, 11205, 11314, 11423, 11532, 11641, 11750, 11859)
(88, 197, 306, 415, 524, 633, 742, 851, 960, 1069, 1178, 1287, 1396, 1505, 1614, 1723, 1832, 1941, 2050, 2159, 2268, 2289, 2377, 2486, 2595, 2704, 2813, 2922, 3031, 3140, 3249, 3358, 3467, 3576, 3685, 3794, 3903, 4012, 4121, 4230, 4339, 4448, 4557, 4666, 4775, 4884, 4993, 5102, 5211, 5320, 5429, 5538, 5647, 5756, 5865, 5974, 6083, 6192, 6301, 6410, 6519, 6628, 6737, 6846, 6955, 7064, 7173, 7282, 7391, 7500, 7609, 7718, 7827, 7936, 8045, 8154, 8263, 8372, 8481, 8590, 8699, 8808, 8917, 9026, 9135, 9244, 9353, 9462, 9571, 9680, 9789, 9898, 10007, 10116, 10225, 10334, 10443, 10552, 10661, 10770, 10879, 10988, 11097, 11206, 11315, 11424, 11533, 11642, 11751, 11860)
(89, 198, 307, 416, 525, 634, 743, 852, 961, 1070, 1179, 1288, 1397, 1506, 1615, 1724, 1833, 1942, 2051, 2160, 2180, 2269, 2378, 2487, 2596, 2705, 2814, 2923, 3032, 3141, 3250, 3359, 3468, 3577, 3686, 3795, 3904, 4013, 4122, 4231, 4340, 4449, 4558, 4667, 4776, 4885, 4994, 5103, 5212, 5321, 5430, 5539, 5648, 5757, 5866, 5975, 6084, 6193, 6302, 6411, 6520, 6629, 6738, 6847, 6956, 7065, 7174, 7283, 7392, 7501, 7610, 7719, 7828, 7937, 8046, 8155, 8264, 8373, 8482, 8591, 8700, 8809, 8918, 9027, 9136, 9245, 9354, 9463, 9572, 9681, 9790, 9899, 10008, 10117, 10226, 10335, 10444, 10553, 10662, 10771, 10880, 10989, 11098, 11207, 11316, 11425, 11534, 11643, 11752, 11861)
(90, 199, 308, 417, 526, 635, 744, 853, 962, 1071, 1180, 1289, 1398, 1507, 1616, 1725, 1834, 1943, 2052, 2071, 2161, 2270, 2379, 2488, 2597, 2706, 2815, 2924, 3033, 3142, 3251, 3360, 3469, 3578, 3687, 3796, 3905, 4014, 4123, 4232, 4341, 4450, 4559, 4668, 4777, 4886, 4995, 5104, 5213, 5322, 5431, 5540, 5649, 5758, 5867, 5976, 6085, 6194, 6303, 6412, 6521, 6630, 6739, 6848, 6957, 7066, 7175, 7284, 7393, 7502, 7611, 7720, 7829, 7938, 8047, 8156, 8265, 8374, 8483, 8592, 8701, 8810, 8919, 9028, 9137, 9246, 9355, 9464, 9573, 9682, 9791, 9900, 10009, 10118, 10227, 10336, 10445, 10554, 10663, 10772, 10881, 10990, 11099, 11208, 11317, 11426, 11535, 11644, 11753, 11862)
(91, 200, 309, 418, 527, 636, 745, 854, 963, 1072, 1181, 1290, 1399, 1508, 1617, 1726, 1835, 1944, 1962, 2053, 2162, 2271, 2380, 2489, 2598, 2707, 2816, 2925, 3034, 3143, 3252, 3361, 3470, 3579, 3688, 3797, 3906, 4015, 4124, 4233, 4342, 4451, 4560, 4669, 4778, 4887, 4996, 5105, 5214, 5323, 5432, 5541, 5650, 5759, 5868, 5977, 6086, 6195, 6304, 6413, 6522, 6631, 6740, 6849, 6958, 7067, 7176, 7285, 7394, 7503, 7612, 7721, 7830, 7939, 8048, 8157, 8266, 8375, 8484, 8593, 8702, 8811, 8920, 9029, 9138, 9247, 9356, 9465, 9574, 9683, 9792, 9901, 10010, 10119, 10228, 10337, 10446, 10555, 10664, 10773, 10882, 10991, 11100, 11209, 11318, 11427, 11536, 11645, 11754, 11863)
(92, 201, 310, 419, 528, 637, 746, 855, 964, 1073, 1182, 1291, 1400, 1509, 1618, 1727, 1836, 1853, 1945, 2054, 2163, 2272, 2381, 2490, 2599, 2708, 2817, 2926, 3035, 3144, 3253, 3362, 3471, 3580, 3689, 3798, 3907, 4016, 4125, 4234, 4343, 4452, 4561, 4670, 4779, 4888, 4997, 5106, 5215, 5324, 5433, 5542, 5651, 5760, 5869, 5978, 6087, 6196, 6305, 6414, 6523, 6632, 6741, 6850, 6959, 7068, 7177, 7286, 7395, 7504, 7613, 7722, 7831, 7940, 8049, 8158, 8267, 8376, 8485, 8594, 8703, 8812, 8921, 9030, 9139, 9248, 9357, 9466, 9575, 9684, 9793, 9902, 10011, 10120, 10229, 10338, 10447, 10556, 10665, 10774, 10883, 10992, 11101, 11210, 11319, 11428, 11537, 11646, 11755, 11864)
(93, 202, 311, 420, 529, 638, 747, 856, 965, 1074, 1183, 1292, 1401, 1510, 1619, 1728, 1744, 1837, 1946, 2055, 2164, 2273, 2382, 2491, 2600, 2709, 2818, 2927, 3036, 3145, 3254, 3363, 3472, 3581, 3690, 3799, 3908, 4017, 4126, 4235, 4344, 4453, 4562, 4671, 4780, 4889, 4998, 5107, 5216, 5325, 5434, 5543, 5652, 5761, 5870, 5979, 6088, 6197, 6306, 6415, 6524, 6633, 6742, 6851, 6960, 7069, 7178, 7287, 7396, 7505, 7614, 7723, 7832, 7941, 8050, 8159, 8268, 8377, 8486, 8595, 8704, 8813, 8922, 9031, 9140, 9249, 9358, 9467, 9576, 9685, 9794, 9903, 10012, 10121, 10230, 10339, 10448, 10557, 10666, 10775, 10884, 10993, 11102, 11211, 11320, 11429, 11538, 11647, 11756, 11865)
(94, 203, 312, 421, 530, 639, 748, 857, 966, 1075, 1184, 1293, 1402, 1511, 1620, 1635, 1729, 1838, 1947, 2056, 2165, 2274, 2383, 2492, 2601, 2710, 2819, 2928, 3037, 3146, 3255, 3364, 3473, 3582, 3691, 3800, 3909, 4018, 4127, 4236, 4345, 4454, 4563, 4672, 4781, 4890, 4999, 5108, 5217, 5326, 5435, 5544, 5653, 5762, 5871, 5980, 6089, 6198, 6307, 6416, 6525, 6634, 6743, 6852, 6961, 7070, 7179, 7288, 7397, 7506, 7615, 7724, 7833, 7942, 8051, 8160, 8269, 8378, 8487, 8596, 8705, 8814, 8923, 9032, 9141, 9250, 9359, 9468, 9577, 9686, 9795, 9904, 10013, 10122, 10231, 10340, 10449, 10558, 10667, 10776, 10885, 10994, 11103, 11212, 11321, 11430, 11539, 11648, 11757, 11866)
(95, 204, 313, 422, 531, 640, 749, 858, 967, 1076, 1185, 1294, 1403, 1512, 1526, 1621, 1730, 1839, 1948, 2057, 2166, 2275, 2384, 2493, 2602, 2711, 2820, 2929, 3038, 3147, 3256, 3365, 3474, 3583, 3692, 3801, 3910, 4019, 4128, 4237, 4346, 4455, 4564, 4673, 4782, 4891, 5000, 5109, 5218, 5327, 5436, 5545, 5654, 5763, 5872, 5981, 6090, 6199, 6308, 6417, 6526, 6635, 6744, 6853, 6962, 7071, 7180, 7289, 7398, 7507, 7616, 7725, 7834, 7943, 8052, 8161, 8270, 8379, 8488, 8597, 8706, 8815, 8924, 9033, 9142, 9251, 9360, 9469, 9578, 9687, 9796, 9905, 10014, 10123, 10232, 10341, 10450, 10559, 10668, 10777, 10886, 10995, 11104, 11213, 11322, 11431, 11540, 11649, 11758, 11867)
(96, 205, 314, 423, 532, 641, 750, 859, 968, 1077, 1186, 1295, 1404, 1417, 1513, 1622, 1731, 1840, 1949, 2058, 2167, 2276, 2385, 2494, 2603, 2712, 2821, 2930, 3039, 3148, 3257, 3366, 3475, 3584, 3693, 3802, 3911, 4020, 4129, 4238, 4347, 4456, 4565, 4674, 4783, 4892, 5001, 5110, 5219, 5328, 5437, 5546, 5655, 5764, 5873, 5982, 6091, 6200, 6309, 6418, 6527, 6636, 6745, 6854, 6963, 7072, 7181, 7290, 7399, 7508, 7617, 7726, 7835, 7944, 8053, 8162, 8271, 8380, 8489, 8598, 8707, 8816, 8925, 9034, 9143, 9252, 9361, 9470, 9579, 9688, 9797, 9906, 10015, 10124, 10233, 10342, 10451, 10560, 10669, 10778, 10887, 10996, 11105, 11214, 11323, 11432, 11541, 11650, 11759, 11868)
(97, 206, 315, 424, 533, 642, 751, 860, 969, 1078, 1187, 1296, 1308, 1405, 1514, 1623, 1732, 1841, 1950, 2059, 2168, 2277, 2386, 2495, 2604, 2713, 2822, 2931, 3040, 3149, 3258, 3367, 3476, 3585, 3694, 3803, 3912, 4021, 4130, 4239, 4348, 4457, 4566, 4675, 4784, 4893, 5002, 5111, 5220, 5329, 5438, 5547, 5656, 5765, 5874, 5983, 6092, 6201, 6310, 6419, 6528, 6637, 6746, 6855, 6964, 7073, 7182, 7291, 7400, 7509, 7618, 7727, 7836, 7945, 8054, 8163, 8272, 8381, 8490, 8599, 8708, 8817, 8926, 9035, 9144, 9253, 9362, 9471, 9580, 9689, 9798, 9907, 10016, 10125, 10234, 10343, 10452, 10561, 10670, 10779, 10888, 10997, 11106, 11215, 11324, 11433, 11542, 11651, 11760, 11869)
(98, 207, 316, 425, 534, 643, 752, 861, 970, 1079, 1188, 1199, 1297, 1406, 1515, 1624, 1733, 1842, 1951, 2060, 2169, 2278, 2387, 2496, 2605, 2714, 2823, 2932, 3041, 3150, 3259, 3368, 3477, 3586, 3695, 3804, 3913, 4022, 4131, 4240, 4349, 4458, 4567, 4676, 4785, 4894, 5003, 5112, 5221, 5330, 5439, 5548, 5657, 5766, 5875, 5984, 6093, 6202, 6311, 6420, 6529, 6638, 6747, 6856, 6965, 7074, 7183, 7292, 7401, 7510, 7619, 7728, 7837, 7946, 8055, 8164, 8273, 8382, 8491, 8600, 8709, 8818, 8927, 9036, 9145, 9254, 9363, 9472, 9581, 9690, 9799, 9908, 10017, 10126, 10235, 10344, 10453, 10562, 10671, 10780, 10889, 10998, 11107, 11216, 11325, 11434, 11543, 11652, 11761, 11870)
(99, 208, 317, 426, 535, 644, 753, 862, 971, 1080, 1090, 1189, 1298, 1407, 1516, 1625, 1734, 1843, 1952, 2061, 2170, 2279, 2388, 2497, 2606, 2715, 2824, 2933, 3042, 3151, 3260, 3369, 3478, 3587, 3696, 3805, 3914, 4023, 4132, 4241, 4350, 4459, 4568, 4677, 4786, 4895, 5004, 5113, 5222, 5331, 5440, 5549, 5658, 5767, 5876, 5985, 6094, 6203, 6312, 6421, 6530, 6639, 6748, 6857, 6966, 7075, 7184, 7293, 7402, 7511, 7620, 7729, 7838, 7947, 8056, 8165, 8274, 8383, 8492, 8601, 8710, 8819, 8928, 9037, 9146, 9255, 9364, 9473, 9582, 9691, 9800, 9909, 10018, 10127, 10236, 10345, 10454, 10563, 10672, 10781, 10890, 10999, 11108, 11217, 11326, 11435, 11544, 11653, 11762, 11871)
(100, 209, 318, 427, 536, 645, 754, 863, 972, 981, 1081, 1190, 1299, 1408, 1517, 1626, 1735, 1844, 1953, 2062, 2171, 2280, 2389, 2498, 2607, 2716, 2825, 2934, 3043, 3152, 3261, 3370, 3479, 3588, 3697, 3806, 3915, 4024, 4133, 4242, 4351, 4460, 4569, 4678, 4787, 4896, 5005, 5114, 5223, 5332, 5441, 5550, 5659, 5768, 5877, 5986, 6095, 6204, 6313, 6422, 6531, 6640, 6749, 6858, 6967, 7076, 7185, 7294, 7403, 7512, 7621, 7730, 7839, 7948, 8057, 8166, 8275, 8384, 8493, 8602, 8711, 8820, 8929, 9038, 9147, 9256, 9365, 9474, 9583, 9692, 9801, 9910, 10019, 10128, 10237, 10346, 10455, 10564, 10673, 10782, 10891, 11000, 11109, 11218, 11327, 11436, 11545, 11654, 11763, 11872)
(101, 210, 319, 428, 537, 646, 755, 864, 872, 973, 1082, 1191, 1300, 1409, 1518, 1627, 1736, 1845, 1954, 2063, 2172, 2281, 2390, 2499, 2608, 2717, 2826, 2935, 3044, 3153, 3262, 3371, 3480, 3589, 3698, 3807, 3916, 4025, 4134, 4243, 4352, 4461, 4570, 4679, 4788, 4897, 5006, 5115, 5224, 5333, 5442, 5551, 5660, 5769, 5878, 5987, 6096, 6205, 6314, 6423, 6532, 6641, 6750, 6859, 6968, 7077, 7186, 7295, 7404, 7513, 7622, 7731, 7840, 7949, 8058, 8167, 8276, 8385, 8494, 8603, 8712, 8821, 8930, 9039, 9148, 9257, 9366, 9475, 9584, 9693, 9802, 9911, 10020, 10129, 10238, 10347, 10456, 10565, 10674, 10783, 10892, 11001, 11110, 11219, 11328, 11437, 11546, 11655, 11764, 11873)
(102, 211, 320, 429, 538, 647, 756, 763, 865, 974, 1083, 1192, 1301, 1410, 1519, 1628, 1737, 1846, 1955, 2064, 2173, 2282, 2391, 2500, 2609, 2718, 2827, 2936, 3045, 3154, 3263, 3372, 3481, 3590, 3699, 3808, 3917, 4026, 4135, 4244, 4353, 4462, 4571, 4680, 4789, 4898, 5007, 5116, 5225, 5334, 5443, 5552, 5661, 5770, 5879, 5988, 6097, 6206, 6315, 6424, 6533, 6642, 6751, 6860, 6969, 7078, 7187, 7296, 7405, 7514, 7623, 7732, 7841, 7950, 8059, 8168, 8277, 8386, 8495, 8604, 8713, 8822, 8931, 9040, 9149, 9258, 9367, 9476, 9585, 9694, 9803, 9912, 10021, 10130, 10239, 10348, 10457, 10566, 10675, 10784, 10893, 11002, 11111, 11220, 11329, 11438, 11547, 11656, 11765, 11874)
(103, 212, 321, 430, 539, 648, 654, 757, 866, 975, 1084, 1193, 1302, 1411, 1520, 1629, 1738, 1847, 1956, 2065, 2174, 2283, 2392, 2501, 2610, 2719, 2828, 2937, 3046, 3155, 3264, 3373, 3482, 3591, 3700, 3809, 3918, 4027, 4136, 4245, 4354, 4463, 4572, 4681, 4790, 4899, 5008, 5117, 5226, 5335, 5444, 5553, 5662, 5771, 5880, 5989, 6098, 6207, 6316, 6425, 6534, 6643, 6752, 6861, 6970, 7079, 7188, 7297, 7406, 7515, 7624, 7733, 7842, 7951, 8060, 8169, 8278, 8387, 8496, 8605, 8714, 8823, 8932, 9041, 9150, 9259, 9368, 9477, 9586, 9695, 9804, 9913, 10022, 10131, 10240, 10349, 10458, 10567, 10676, 10785, 10894, 11003, 11112, 11221, 11330, 11439, 11548, 11657, 11766, 11875)
(104, 213, 322, 431, 540, 545, 649, 758, 867, 976, 1085, 1194, 1303, 1412, 1521, 1630, 1739, 1848, 1957, 2066, 2175, 2284, 2393, 2502, 2611, 2720, 2829, 2938, 3047, 3156, 3265, 3374, 3483, 3592, 3701, 3810, 3919, 4028, 4137, 4246, 4355, 4464, 4573, 4682, 4791, 4900, 5009, 5118, 5227, 5336, 5445, 5554, 5663, 5772, 5881, 5990, 6099, 6208, 6317, 6426, 6535, 6644, 6753, 6862, 6971, 7080, 7189, 7298, 7407, 7516, 7625, 7734, 7843, 7952, 8061, 8170, 8279, 8388, 8497, 8606, 8715, 8824, 8933, 9042, 9151, 9260, 9369, 9478, 9587, 9696, 9805, 9914, 10023, 10132, 10241, 10350, 10459, 10568, 10677, 10786, 10895, 11004, 11113, 11222, 11331, 11440, 11549, 11658, 11767, 11876)
(105, 214, 323, 432, 436, 541, 650, 759, 868, 977, 1086, 1195, 1304, 1413, 1522, 1631, 1740, 1849, 1958, 2067, 2176, 2285, 2394, 2503, 2612, 2721, 2830, 2939, 3048, 3157, 3266, 3375, 3484, 3593, 3702, 3811, 3920, 4029, 4138, 4247, 4356, 4465, 4574, 4683, 4792, 4901, 5010, 5119, 5228, 5337, 5446, 5555, 5664, 5773, 5882, 5991, 6100, 6209, 6318, 6427, 6536, 6645, 6754, 6863, 6972, 7081, 7190, 7299, 7408, 7517, 7626, 7735, 7844, 7953, 8062, 8171, 8280, 8389, 8498, 8607, 8716, 8825, 8934, 9043, 9152, 9261, 9370, 9479, 9588, 9697, 9806, 9915, 10024, 10133, 10242, 10351, 10460, 10569, 10678, 10787, 10896, 11005, 11114, 11223, 11332, 11441, 11550, 11659, 11768, 11877)
(106, 215, 324, 327, 433, 542, 651, 760, 869, 978, 1087, 1196, 1305, 1414, 1523, 1632, 1741, 1850, 1959, 2068, 2177, 2286, 2395, 2504, 2613, 2722, 2831, 2940, 3049, 3158, 3267, 3376, 3485, 3594, 3703, 3812, 3921, 4030, 4139, 4248, 4357, 4466, 4575, 4684, 4793, 4902, 5011, 5120, 5229, 5338, 5447, 5556, 5665, 5774, 5883, 5992, 6101, 6210, 6319, 6428, 6537, 6646, 6755, 6864, 6973, 7082, 7191, 7300, 7409, 7518, 7627, 7736, 7845, 7954, 8063, 8172, 8281, 8390, 8499, 8608, 8717, 8826, 8935, 9044, 9153, 9262, 9371, 9480, 9589, 9698, 9807, 9916, 10025, 10134, 10243, 10352, 10461, 10570, 10679, 10788, 10897, 11006, 11115, 11224, 11333, 11442, 11551, 11660, 11769, 11878)
(107, 216, 218, 325, 434, 543, 652, 761, 870, 979, 1088, 1197, 1306, 1415, 1524, 1633, 1742, 1851, 1960, 2069, 2178, 2287, 2396, 2505, 2614, 2723, 2832, 2941, 3050, 3159, 3268, 3377, 3486, 3595, 3704, 3813, 3922, 4031, 4140, 4249, 4358, 4467, 4576, 4685, 4794, 4903, 5012, 5121, 5230, 5339, 5448, 5557, 5666, 5775, 5884, 5993, 6102, 6211, 6320, 6429, 6538, 6647, 6756, 6865, 6974, 7083, 7192, 7301, 7410, 7519, 7628, 7737, 7846, 7955, 8064, 8173, 8282, 8391, 8500, 8609, 8718, 8827, 8936, 9045, 9154, 9263, 9372, 9481, 9590, 9699, 9808, 9917, 10026, 10135, 10244, 10353, 10462, 10571, 10680, 10789, 10898, 11007, 11116, 11225, 11334, 11443, 11552, 11661, 11770, 11879)
(108, 109, 217, 326, 435, 544, 653, 762, 871, 980, 1089, 1198, 1307, 1416, 1525, 1634, 1743, 1852, 1961, 2070, 2179, 2288, 2397, 2506, 2615, 2724, 2833, 2942, 3051, 3160, 3269, 3378, 3487, 3596, 3705, 3814, 3923, 4032, 4141, 4250, 4359, 4468, 4577, 4686, 4795, 4904, 5013, 5122, 5231, 5340, 5449, 5558, 5667, 5776, 5885, 5994, 6103, 6212, 6321, 6430, 6539, 6648, 6757, 6866, 6975, 7084, 7193, 7302, 7411, 7520, 7629, 7738, 7847, 7956, 8065, 8174, 8283, 8392, 8501, 8610, 8719, 8828, 8937, 9046, 9155, 9264, 9373, 9482, 9591, 9700, 9809, 9918, 10027, 10136, 10245, 10354, 10463, 10572, 10681, 10790, 10899, 11008, 11117, 11226, 11335, 11444, 11553, 11662, 11771, 11880)
