For m = 5041 and d = 36
The program took 0.0019927024841308594 seconds to complete. 
The number of indecomposable tuple(s) is: 70

The indecomposable tuples are:
(1, 72, 143, 214, 285, 356, 427, 498, 569, 640, 711, 782, 853, 924, 995, 1066, 1137, 1208, 1279, 1350, 1421, 1492, 1563, 1634, 1705, 1776, 1847, 1918, 1989, 2060, 2131, 2202, 2273, 2344, 2415, 2486, 2557, 2628, 2699, 2770, 2841, 2912, 2983, 3054, 3125, 3196, 3267, 3338, 3409, 3480, 3551, 3622, 3693, 3764, 3835, 3906, 3977, 4048, 4119, 4190, 4261, 4332, 4403, 4474, 4545, 4616, 4687, 4758, 4829, 4900, 4970, 4971)
(2, 73, 144, 215, 286, 357, 428, 499, 570, 641, 712, 783, 854, 925, 996, 1067, 1138, 1209, 1280, 1351, 1422, 1493, 1564, 1635, 1706, 1777, 1848, 1919, 1990, 2061, 2132, 2203, 2274, 2345, 2416, 2487, 2558, 2629, 2700, 2771, 2842, 2913, 2984, 3055, 3126, 3197, 3268, 3339, 3410, 3481, 3552, 3623, 3694, 3765, 3836, 3907, 3978, 4049, 4120, 4191, 4262, 4333, 4404, 4475, 4546, 4617, 4688, 4759, 4830, 4899, 4901, 4972)
(3, 74, 145, 216, 287, 358, 429, 500, 571, 642, 713, 784, 855, 926, 997, 1068, 1139, 1210, 1281, 1352, 1423, 1494, 1565, 1636, 1707, 1778, 1849, 1920, 1991, 2062, 2133, 2204, 2275, 2346, 2417, 2488, 2559, 2630, 2701, 2772, 2843, 2914, 2985, 3056, 3127, 3198, 3269, 3340, 3411, 3482, 3553, 3624, 3695, 3766, 3837, 3908, 3979, 4050, 4121, 4192, 4263, 4334, 4405, 4476, 4547, 4618, 4689, 4760, 4828, 4831, 4902, 4973)
(4, 75, 146, 217, 288, 359, 430, 501, 572, 643, 714, 785, 856, 927, 998, 1069, 1140, 1211, 1282, 1353, 1424, 1495, 1566, 1637, 1708, 1779, 1850, 1921, 1992, 2063, 2134, 2205, 2276, 2347, 2418, 2489, 2560, 2631, 2702, 2773, 2844, 2915, 2986, 3057, 3128, 3199, 3270, 3341, 3412, 3483, 3554, 3625, 3696, 3767, 3838, 3909, 3980, 4051, 4122, 4193, 4264, 4335, 4406, 4477, 4548, 4619, 4690, 4757, 4761, 4832, 4903, 4974)
(5, 76, 147, 218, 289, 360, 431, 502, 573, 644, 715, 786, 857, 928, 999, 1070, 1141, 1212, 1283, 1354, 1425, 1496, 1567, 1638, 1709, 1780, 1851, 1922, 1993, 2064, 2135, 2206, 2277, 2348, 2419, 2490, 2561, 2632, 2703, 2774, 2845, 2916, 2987, 3058, 3129, 3200, 3271, 3342, 3413, 3484, 3555, 3626, 3697, 3768, 3839, 3910, 3981, 4052, 4123, 4194, 4265, 4336, 4407, 4478, 4549, 4620, 4686, 4691, 4762, 4833, 4904, 4975)
(6, 77, 148, 219, 290, 361, 432, 503, 574, 645, 716, 787, 858, 929, 1000, 1071, 1142, 1213, 1284, 1355, 1426, 1497, 1568, 1639, 1710, 1781, 1852, 1923, 1994, 2065, 2136, 2207, 2278, 2349, 2420, 2491, 2562, 2633, 2704, 2775, 2846, 2917, 2988, 3059, 3130, 3201, 3272, 3343, 3414, 3485, 3556, 3627, 3698, 3769, 3840, 3911, 3982, 4053, 4124, 4195, 4266, 4337, 4408, 4479, 4550, 4615, 4621, 4692, 4763, 4834, 4905, 4976)
(7, 78, 149, 220, 291, 362, 433, 504, 575, 646, 717, 788, 859, 930, 1001, 1072, 1143, 1214, 1285, 1356, 1427, 1498, 1569, 1640, 1711, 1782, 1853, 1924, 1995, 2066, 2137, 2208, 2279, 2350, 2421, 2492, 2563, 2634, 2705, 2776, 2847, 2918, 2989, 3060, 3131, 3202, 3273, 3344, 3415, 3486, 3557, 3628, 3699, 3770, 3841, 3912, 3983, 4054, 4125, 4196, 4267, 4338, 4409, 4480, 4544, 4551, 4622, 4693, 4764, 4835, 4906, 4977)
(8, 79, 150, 221, 292, 363, 434, 505, 576, 647, 718, 789, 860, 931, 1002, 1073, 1144, 1215, 1286, 1357, 1428, 1499, 1570, 1641, 1712, 1783, 1854, 1925, 1996, 2067, 2138, 2209, 2280, 2351, 2422, 2493, 2564, 2635, 2706, 2777, 2848, 2919, 2990, 3061, 3132, 3203, 3274, 3345, 3416, 3487, 3558, 3629, 3700, 3771, 3842, 3913, 3984, 4055, 4126, 4197, 4268, 4339, 4410, 4473, 4481, 4552, 4623, 4694, 4765, 4836, 4907, 4978)
(9, 80, 151, 222, 293, 364, 435, 506, 577, 648, 719, 790, 861, 932, 1003, 1074, 1145, 1216, 1287, 1358, 1429, 1500, 1571, 1642, 1713, 1784, 1855, 1926, 1997, 2068, 2139, 2210, 2281, 2352, 2423, 2494, 2565, 2636, 2707, 2778, 2849, 2920, 2991, 3062, 3133, 3204, 3275, 3346, 3417, 3488, 3559, 3630, 3701, 3772, 3843, 3914, 3985, 4056, 4127, 4198, 4269, 4340, 4402, 4411, 4482, 4553, 4624, 4695, 4766, 4837, 4908, 4979)
(10, 81, 152, 223, 294, 365, 436, 507, 578, 649, 720, 791, 862, 933, 1004, 1075, 1146, 1217, 1288, 1359, 1430, 1501, 1572, 1643, 1714, 1785, 1856, 1927, 1998, 2069, 2140, 2211, 2282, 2353, 2424, 2495, 2566, 2637, 2708, 2779, 2850, 2921, 2992, 3063, 3134, 3205, 3276, 3347, 3418, 3489, 3560, 3631, 3702, 3773, 3844, 3915, 3986, 4057, 4128, 4199, 4270, 4331, 4341, 4412, 4483, 4554, 4625, 4696, 4767, 4838, 4909, 4980)
(11, 82, 153, 224, 295, 366, 437, 508, 579, 650, 721, 792, 863, 934, 1005, 1076, 1147, 1218, 1289, 1360, 1431, 1502, 1573, 1644, 1715, 1786, 1857, 1928, 1999, 2070, 2141, 2212, 2283, 2354, 2425, 2496, 2567, 2638, 2709, 2780, 2851, 2922, 2993, 3064, 3135, 3206, 3277, 3348, 3419, 3490, 3561, 3632, 3703, 3774, 3845, 3916, 3987, 4058, 4129, 4200, 4260, 4271, 4342, 4413, 4484, 4555, 4626, 4697, 4768, 4839, 4910, 4981)
(12, 83, 154, 225, 296, 367, 438, 509, 580, 651, 722, 793, 864, 935, 1006, 1077, 1148, 1219, 1290, 1361, 1432, 1503, 1574, 1645, 1716, 1787, 1858, 1929, 2000, 2071, 2142, 2213, 2284, 2355, 2426, 2497, 2568, 2639, 2710, 2781, 2852, 2923, 2994, 3065, 3136, 3207, 3278, 3349, 3420, 3491, 3562, 3633, 3704, 3775, 3846, 3917, 3988, 4059, 4130, 4189, 4201, 4272, 4343, 4414, 4485, 4556, 4627, 4698, 4769, 4840, 4911, 4982)
(13, 84, 155, 226, 297, 368, 439, 510, 581, 652, 723, 794, 865, 936, 1007, 1078, 1149, 1220, 1291, 1362, 1433, 1504, 1575, 1646, 1717, 1788, 1859, 1930, 2001, 2072, 2143, 2214, 2285, 2356, 2427, 2498, 2569, 2640, 2711, 2782, 2853, 2924, 2995, 3066, 3137, 3208, 3279, 3350, 3421, 3492, 3563, 3634, 3705, 3776, 3847, 3918, 3989, 4060, 4118, 4131, 4202, 4273, 4344, 4415, 4486, 4557, 4628, 4699, 4770, 4841, 4912, 4983)
(14, 85, 156, 227, 298, 369, 440, 511, 582, 653, 724, 795, 866, 937, 1008, 1079, 1150, 1221, 1292, 1363, 1434, 1505, 1576, 1647, 1718, 1789, 1860, 1931, 2002, 2073, 2144, 2215, 2286, 2357, 2428, 2499, 2570, 2641, 2712, 2783, 2854, 2925, 2996, 3067, 3138, 3209, 3280, 3351, 3422, 3493, 3564, 3635, 3706, 3777, 3848, 3919, 3990, 4047, 4061, 4132, 4203, 4274, 4345, 4416, 4487, 4558, 4629, 4700, 4771, 4842, 4913, 4984)
(15, 86, 157, 228, 299, 370, 441, 512, 583, 654, 725, 796, 867, 938, 1009, 1080, 1151, 1222, 1293, 1364, 1435, 1506, 1577, 1648, 1719, 1790, 1861, 1932, 2003, 2074, 2145, 2216, 2287, 2358, 2429, 2500, 2571, 2642, 2713, 2784, 2855, 2926, 2997, 3068, 3139, 3210, 3281, 3352, 3423, 3494, 3565, 3636, 3707, 3778, 3849, 3920, 3976, 3991, 4062, 4133, 4204, 4275, 4346, 4417, 4488, 4559, 4630, 4701, 4772, 4843, 4914, 4985)
(16, 87, 158, 229, 300, 371, 442, 513, 584, 655, 726, 797, 868, 939, 1010, 1081, 1152, 1223, 1294, 1365, 1436, 1507, 1578, 1649, 1720, 1791, 1862, 1933, 2004, 2075, 2146, 2217, 2288, 2359, 2430, 2501, 2572, 2643, 2714, 2785, 2856, 2927, 2998, 3069, 3140, 3211, 3282, 3353, 3424, 3495, 3566, 3637, 3708, 3779, 3850, 3905, 3921, 3992, 4063, 4134, 4205, 4276, 4347, 4418, 4489, 4560, 4631, 4702, 4773, 4844, 4915, 4986)
(17, 88, 159, 230, 301, 372, 443, 514, 585, 656, 727, 798, 869, 940, 1011, 1082, 1153, 1224, 1295, 1366, 1437, 1508, 1579, 1650, 1721, 1792, 1863, 1934, 2005, 2076, 2147, 2218, 2289, 2360, 2431, 2502, 2573, 2644, 2715, 2786, 2857, 2928, 2999, 3070, 3141, 3212, 3283, 3354, 3425, 3496, 3567, 3638, 3709, 3780, 3834, 3851, 3922, 3993, 4064, 4135, 4206, 4277, 4348, 4419, 4490, 4561, 4632, 4703, 4774, 4845, 4916, 4987)
(18, 89, 160, 231, 302, 373, 444, 515, 586, 657, 728, 799, 870, 941, 1012, 1083, 1154, 1225, 1296, 1367, 1438, 1509, 1580, 1651, 1722, 1793, 1864, 1935, 2006, 2077, 2148, 2219, 2290, 2361, 2432, 2503, 2574, 2645, 2716, 2787, 2858, 2929, 3000, 3071, 3142, 3213, 3284, 3355, 3426, 3497, 3568, 3639, 3710, 3763, 3781, 3852, 3923, 3994, 4065, 4136, 4207, 4278, 4349, 4420, 4491, 4562, 4633, 4704, 4775, 4846, 4917, 4988)
(19, 90, 161, 232, 303, 374, 445, 516, 587, 658, 729, 800, 871, 942, 1013, 1084, 1155, 1226, 1297, 1368, 1439, 1510, 1581, 1652, 1723, 1794, 1865, 1936, 2007, 2078, 2149, 2220, 2291, 2362, 2433, 2504, 2575, 2646, 2717, 2788, 2859, 2930, 3001, 3072, 3143, 3214, 3285, 3356, 3427, 3498, 3569, 3640, 3692, 3711, 3782, 3853, 3924, 3995, 4066, 4137, 4208, 4279, 4350, 4421, 4492, 4563, 4634, 4705, 4776, 4847, 4918, 4989)
(20, 91, 162, 233, 304, 375, 446, 517, 588, 659, 730, 801, 872, 943, 1014, 1085, 1156, 1227, 1298, 1369, 1440, 1511, 1582, 1653, 1724, 1795, 1866, 1937, 2008, 2079, 2150, 2221, 2292, 2363, 2434, 2505, 2576, 2647, 2718, 2789, 2860, 2931, 3002, 3073, 3144, 3215, 3286, 3357, 3428, 3499, 3570, 3621, 3641, 3712, 3783, 3854, 3925, 3996, 4067, 4138, 4209, 4280, 4351, 4422, 4493, 4564, 4635, 4706, 4777, 4848, 4919, 4990)
(21, 92, 163, 234, 305, 376, 447, 518, 589, 660, 731, 802, 873, 944, 1015, 1086, 1157, 1228, 1299, 1370, 1441, 1512, 1583, 1654, 1725, 1796, 1867, 1938, 2009, 2080, 2151, 2222, 2293, 2364, 2435, 2506, 2577, 2648, 2719, 2790, 2861, 2932, 3003, 3074, 3145, 3216, 3287, 3358, 3429, 3500, 3550, 3571, 3642, 3713, 3784, 3855, 3926, 3997, 4068, 4139, 4210, 4281, 4352, 4423, 4494, 4565, 4636, 4707, 4778, 4849, 4920, 4991)
(22, 93, 164, 235, 306, 377, 448, 519, 590, 661, 732, 803, 874, 945, 1016, 1087, 1158, 1229, 1300, 1371, 1442, 1513, 1584, 1655, 1726, 1797, 1868, 1939, 2010, 2081, 2152, 2223, 2294, 2365, 2436, 2507, 2578, 2649, 2720, 2791, 2862, 2933, 3004, 3075, 3146, 3217, 3288, 3359, 3430, 3479, 3501, 3572, 3643, 3714, 3785, 3856, 3927, 3998, 4069, 4140, 4211, 4282, 4353, 4424, 4495, 4566, 4637, 4708, 4779, 4850, 4921, 4992)
(23, 94, 165, 236, 307, 378, 449, 520, 591, 662, 733, 804, 875, 946, 1017, 1088, 1159, 1230, 1301, 1372, 1443, 1514, 1585, 1656, 1727, 1798, 1869, 1940, 2011, 2082, 2153, 2224, 2295, 2366, 2437, 2508, 2579, 2650, 2721, 2792, 2863, 2934, 3005, 3076, 3147, 3218, 3289, 3360, 3408, 3431, 3502, 3573, 3644, 3715, 3786, 3857, 3928, 3999, 4070, 4141, 4212, 4283, 4354, 4425, 4496, 4567, 4638, 4709, 4780, 4851, 4922, 4993)
(24, 95, 166, 237, 308, 379, 450, 521, 592, 663, 734, 805, 876, 947, 1018, 1089, 1160, 1231, 1302, 1373, 1444, 1515, 1586, 1657, 1728, 1799, 1870, 1941, 2012, 2083, 2154, 2225, 2296, 2367, 2438, 2509, 2580, 2651, 2722, 2793, 2864, 2935, 3006, 3077, 3148, 3219, 3290, 3337, 3361, 3432, 3503, 3574, 3645, 3716, 3787, 3858, 3929, 4000, 4071, 4142, 4213, 4284, 4355, 4426, 4497, 4568, 4639, 4710, 4781, 4852, 4923, 4994)
(25, 96, 167, 238, 309, 380, 451, 522, 593, 664, 735, 806, 877, 948, 1019, 1090, 1161, 1232, 1303, 1374, 1445, 1516, 1587, 1658, 1729, 1800, 1871, 1942, 2013, 2084, 2155, 2226, 2297, 2368, 2439, 2510, 2581, 2652, 2723, 2794, 2865, 2936, 3007, 3078, 3149, 3220, 3266, 3291, 3362, 3433, 3504, 3575, 3646, 3717, 3788, 3859, 3930, 4001, 4072, 4143, 4214, 4285, 4356, 4427, 4498, 4569, 4640, 4711, 4782, 4853, 4924, 4995)
(26, 97, 168, 239, 310, 381, 452, 523, 594, 665, 736, 807, 878, 949, 1020, 1091, 1162, 1233, 1304, 1375, 1446, 1517, 1588, 1659, 1730, 1801, 1872, 1943, 2014, 2085, 2156, 2227, 2298, 2369, 2440, 2511, 2582, 2653, 2724, 2795, 2866, 2937, 3008, 3079, 3150, 3195, 3221, 3292, 3363, 3434, 3505, 3576, 3647, 3718, 3789, 3860, 3931, 4002, 4073, 4144, 4215, 4286, 4357, 4428, 4499, 4570, 4641, 4712, 4783, 4854, 4925, 4996)
(27, 98, 169, 240, 311, 382, 453, 524, 595, 666, 737, 808, 879, 950, 1021, 1092, 1163, 1234, 1305, 1376, 1447, 1518, 1589, 1660, 1731, 1802, 1873, 1944, 2015, 2086, 2157, 2228, 2299, 2370, 2441, 2512, 2583, 2654, 2725, 2796, 2867, 2938, 3009, 3080, 3124, 3151, 3222, 3293, 3364, 3435, 3506, 3577, 3648, 3719, 3790, 3861, 3932, 4003, 4074, 4145, 4216, 4287, 4358, 4429, 4500, 4571, 4642, 4713, 4784, 4855, 4926, 4997)
(28, 99, 170, 241, 312, 383, 454, 525, 596, 667, 738, 809, 880, 951, 1022, 1093, 1164, 1235, 1306, 1377, 1448, 1519, 1590, 1661, 1732, 1803, 1874, 1945, 2016, 2087, 2158, 2229, 2300, 2371, 2442, 2513, 2584, 2655, 2726, 2797, 2868, 2939, 3010, 3053, 3081, 3152, 3223, 3294, 3365, 3436, 3507, 3578, 3649, 3720, 3791, 3862, 3933, 4004, 4075, 4146, 4217, 4288, 4359, 4430, 4501, 4572, 4643, 4714, 4785, 4856, 4927, 4998)
(29, 100, 171, 242, 313, 384, 455, 526, 597, 668, 739, 810, 881, 952, 1023, 1094, 1165, 1236, 1307, 1378, 1449, 1520, 1591, 1662, 1733, 1804, 1875, 1946, 2017, 2088, 2159, 2230, 2301, 2372, 2443, 2514, 2585, 2656, 2727, 2798, 2869, 2940, 2982, 3011, 3082, 3153, 3224, 3295, 3366, 3437, 3508, 3579, 3650, 3721, 3792, 3863, 3934, 4005, 4076, 4147, 4218, 4289, 4360, 4431, 4502, 4573, 4644, 4715, 4786, 4857, 4928, 4999)
(30, 101, 172, 243, 314, 385, 456, 527, 598, 669, 740, 811, 882, 953, 1024, 1095, 1166, 1237, 1308, 1379, 1450, 1521, 1592, 1663, 1734, 1805, 1876, 1947, 2018, 2089, 2160, 2231, 2302, 2373, 2444, 2515, 2586, 2657, 2728, 2799, 2870, 2911, 2941, 3012, 3083, 3154, 3225, 3296, 3367, 3438, 3509, 3580, 3651, 3722, 3793, 3864, 3935, 4006, 4077, 4148, 4219, 4290, 4361, 4432, 4503, 4574, 4645, 4716, 4787, 4858, 4929, 5000)
(31, 102, 173, 244, 315, 386, 457, 528, 599, 670, 741, 812, 883, 954, 1025, 1096, 1167, 1238, 1309, 1380, 1451, 1522, 1593, 1664, 1735, 1806, 1877, 1948, 2019, 2090, 2161, 2232, 2303, 2374, 2445, 2516, 2587, 2658, 2729, 2800, 2840, 2871, 2942, 3013, 3084, 3155, 3226, 3297, 3368, 3439, 3510, 3581, 3652, 3723, 3794, 3865, 3936, 4007, 4078, 4149, 4220, 4291, 4362, 4433, 4504, 4575, 4646, 4717, 4788, 4859, 4930, 5001)
(32, 103, 174, 245, 316, 387, 458, 529, 600, 671, 742, 813, 884, 955, 1026, 1097, 1168, 1239, 1310, 1381, 1452, 1523, 1594, 1665, 1736, 1807, 1878, 1949, 2020, 2091, 2162, 2233, 2304, 2375, 2446, 2517, 2588, 2659, 2730, 2769, 2801, 2872, 2943, 3014, 3085, 3156, 3227, 3298, 3369, 3440, 3511, 3582, 3653, 3724, 3795, 3866, 3937, 4008, 4079, 4150, 4221, 4292, 4363, 4434, 4505, 4576, 4647, 4718, 4789, 4860, 4931, 5002)
(33, 104, 175, 246, 317, 388, 459, 530, 601, 672, 743, 814, 885, 956, 1027, 1098, 1169, 1240, 1311, 1382, 1453, 1524, 1595, 1666, 1737, 1808, 1879, 1950, 2021, 2092, 2163, 2234, 2305, 2376, 2447, 2518, 2589, 2660, 2698, 2731, 2802, 2873, 2944, 3015, 3086, 3157, 3228, 3299, 3370, 3441, 3512, 3583, 3654, 3725, 3796, 3867, 3938, 4009, 4080, 4151, 4222, 4293, 4364, 4435, 4506, 4577, 4648, 4719, 4790, 4861, 4932, 5003)
(34, 105, 176, 247, 318, 389, 460, 531, 602, 673, 744, 815, 886, 957, 1028, 1099, 1170, 1241, 1312, 1383, 1454, 1525, 1596, 1667, 1738, 1809, 1880, 1951, 2022, 2093, 2164, 2235, 2306, 2377, 2448, 2519, 2590, 2627, 2661, 2732, 2803, 2874, 2945, 3016, 3087, 3158, 3229, 3300, 3371, 3442, 3513, 3584, 3655, 3726, 3797, 3868, 3939, 4010, 4081, 4152, 4223, 4294, 4365, 4436, 4507, 4578, 4649, 4720, 4791, 4862, 4933, 5004)
(35, 106, 177, 248, 319, 390, 461, 532, 603, 674, 745, 816, 887, 958, 1029, 1100, 1171, 1242, 1313, 1384, 1455, 1526, 1597, 1668, 1739, 1810, 1881, 1952, 2023, 2094, 2165, 2236, 2307, 2378, 2449, 2520, 2556, 2591, 2662, 2733, 2804, 2875, 2946, 3017, 3088, 3159, 3230, 3301, 3372, 3443, 3514, 3585, 3656, 3727, 3798, 3869, 3940, 4011, 4082, 4153, 4224, 4295, 4366, 4437, 4508, 4579, 4650, 4721, 4792, 4863, 4934, 5005)
(36, 107, 178, 249, 320, 391, 462, 533, 604, 675, 746, 817, 888, 959, 1030, 1101, 1172, 1243, 1314, 1385, 1456, 1527, 1598, 1669, 1740, 1811, 1882, 1953, 2024, 2095, 2166, 2237, 2308, 2379, 2450, 2485, 2521, 2592, 2663, 2734, 2805, 2876, 2947, 3018, 3089, 3160, 3231, 3302, 3373, 3444, 3515, 3586, 3657, 3728, 3799, 3870, 3941, 4012, 4083, 4154, 4225, 4296, 4367, 4438, 4509, 4580, 4651, 4722, 4793, 4864, 4935, 5006)
(37, 108, 179, 250, 321, 392, 463, 534, 605, 676, 747, 818, 889, 960, 1031, 1102, 1173, 1244, 1315, 1386, 1457, 1528, 1599, 1670, 1741, 1812, 1883, 1954, 2025, 2096, 2167, 2238, 2309, 2380, 2414, 2451, 2522, 2593, 2664, 2735, 2806, 2877, 2948, 3019, 3090, 3161, 3232, 3303, 3374, 3445, 3516, 3587, 3658, 3729, 3800, 3871, 3942, 4013, 4084, 4155, 4226, 4297, 4368, 4439, 4510, 4581, 4652, 4723, 4794, 4865, 4936, 5007)
(38, 109, 180, 251, 322, 393, 464, 535, 606, 677, 748, 819, 890, 961, 1032, 1103, 1174, 1245, 1316, 1387, 1458, 1529, 1600, 1671, 1742, 1813, 1884, 1955, 2026, 2097, 2168, 2239, 2310, 2343, 2381, 2452, 2523, 2594, 2665, 2736, 2807, 2878, 2949, 3020, 3091, 3162, 3233, 3304, 3375, 3446, 3517, 3588, 3659, 3730, 3801, 3872, 3943, 4014, 4085, 4156, 4227, 4298, 4369, 4440, 4511, 4582, 4653, 4724, 4795, 4866, 4937, 5008)
(39, 110, 181, 252, 323, 394, 465, 536, 607, 678, 749, 820, 891, 962, 1033, 1104, 1175, 1246, 1317, 1388, 1459, 1530, 1601, 1672, 1743, 1814, 1885, 1956, 2027, 2098, 2169, 2240, 2272, 2311, 2382, 2453, 2524, 2595, 2666, 2737, 2808, 2879, 2950, 3021, 3092, 3163, 3234, 3305, 3376, 3447, 3518, 3589, 3660, 3731, 3802, 3873, 3944, 4015, 4086, 4157, 4228, 4299, 4370, 4441, 4512, 4583, 4654, 4725, 4796, 4867, 4938, 5009)
(40, 111, 182, 253, 324, 395, 466, 537, 608, 679, 750, 821, 892, 963, 1034, 1105, 1176, 1247, 1318, 1389, 1460, 1531, 1602, 1673, 1744, 1815, 1886, 1957, 2028, 2099, 2170, 2201, 2241, 2312, 2383, 2454, 2525, 2596, 2667, 2738, 2809, 2880, 2951, 3022, 3093, 3164, 3235, 3306, 3377, 3448, 3519, 3590, 3661, 3732, 3803, 3874, 3945, 4016, 4087, 4158, 4229, 4300, 4371, 4442, 4513, 4584, 4655, 4726, 4797, 4868, 4939, 5010)
(41, 112, 183, 254, 325, 396, 467, 538, 609, 680, 751, 822, 893, 964, 1035, 1106, 1177, 1248, 1319, 1390, 1461, 1532, 1603, 1674, 1745, 1816, 1887, 1958, 2029, 2100, 2130, 2171, 2242, 2313, 2384, 2455, 2526, 2597, 2668, 2739, 2810, 2881, 2952, 3023, 3094, 3165, 3236, 3307, 3378, 3449, 3520, 3591, 3662, 3733, 3804, 3875, 3946, 4017, 4088, 4159, 4230, 4301, 4372, 4443, 4514, 4585, 4656, 4727, 4798, 4869, 4940, 5011)
(42, 113, 184, 255, 326, 397, 468, 539, 610, 681, 752, 823, 894, 965, 1036, 1107, 1178, 1249, 1320, 1391, 1462, 1533, 1604, 1675, 1746, 1817, 1888, 1959, 2030, 2059, 2101, 2172, 2243, 2314, 2385, 2456, 2527, 2598, 2669, 2740, 2811, 2882, 2953, 3024, 3095, 3166, 3237, 3308, 3379, 3450, 3521, 3592, 3663, 3734, 3805, 3876, 3947, 4018, 4089, 4160, 4231, 4302, 4373, 4444, 4515, 4586, 4657, 4728, 4799, 4870, 4941, 5012)
(43, 114, 185, 256, 327, 398, 469, 540, 611, 682, 753, 824, 895, 966, 1037, 1108, 1179, 1250, 1321, 1392, 1463, 1534, 1605, 1676, 1747, 1818, 1889, 1960, 1988, 2031, 2102, 2173, 2244, 2315, 2386, 2457, 2528, 2599, 2670, 2741, 2812, 2883, 2954, 3025, 3096, 3167, 3238, 3309, 3380, 3451, 3522, 3593, 3664, 3735, 3806, 3877, 3948, 4019, 4090, 4161, 4232, 4303, 4374, 4445, 4516, 4587, 4658, 4729, 4800, 4871, 4942, 5013)
(44, 115, 186, 257, 328, 399, 470, 541, 612, 683, 754, 825, 896, 967, 1038, 1109, 1180, 1251, 1322, 1393, 1464, 1535, 1606, 1677, 1748, 1819, 1890, 1917, 1961, 2032, 2103, 2174, 2245, 2316, 2387, 2458, 2529, 2600, 2671, 2742, 2813, 2884, 2955, 3026, 3097, 3168, 3239, 3310, 3381, 3452, 3523, 3594, 3665, 3736, 3807, 3878, 3949, 4020, 4091, 4162, 4233, 4304, 4375, 4446, 4517, 4588, 4659, 4730, 4801, 4872, 4943, 5014)
(45, 116, 187, 258, 329, 400, 471, 542, 613, 684, 755, 826, 897, 968, 1039, 1110, 1181, 1252, 1323, 1394, 1465, 1536, 1607, 1678, 1749, 1820, 1846, 1891, 1962, 2033, 2104, 2175, 2246, 2317, 2388, 2459, 2530, 2601, 2672, 2743, 2814, 2885, 2956, 3027, 3098, 3169, 3240, 3311, 3382, 3453, 3524, 3595, 3666, 3737, 3808, 3879, 3950, 4021, 4092, 4163, 4234, 4305, 4376, 4447, 4518, 4589, 4660, 4731, 4802, 4873, 4944, 5015)
(46, 117, 188, 259, 330, 401, 472, 543, 614, 685, 756, 827, 898, 969, 1040, 1111, 1182, 1253, 1324, 1395, 1466, 1537, 1608, 1679, 1750, 1775, 1821, 1892, 1963, 2034, 2105, 2176, 2247, 2318, 2389, 2460, 2531, 2602, 2673, 2744, 2815, 2886, 2957, 3028, 3099, 3170, 3241, 3312, 3383, 3454, 3525, 3596, 3667, 3738, 3809, 3880, 3951, 4022, 4093, 4164, 4235, 4306, 4377, 4448, 4519, 4590, 4661, 4732, 4803, 4874, 4945, 5016)
(47, 118, 189, 260, 331, 402, 473, 544, 615, 686, 757, 828, 899, 970, 1041, 1112, 1183, 1254, 1325, 1396, 1467, 1538, 1609, 1680, 1704, 1751, 1822, 1893, 1964, 2035, 2106, 2177, 2248, 2319, 2390, 2461, 2532, 2603, 2674, 2745, 2816, 2887, 2958, 3029, 3100, 3171, 3242, 3313, 3384, 3455, 3526, 3597, 3668, 3739, 3810, 3881, 3952, 4023, 4094, 4165, 4236, 4307, 4378, 4449, 4520, 4591, 4662, 4733, 4804, 4875, 4946, 5017)
(48, 119, 190, 261, 332, 403, 474, 545, 616, 687, 758, 829, 900, 971, 1042, 1113, 1184, 1255, 1326, 1397, 1468, 1539, 1610, 1633, 1681, 1752, 1823, 1894, 1965, 2036, 2107, 2178, 2249, 2320, 2391, 2462, 2533, 2604, 2675, 2746, 2817, 2888, 2959, 3030, 3101, 3172, 3243, 3314, 3385, 3456, 3527, 3598, 3669, 3740, 3811, 3882, 3953, 4024, 4095, 4166, 4237, 4308, 4379, 4450, 4521, 4592, 4663, 4734, 4805, 4876, 4947, 5018)
(49, 120, 191, 262, 333, 404, 475, 546, 617, 688, 759, 830, 901, 972, 1043, 1114, 1185, 1256, 1327, 1398, 1469, 1540, 1562, 1611, 1682, 1753, 1824, 1895, 1966, 2037, 2108, 2179, 2250, 2321, 2392, 2463, 2534, 2605, 2676, 2747, 2818, 2889, 2960, 3031, 3102, 3173, 3244, 3315, 3386, 3457, 3528, 3599, 3670, 3741, 3812, 3883, 3954, 4025, 4096, 4167, 4238, 4309, 4380, 4451, 4522, 4593, 4664, 4735, 4806, 4877, 4948, 5019)
(50, 121, 192, 263, 334, 405, 476, 547, 618, 689, 760, 831, 902, 973, 1044, 1115, 1186, 1257, 1328, 1399, 1470, 1491, 1541, 1612, 1683, 1754, 1825, 1896, 1967, 2038, 2109, 2180, 2251, 2322, 2393, 2464, 2535, 2606, 2677, 2748, 2819, 2890, 2961, 3032, 3103, 3174, 3245, 3316, 3387, 3458, 3529, 3600, 3671, 3742, 3813, 3884, 3955, 4026, 4097, 4168, 4239, 4310, 4381, 4452, 4523, 4594, 4665, 4736, 4807, 4878, 4949, 5020)
(51, 122, 193, 264, 335, 406, 477, 548, 619, 690, 761, 832, 903, 974, 1045, 1116, 1187, 1258, 1329, 1400, 1420, 1471, 1542, 1613, 1684, 1755, 1826, 1897, 1968, 2039, 2110, 2181, 2252, 2323, 2394, 2465, 2536, 2607, 2678, 2749, 2820, 2891, 2962, 3033, 3104, 3175, 3246, 3317, 3388, 3459, 3530, 3601, 3672, 3743, 3814, 3885, 3956, 4027, 4098, 4169, 4240, 4311, 4382, 4453, 4524, 4595, 4666, 4737, 4808, 4879, 4950, 5021)
(52, 123, 194, 265, 336, 407, 478, 549, 620, 691, 762, 833, 904, 975, 1046, 1117, 1188, 1259, 1330, 1349, 1401, 1472, 1543, 1614, 1685, 1756, 1827, 1898, 1969, 2040, 2111, 2182, 2253, 2324, 2395, 2466, 2537, 2608, 2679, 2750, 2821, 2892, 2963, 3034, 3105, 3176, 3247, 3318, 3389, 3460, 3531, 3602, 3673, 3744, 3815, 3886, 3957, 4028, 4099, 4170, 4241, 4312, 4383, 4454, 4525, 4596, 4667, 4738, 4809, 4880, 4951, 5022)
(53, 124, 195, 266, 337, 408, 479, 550, 621, 692, 763, 834, 905, 976, 1047, 1118, 1189, 1260, 1278, 1331, 1402, 1473, 1544, 1615, 1686, 1757, 1828, 1899, 1970, 2041, 2112, 2183, 2254, 2325, 2396, 2467, 2538, 2609, 2680, 2751, 2822, 2893, 2964, 3035, 3106, 3177, 3248, 3319, 3390, 3461, 3532, 3603, 3674, 3745, 3816, 3887, 3958, 4029, 4100, 4171, 4242, 4313, 4384, 4455, 4526, 4597, 4668, 4739, 4810, 4881, 4952, 5023)
(54, 125, 196, 267, 338, 409, 480, 551, 622, 693, 764, 835, 906, 977, 1048, 1119, 1190, 1207, 1261, 1332, 1403, 1474, 1545, 1616, 1687, 1758, 1829, 1900, 1971, 2042, 2113, 2184, 2255, 2326, 2397, 2468, 2539, 2610, 2681, 2752, 2823, 2894, 2965, 3036, 3107, 3178, 3249, 3320, 3391, 3462, 3533, 3604, 3675, 3746, 3817, 3888, 3959, 4030, 4101, 4172, 4243, 4314, 4385, 4456, 4527, 4598, 4669, 4740, 4811, 4882, 4953, 5024)
(55, 126, 197, 268, 339, 410, 481, 552, 623, 694, 765, 836, 907, 978, 1049, 1120, 1136, 1191, 1262, 1333, 1404, 1475, 1546, 1617, 1688, 1759, 1830, 1901, 1972, 2043, 2114, 2185, 2256, 2327, 2398, 2469, 2540, 2611, 2682, 2753, 2824, 2895, 2966, 3037, 3108, 3179, 3250, 3321, 3392, 3463, 3534, 3605, 3676, 3747, 3818, 3889, 3960, 4031, 4102, 4173, 4244, 4315, 4386, 4457, 4528, 4599, 4670, 4741, 4812, 4883, 4954, 5025)
(56, 127, 198, 269, 340, 411, 482, 553, 624, 695, 766, 837, 908, 979, 1050, 1065, 1121, 1192, 1263, 1334, 1405, 1476, 1547, 1618, 1689, 1760, 1831, 1902, 1973, 2044, 2115, 2186, 2257, 2328, 2399, 2470, 2541, 2612, 2683, 2754, 2825, 2896, 2967, 3038, 3109, 3180, 3251, 3322, 3393, 3464, 3535, 3606, 3677, 3748, 3819, 3890, 3961, 4032, 4103, 4174, 4245, 4316, 4387, 4458, 4529, 4600, 4671, 4742, 4813, 4884, 4955, 5026)
(57, 128, 199, 270, 341, 412, 483, 554, 625, 696, 767, 838, 909, 980, 994, 1051, 1122, 1193, 1264, 1335, 1406, 1477, 1548, 1619, 1690, 1761, 1832, 1903, 1974, 2045, 2116, 2187, 2258, 2329, 2400, 2471, 2542, 2613, 2684, 2755, 2826, 2897, 2968, 3039, 3110, 3181, 3252, 3323, 3394, 3465, 3536, 3607, 3678, 3749, 3820, 3891, 3962, 4033, 4104, 4175, 4246, 4317, 4388, 4459, 4530, 4601, 4672, 4743, 4814, 4885, 4956, 5027)
(58, 129, 200, 271, 342, 413, 484, 555, 626, 697, 768, 839, 910, 923, 981, 1052, 1123, 1194, 1265, 1336, 1407, 1478, 1549, 1620, 1691, 1762, 1833, 1904, 1975, 2046, 2117, 2188, 2259, 2330, 2401, 2472, 2543, 2614, 2685, 2756, 2827, 2898, 2969, 3040, 3111, 3182, 3253, 3324, 3395, 3466, 3537, 3608, 3679, 3750, 3821, 3892, 3963, 4034, 4105, 4176, 4247, 4318, 4389, 4460, 4531, 4602, 4673, 4744, 4815, 4886, 4957, 5028)
(59, 130, 201, 272, 343, 414, 485, 556, 627, 698, 769, 840, 852, 911, 982, 1053, 1124, 1195, 1266, 1337, 1408, 1479, 1550, 1621, 1692, 1763, 1834, 1905, 1976, 2047, 2118, 2189, 2260, 2331, 2402, 2473, 2544, 2615, 2686, 2757, 2828, 2899, 2970, 3041, 3112, 3183, 3254, 3325, 3396, 3467, 3538, 3609, 3680, 3751, 3822, 3893, 3964, 4035, 4106, 4177, 4248, 4319, 4390, 4461, 4532, 4603, 4674, 4745, 4816, 4887, 4958, 5029)
(60, 131, 202, 273, 344, 415, 486, 557, 628, 699, 770, 781, 841, 912, 983, 1054, 1125, 1196, 1267, 1338, 1409, 1480, 1551, 1622, 1693, 1764, 1835, 1906, 1977, 2048, 2119, 2190, 2261, 2332, 2403, 2474, 2545, 2616, 2687, 2758, 2829, 2900, 2971, 3042, 3113, 3184, 3255, 3326, 3397, 3468, 3539, 3610, 3681, 3752, 3823, 3894, 3965, 4036, 4107, 4178, 4249, 4320, 4391, 4462, 4533, 4604, 4675, 4746, 4817, 4888, 4959, 5030)
(61, 132, 203, 274, 345, 416, 487, 558, 629, 700, 710, 771, 842, 913, 984, 1055, 1126, 1197, 1268, 1339, 1410, 1481, 1552, 1623, 1694, 1765, 1836, 1907, 1978, 2049, 2120, 2191, 2262, 2333, 2404, 2475, 2546, 2617, 2688, 2759, 2830, 2901, 2972, 3043, 3114, 3185, 3256, 3327, 3398, 3469, 3540, 3611, 3682, 3753, 3824, 3895, 3966, 4037, 4108, 4179, 4250, 4321, 4392, 4463, 4534, 4605, 4676, 4747, 4818, 4889, 4960, 5031)
(62, 133, 204, 275, 346, 417, 488, 559, 630, 639, 701, 772, 843, 914, 985, 1056, 1127, 1198, 1269, 1340, 1411, 1482, 1553, 1624, 1695, 1766, 1837, 1908, 1979, 2050, 2121, 2192, 2263, 2334, 2405, 2476, 2547, 2618, 2689, 2760, 2831, 2902, 2973, 3044, 3115, 3186, 3257, 3328, 3399, 3470, 3541, 3612, 3683, 3754, 3825, 3896, 3967, 4038, 4109, 4180, 4251, 4322, 4393, 4464, 4535, 4606, 4677, 4748, 4819, 4890, 4961, 5032)
(63, 134, 205, 276, 347, 418, 489, 560, 568, 631, 702, 773, 844, 915, 986, 1057, 1128, 1199, 1270, 1341, 1412, 1483, 1554, 1625, 1696, 1767, 1838, 1909, 1980, 2051, 2122, 2193, 2264, 2335, 2406, 2477, 2548, 2619, 2690, 2761, 2832, 2903, 2974, 3045, 3116, 3187, 3258, 3329, 3400, 3471, 3542, 3613, 3684, 3755, 3826, 3897, 3968, 4039, 4110, 4181, 4252, 4323, 4394, 4465, 4536, 4607, 4678, 4749, 4820, 4891, 4962, 5033)
(64, 135, 206, 277, 348, 419, 490, 497, 561, 632, 703, 774, 845, 916, 987, 1058, 1129, 1200, 1271, 1342, 1413, 1484, 1555, 1626, 1697, 1768, 1839, 1910, 1981, 2052, 2123, 2194, 2265, 2336, 2407, 2478, 2549, 2620, 2691, 2762, 2833, 2904, 2975, 3046, 3117, 3188, 3259, 3330, 3401, 3472, 3543, 3614, 3685, 3756, 3827, 3898, 3969, 4040, 4111, 4182, 4253, 4324, 4395, 4466, 4537, 4608, 4679, 4750, 4821, 4892, 4963, 5034)
(65, 136, 207, 278, 349, 420, 426, 491, 562, 633, 704, 775, 846, 917, 988, 1059, 1130, 1201, 1272, 1343, 1414, 1485, 1556, 1627, 1698, 1769, 1840, 1911, 1982, 2053, 2124, 2195, 2266, 2337, 2408, 2479, 2550, 2621, 2692, 2763, 2834, 2905, 2976, 3047, 3118, 3189, 3260, 3331, 3402, 3473, 3544, 3615, 3686, 3757, 3828, 3899, 3970, 4041, 4112, 4183, 4254, 4325, 4396, 4467, 4538, 4609, 4680, 4751, 4822, 4893, 4964, 5035)
(66, 137, 208, 279, 350, 355, 421, 492, 563, 634, 705, 776, 847, 918, 989, 1060, 1131, 1202, 1273, 1344, 1415, 1486, 1557, 1628, 1699, 1770, 1841, 1912, 1983, 2054, 2125, 2196, 2267, 2338, 2409, 2480, 2551, 2622, 2693, 2764, 2835, 2906, 2977, 3048, 3119, 3190, 3261, 3332, 3403, 3474, 3545, 3616, 3687, 3758, 3829, 3900, 3971, 4042, 4113, 4184, 4255, 4326, 4397, 4468, 4539, 4610, 4681, 4752, 4823, 4894, 4965, 5036)
(67, 138, 209, 280, 284, 351, 422, 493, 564, 635, 706, 777, 848, 919, 990, 1061, 1132, 1203, 1274, 1345, 1416, 1487, 1558, 1629, 1700, 1771, 1842, 1913, 1984, 2055, 2126, 2197, 2268, 2339, 2410, 2481, 2552, 2623, 2694, 2765, 2836, 2907, 2978, 3049, 3120, 3191, 3262, 3333, 3404, 3475, 3546, 3617, 3688, 3759, 3830, 3901, 3972, 4043, 4114, 4185, 4256, 4327, 4398, 4469, 4540, 4611, 4682, 4753, 4824, 4895, 4966, 5037)
(68, 139, 210, 213, 281, 352, 423, 494, 565, 636, 707, 778, 849, 920, 991, 1062, 1133, 1204, 1275, 1346, 1417, 1488, 1559, 1630, 1701, 1772, 1843, 1914, 1985, 2056, 2127, 2198, 2269, 2340, 2411, 2482, 2553, 2624, 2695, 2766, 2837, 2908, 2979, 3050, 3121, 3192, 3263, 3334, 3405, 3476, 3547, 3618, 3689, 3760, 3831, 3902, 3973, 4044, 4115, 4186, 4257, 4328, 4399, 4470, 4541, 4612, 4683, 4754, 4825, 4896, 4967, 5038)
(69, 140, 142, 211, 282, 353, 424, 495, 566, 637, 708, 779, 850, 921, 992, 1063, 1134, 1205, 1276, 1347, 1418, 1489, 1560, 1631, 1702, 1773, 1844, 1915, 1986, 2057, 2128, 2199, 2270, 2341, 2412, 2483, 2554, 2625, 2696, 2767, 2838, 2909, 2980, 3051, 3122, 3193, 3264, 3335, 3406, 3477, 3548, 3619, 3690, 3761, 3832, 3903, 3974, 4045, 4116, 4187, 4258, 4329, 4400, 4471, 4542, 4613, 4684, 4755, 4826, 4897, 4968, 5039)
(70, 71, 141, 212, 283, 354, 425, 496, 567, 638, 709, 780, 851, 922, 993, 1064, 1135, 1206, 1277, 1348, 1419, 1490, 1561, 1632, 1703, 1774, 1845, 1916, 1987, 2058, 2129, 2200, 2271, 2342, 2413, 2484, 2555, 2626, 2697, 2768, 2839, 2910, 2981, 3052, 3123, 3194, 3265, 3336, 3407, 3478, 3549, 3620, 3691, 3762, 3833, 3904, 3975, 4046, 4117, 4188, 4259, 4330, 4401, 4472, 4543, 4614, 4685, 4756, 4827, 4898, 4969, 5040)
