For m = 5329 and d = 37
The program took 0.00411224365234375 seconds to complete. 
The number of indecomposable tuple(s) is: 72

The indecomposable tuples are:
(1, 74, 147, 220, 293, 366, 439, 512, 585, 658, 731, 804, 877, 950, 1023, 1096, 1169, 1242, 1315, 1388, 1461, 1534, 1607, 1680, 1753, 1826, 1899, 1972, 2045, 2118, 2191, 2264, 2337, 2410, 2483, 2556, 2629, 2702, 2775, 2848, 2921, 2994, 3067, 3140, 3213, 3286, 3359, 3432, 3505, 3578, 3651, 3724, 3797, 3870, 3943, 4016, 4089, 4162, 4235, 4308, 4381, 4454, 4527, 4600, 4673, 4746, 4819, 4892, 4965, 5038, 5111, 5184, 5256, 5257)
(2, 75, 148, 221, 294, 367, 440, 513, 586, 659, 732, 805, 878, 951, 1024, 1097, 1170, 1243, 1316, 1389, 1462, 1535, 1608, 1681, 1754, 1827, 1900, 1973, 2046, 2119, 2192, 2265, 2338, 2411, 2484, 2557, 2630, 2703, 2776, 2849, 2922, 2995, 3068, 3141, 3214, 3287, 3360, 3433, 3506, 3579, 3652, 3725, 3798, 3871, 3944, 4017, 4090, 4163, 4236, 4309, 4382, 4455, 4528, 4601, 4674, 4747, 4820, 4893, 4966, 5039, 5112, 5183, 5185, 5258)
(3, 76, 149, 222, 295, 368, 441, 514, 587, 660, 733, 806, 879, 952, 1025, 1098, 1171, 1244, 1317, 1390, 1463, 1536, 1609, 1682, 1755, 1828, 1901, 1974, 2047, 2120, 2193, 2266, 2339, 2412, 2485, 2558, 2631, 2704, 2777, 2850, 2923, 2996, 3069, 3142, 3215, 3288, 3361, 3434, 3507, 3580, 3653, 3726, 3799, 3872, 3945, 4018, 4091, 4164, 4237, 4310, 4383, 4456, 4529, 4602, 4675, 4748, 4821, 4894, 4967, 5040, 5110, 5113, 5186, 5259)
(4, 77, 150, 223, 296, 369, 442, 515, 588, 661, 734, 807, 880, 953, 1026, 1099, 1172, 1245, 1318, 1391, 1464, 1537, 1610, 1683, 1756, 1829, 1902, 1975, 2048, 2121, 2194, 2267, 2340, 2413, 2486, 2559, 2632, 2705, 2778, 2851, 2924, 2997, 3070, 3143, 3216, 3289, 3362, 3435, 3508, 3581, 3654, 3727, 3800, 3873, 3946, 4019, 4092, 4165, 4238, 4311, 4384, 4457, 4530, 4603, 4676, 4749, 4822, 4895, 4968, 5037, 5041, 5114, 5187, 5260)
(5, 78, 151, 224, 297, 370, 443, 516, 589, 662, 735, 808, 881, 954, 1027, 1100, 1173, 1246, 1319, 1392, 1465, 1538, 1611, 1684, 1757, 1830, 1903, 1976, 2049, 2122, 2195, 2268, 2341, 2414, 2487, 2560, 2633, 2706, 2779, 2852, 2925, 2998, 3071, 3144, 3217, 3290, 3363, 3436, 3509, 3582, 3655, 3728, 3801, 3874, 3947, 4020, 4093, 4166, 4239, 4312, 4385, 4458, 4531, 4604, 4677, 4750, 4823, 4896, 4964, 4969, 5042, 5115, 5188, 5261)
(6, 79, 152, 225, 298, 371, 444, 517, 590, 663, 736, 809, 882, 955, 1028, 1101, 1174, 1247, 1320, 1393, 1466, 1539, 1612, 1685, 1758, 1831, 1904, 1977, 2050, 2123, 2196, 2269, 2342, 2415, 2488, 2561, 2634, 2707, 2780, 2853, 2926, 2999, 3072, 3145, 3218, 3291, 3364, 3437, 3510, 3583, 3656, 3729, 3802, 3875, 3948, 4021, 4094, 4167, 4240, 4313, 4386, 4459, 4532, 4605, 4678, 4751, 4824, 4891, 4897, 4970, 5043, 5116, 5189, 5262)
(7, 80, 153, 226, 299, 372, 445, 518, 591, 664, 737, 810, 883, 956, 1029, 1102, 1175, 1248, 1321, 1394, 1467, 1540, 1613, 1686, 1759, 1832, 1905, 1978, 2051, 2124, 2197, 2270, 2343, 2416, 2489, 2562, 2635, 2708, 2781, 2854, 2927, 3000, 3073, 3146, 3219, 3292, 3365, 3438, 3511, 3584, 3657, 3730, 3803, 3876, 3949, 4022, 4095, 4168, 4241, 4314, 4387, 4460, 4533, 4606, 4679, 4752, 4818, 4825, 4898, 4971, 5044, 5117, 5190, 5263)
(8, 81, 154, 227, 300, 373, 446, 519, 592, 665, 738, 811, 884, 957, 1030, 1103, 1176, 1249, 1322, 1395, 1468, 1541, 1614, 1687, 1760, 1833, 1906, 1979, 2052, 2125, 2198, 2271, 2344, 2417, 2490, 2563, 2636, 2709, 2782, 2855, 2928, 3001, 3074, 3147, 3220, 3293, 3366, 3439, 3512, 3585, 3658, 3731, 3804, 3877, 3950, 4023, 4096, 4169, 4242, 4315, 4388, 4461, 4534, 4607, 4680, 4745, 4753, 4826, 4899, 4972, 5045, 5118, 5191, 5264)
(9, 82, 155, 228, 301, 374, 447, 520, 593, 666, 739, 812, 885, 958, 1031, 1104, 1177, 1250, 1323, 1396, 1469, 1542, 1615, 1688, 1761, 1834, 1907, 1980, 2053, 2126, 2199, 2272, 2345, 2418, 2491, 2564, 2637, 2710, 2783, 2856, 2929, 3002, 3075, 3148, 3221, 3294, 3367, 3440, 3513, 3586, 3659, 3732, 3805, 3878, 3951, 4024, 4097, 4170, 4243, 4316, 4389, 4462, 4535, 4608, 4672, 4681, 4754, 4827, 4900, 4973, 5046, 5119, 5192, 5265)
(10, 83, 156, 229, 302, 375, 448, 521, 594, 667, 740, 813, 886, 959, 1032, 1105, 1178, 1251, 1324, 1397, 1470, 1543, 1616, 1689, 1762, 1835, 1908, 1981, 2054, 2127, 2200, 2273, 2346, 2419, 2492, 2565, 2638, 2711, 2784, 2857, 2930, 3003, 3076, 3149, 3222, 3295, 3368, 3441, 3514, 3587, 3660, 3733, 3806, 3879, 3952, 4025, 4098, 4171, 4244, 4317, 4390, 4463, 4536, 4599, 4609, 4682, 4755, 4828, 4901, 4974, 5047, 5120, 5193, 5266)
(11, 84, 157, 230, 303, 376, 449, 522, 595, 668, 741, 814, 887, 960, 1033, 1106, 1179, 1252, 1325, 1398, 1471, 1544, 1617, 1690, 1763, 1836, 1909, 1982, 2055, 2128, 2201, 2274, 2347, 2420, 2493, 2566, 2639, 2712, 2785, 2858, 2931, 3004, 3077, 3150, 3223, 3296, 3369, 3442, 3515, 3588, 3661, 3734, 3807, 3880, 3953, 4026, 4099, 4172, 4245, 4318, 4391, 4464, 4526, 4537, 4610, 4683, 4756, 4829, 4902, 4975, 5048, 5121, 5194, 5267)
(12, 85, 158, 231, 304, 377, 450, 523, 596, 669, 742, 815, 888, 961, 1034, 1107, 1180, 1253, 1326, 1399, 1472, 1545, 1618, 1691, 1764, 1837, 1910, 1983, 2056, 2129, 2202, 2275, 2348, 2421, 2494, 2567, 2640, 2713, 2786, 2859, 2932, 3005, 3078, 3151, 3224, 3297, 3370, 3443, 3516, 3589, 3662, 3735, 3808, 3881, 3954, 4027, 4100, 4173, 4246, 4319, 4392, 4453, 4465, 4538, 4611, 4684, 4757, 4830, 4903, 4976, 5049, 5122, 5195, 5268)
(13, 86, 159, 232, 305, 378, 451, 524, 597, 670, 743, 816, 889, 962, 1035, 1108, 1181, 1254, 1327, 1400, 1473, 1546, 1619, 1692, 1765, 1838, 1911, 1984, 2057, 2130, 2203, 2276, 2349, 2422, 2495, 2568, 2641, 2714, 2787, 2860, 2933, 3006, 3079, 3152, 3225, 3298, 3371, 3444, 3517, 3590, 3663, 3736, 3809, 3882, 3955, 4028, 4101, 4174, 4247, 4320, 4380, 4393, 4466, 4539, 4612, 4685, 4758, 4831, 4904, 4977, 5050, 5123, 5196, 5269)
(14, 87, 160, 233, 306, 379, 452, 525, 598, 671, 744, 817, 890, 963, 1036, 1109, 1182, 1255, 1328, 1401, 1474, 1547, 1620, 1693, 1766, 1839, 1912, 1985, 2058, 2131, 2204, 2277, 2350, 2423, 2496, 2569, 2642, 2715, 2788, 2861, 2934, 3007, 3080, 3153, 3226, 3299, 3372, 3445, 3518, 3591, 3664, 3737, 3810, 3883, 3956, 4029, 4102, 4175, 4248, 4307, 4321, 4394, 4467, 4540, 4613, 4686, 4759, 4832, 4905, 4978, 5051, 5124, 5197, 5270)
(15, 88, 161, 234, 307, 380, 453, 526, 599, 672, 745, 818, 891, 964, 1037, 1110, 1183, 1256, 1329, 1402, 1475, 1548, 1621, 1694, 1767, 1840, 1913, 1986, 2059, 2132, 2205, 2278, 2351, 2424, 2497, 2570, 2643, 2716, 2789, 2862, 2935, 3008, 3081, 3154, 3227, 3300, 3373, 3446, 3519, 3592, 3665, 3738, 3811, 3884, 3957, 4030, 4103, 4176, 4234, 4249, 4322, 4395, 4468, 4541, 4614, 4687, 4760, 4833, 4906, 4979, 5052, 5125, 5198, 5271)
(16, 89, 162, 235, 308, 381, 454, 527, 600, 673, 746, 819, 892, 965, 1038, 1111, 1184, 1257, 1330, 1403, 1476, 1549, 1622, 1695, 1768, 1841, 1914, 1987, 2060, 2133, 2206, 2279, 2352, 2425, 2498, 2571, 2644, 2717, 2790, 2863, 2936, 3009, 3082, 3155, 3228, 3301, 3374, 3447, 3520, 3593, 3666, 3739, 3812, 3885, 3958, 4031, 4104, 4161, 4177, 4250, 4323, 4396, 4469, 4542, 4615, 4688, 4761, 4834, 4907, 4980, 5053, 5126, 5199, 5272)
(17, 90, 163, 236, 309, 382, 455, 528, 601, 674, 747, 820, 893, 966, 1039, 1112, 1185, 1258, 1331, 1404, 1477, 1550, 1623, 1696, 1769, 1842, 1915, 1988, 2061, 2134, 2207, 2280, 2353, 2426, 2499, 2572, 2645, 2718, 2791, 2864, 2937, 3010, 3083, 3156, 3229, 3302, 3375, 3448, 3521, 3594, 3667, 3740, 3813, 3886, 3959, 4032, 4088, 4105, 4178, 4251, 4324, 4397, 4470, 4543, 4616, 4689, 4762, 4835, 4908, 4981, 5054, 5127, 5200, 5273)
(18, 91, 164, 237, 310, 383, 456, 529, 602, 675, 748, 821, 894, 967, 1040, 1113, 1186, 1259, 1332, 1405, 1478, 1551, 1624, 1697, 1770, 1843, 1916, 1989, 2062, 2135, 2208, 2281, 2354, 2427, 2500, 2573, 2646, 2719, 2792, 2865, 2938, 3011, 3084, 3157, 3230, 3303, 3376, 3449, 3522, 3595, 3668, 3741, 3814, 3887, 3960, 4015, 4033, 4106, 4179, 4252, 4325, 4398, 4471, 4544, 4617, 4690, 4763, 4836, 4909, 4982, 5055, 5128, 5201, 5274)
(19, 92, 165, 238, 311, 384, 457, 530, 603, 676, 749, 822, 895, 968, 1041, 1114, 1187, 1260, 1333, 1406, 1479, 1552, 1625, 1698, 1771, 1844, 1917, 1990, 2063, 2136, 2209, 2282, 2355, 2428, 2501, 2574, 2647, 2720, 2793, 2866, 2939, 3012, 3085, 3158, 3231, 3304, 3377, 3450, 3523, 3596, 3669, 3742, 3815, 3888, 3942, 3961, 4034, 4107, 4180, 4253, 4326, 4399, 4472, 4545, 4618, 4691, 4764, 4837, 4910, 4983, 5056, 5129, 5202, 5275)
(20, 93, 166, 239, 312, 385, 458, 531, 604, 677, 750, 823, 896, 969, 1042, 1115, 1188, 1261, 1334, 1407, 1480, 1553, 1626, 1699, 1772, 1845, 1918, 1991, 2064, 2137, 2210, 2283, 2356, 2429, 2502, 2575, 2648, 2721, 2794, 2867, 2940, 3013, 3086, 3159, 3232, 3305, 3378, 3451, 3524, 3597, 3670, 3743, 3816, 3869, 3889, 3962, 4035, 4108, 4181, 4254, 4327, 4400, 4473, 4546, 4619, 4692, 4765, 4838, 4911, 4984, 5057, 5130, 5203, 5276)
(21, 94, 167, 240, 313, 386, 459, 532, 605, 678, 751, 824, 897, 970, 1043, 1116, 1189, 1262, 1335, 1408, 1481, 1554, 1627, 1700, 1773, 1846, 1919, 1992, 2065, 2138, 2211, 2284, 2357, 2430, 2503, 2576, 2649, 2722, 2795, 2868, 2941, 3014, 3087, 3160, 3233, 3306, 3379, 3452, 3525, 3598, 3671, 3744, 3796, 3817, 3890, 3963, 4036, 4109, 4182, 4255, 4328, 4401, 4474, 4547, 4620, 4693, 4766, 4839, 4912, 4985, 5058, 5131, 5204, 5277)
(22, 95, 168, 241, 314, 387, 460, 533, 606, 679, 752, 825, 898, 971, 1044, 1117, 1190, 1263, 1336, 1409, 1482, 1555, 1628, 1701, 1774, 1847, 1920, 1993, 2066, 2139, 2212, 2285, 2358, 2431, 2504, 2577, 2650, 2723, 2796, 2869, 2942, 3015, 3088, 3161, 3234, 3307, 3380, 3453, 3526, 3599, 3672, 3723, 3745, 3818, 3891, 3964, 4037, 4110, 4183, 4256, 4329, 4402, 4475, 4548, 4621, 4694, 4767, 4840, 4913, 4986, 5059, 5132, 5205, 5278)
(23, 96, 169, 242, 315, 388, 461, 534, 607, 680, 753, 826, 899, 972, 1045, 1118, 1191, 1264, 1337, 1410, 1483, 1556, 1629, 1702, 1775, 1848, 1921, 1994, 2067, 2140, 2213, 2286, 2359, 2432, 2505, 2578, 2651, 2724, 2797, 2870, 2943, 3016, 3089, 3162, 3235, 3308, 3381, 3454, 3527, 3600, 3650, 3673, 3746, 3819, 3892, 3965, 4038, 4111, 4184, 4257, 4330, 4403, 4476, 4549, 4622, 4695, 4768, 4841, 4914, 4987, 5060, 5133, 5206, 5279)
(24, 97, 170, 243, 316, 389, 462, 535, 608, 681, 754, 827, 900, 973, 1046, 1119, 1192, 1265, 1338, 1411, 1484, 1557, 1630, 1703, 1776, 1849, 1922, 1995, 2068, 2141, 2214, 2287, 2360, 2433, 2506, 2579, 2652, 2725, 2798, 2871, 2944, 3017, 3090, 3163, 3236, 3309, 3382, 3455, 3528, 3577, 3601, 3674, 3747, 3820, 3893, 3966, 4039, 4112, 4185, 4258, 4331, 4404, 4477, 4550, 4623, 4696, 4769, 4842, 4915, 4988, 5061, 5134, 5207, 5280)
(25, 98, 171, 244, 317, 390, 463, 536, 609, 682, 755, 828, 901, 974, 1047, 1120, 1193, 1266, 1339, 1412, 1485, 1558, 1631, 1704, 1777, 1850, 1923, 1996, 2069, 2142, 2215, 2288, 2361, 2434, 2507, 2580, 2653, 2726, 2799, 2872, 2945, 3018, 3091, 3164, 3237, 3310, 3383, 3456, 3504, 3529, 3602, 3675, 3748, 3821, 3894, 3967, 4040, 4113, 4186, 4259, 4332, 4405, 4478, 4551, 4624, 4697, 4770, 4843, 4916, 4989, 5062, 5135, 5208, 5281)
(26, 99, 172, 245, 318, 391, 464, 537, 610, 683, 756, 829, 902, 975, 1048, 1121, 1194, 1267, 1340, 1413, 1486, 1559, 1632, 1705, 1778, 1851, 1924, 1997, 2070, 2143, 2216, 2289, 2362, 2435, 2508, 2581, 2654, 2727, 2800, 2873, 2946, 3019, 3092, 3165, 3238, 3311, 3384, 3431, 3457, 3530, 3603, 3676, 3749, 3822, 3895, 3968, 4041, 4114, 4187, 4260, 4333, 4406, 4479, 4552, 4625, 4698, 4771, 4844, 4917, 4990, 5063, 5136, 5209, 5282)
(27, 100, 173, 246, 319, 392, 465, 538, 611, 684, 757, 830, 903, 976, 1049, 1122, 1195, 1268, 1341, 1414, 1487, 1560, 1633, 1706, 1779, 1852, 1925, 1998, 2071, 2144, 2217, 2290, 2363, 2436, 2509, 2582, 2655, 2728, 2801, 2874, 2947, 3020, 3093, 3166, 3239, 3312, 3358, 3385, 3458, 3531, 3604, 3677, 3750, 3823, 3896, 3969, 4042, 4115, 4188, 4261, 4334, 4407, 4480, 4553, 4626, 4699, 4772, 4845, 4918, 4991, 5064, 5137, 5210, 5283)
(28, 101, 174, 247, 320, 393, 466, 539, 612, 685, 758, 831, 904, 977, 1050, 1123, 1196, 1269, 1342, 1415, 1488, 1561, 1634, 1707, 1780, 1853, 1926, 1999, 2072, 2145, 2218, 2291, 2364, 2437, 2510, 2583, 2656, 2729, 2802, 2875, 2948, 3021, 3094, 3167, 3240, 3285, 3313, 3386, 3459, 3532, 3605, 3678, 3751, 3824, 3897, 3970, 4043, 4116, 4189, 4262, 4335, 4408, 4481, 4554, 4627, 4700, 4773, 4846, 4919, 4992, 5065, 5138, 5211, 5284)
(29, 102, 175, 248, 321, 394, 467, 540, 613, 686, 759, 832, 905, 978, 1051, 1124, 1197, 1270, 1343, 1416, 1489, 1562, 1635, 1708, 1781, 1854, 1927, 2000, 2073, 2146, 2219, 2292, 2365, 2438, 2511, 2584, 2657, 2730, 2803, 2876, 2949, 3022, 3095, 3168, 3212, 3241, 3314, 3387, 3460, 3533, 3606, 3679, 3752, 3825, 3898, 3971, 4044, 4117, 4190, 4263, 4336, 4409, 4482, 4555, 4628, 4701, 4774, 4847, 4920, 4993, 5066, 5139, 5212, 5285)
(30, 103, 176, 249, 322, 395, 468, 541, 614, 687, 760, 833, 906, 979, 1052, 1125, 1198, 1271, 1344, 1417, 1490, 1563, 1636, 1709, 1782, 1855, 1928, 2001, 2074, 2147, 2220, 2293, 2366, 2439, 2512, 2585, 2658, 2731, 2804, 2877, 2950, 3023, 3096, 3139, 3169, 3242, 3315, 3388, 3461, 3534, 3607, 3680, 3753, 3826, 3899, 3972, 4045, 4118, 4191, 4264, 4337, 4410, 4483, 4556, 4629, 4702, 4775, 4848, 4921, 4994, 5067, 5140, 5213, 5286)
(31, 104, 177, 250, 323, 396, 469, 542, 615, 688, 761, 834, 907, 980, 1053, 1126, 1199, 1272, 1345, 1418, 1491, 1564, 1637, 1710, 1783, 1856, 1929, 2002, 2075, 2148, 2221, 2294, 2367, 2440, 2513, 2586, 2659, 2732, 2805, 2878, 2951, 3024, 3066, 3097, 3170, 3243, 3316, 3389, 3462, 3535, 3608, 3681, 3754, 3827, 3900, 3973, 4046, 4119, 4192, 4265, 4338, 4411, 4484, 4557, 4630, 4703, 4776, 4849, 4922, 4995, 5068, 5141, 5214, 5287)
(32, 105, 178, 251, 324, 397, 470, 543, 616, 689, 762, 835, 908, 981, 1054, 1127, 1200, 1273, 1346, 1419, 1492, 1565, 1638, 1711, 1784, 1857, 1930, 2003, 2076, 2149, 2222, 2295, 2368, 2441, 2514, 2587, 2660, 2733, 2806, 2879, 2952, 2993, 3025, 3098, 3171, 3244, 3317, 3390, 3463, 3536, 3609, 3682, 3755, 3828, 3901, 3974, 4047, 4120, 4193, 4266, 4339, 4412, 4485, 4558, 4631, 4704, 4777, 4850, 4923, 4996, 5069, 5142, 5215, 5288)
(33, 106, 179, 252, 325, 398, 471, 544, 617, 690, 763, 836, 909, 982, 1055, 1128, 1201, 1274, 1347, 1420, 1493, 1566, 1639, 1712, 1785, 1858, 1931, 2004, 2077, 2150, 2223, 2296, 2369, 2442, 2515, 2588, 2661, 2734, 2807, 2880, 2920, 2953, 3026, 3099, 3172, 3245, 3318, 3391, 3464, 3537, 3610, 3683, 3756, 3829, 3902, 3975, 4048, 4121, 4194, 4267, 4340, 4413, 4486, 4559, 4632, 4705, 4778, 4851, 4924, 4997, 5070, 5143, 5216, 5289)
(34, 107, 180, 253, 326, 399, 472, 545, 618, 691, 764, 837, 910, 983, 1056, 1129, 1202, 1275, 1348, 1421, 1494, 1567, 1640, 1713, 1786, 1859, 1932, 2005, 2078, 2151, 2224, 2297, 2370, 2443, 2516, 2589, 2662, 2735, 2808, 2847, 2881, 2954, 3027, 3100, 3173, 3246, 3319, 3392, 3465, 3538, 3611, 3684, 3757, 3830, 3903, 3976, 4049, 4122, 4195, 4268, 4341, 4414, 4487, 4560, 4633, 4706, 4779, 4852, 4925, 4998, 5071, 5144, 5217, 5290)
(35, 108, 181, 254, 327, 400, 473, 546, 619, 692, 765, 838, 911, 984, 1057, 1130, 1203, 1276, 1349, 1422, 1495, 1568, 1641, 1714, 1787, 1860, 1933, 2006, 2079, 2152, 2225, 2298, 2371, 2444, 2517, 2590, 2663, 2736, 2774, 2809, 2882, 2955, 3028, 3101, 3174, 3247, 3320, 3393, 3466, 3539, 3612, 3685, 3758, 3831, 3904, 3977, 4050, 4123, 4196, 4269, 4342, 4415, 4488, 4561, 4634, 4707, 4780, 4853, 4926, 4999, 5072, 5145, 5218, 5291)
(36, 109, 182, 255, 328, 401, 474, 547, 620, 693, 766, 839, 912, 985, 1058, 1131, 1204, 1277, 1350, 1423, 1496, 1569, 1642, 1715, 1788, 1861, 1934, 2007, 2080, 2153, 2226, 2299, 2372, 2445, 2518, 2591, 2664, 2701, 2737, 2810, 2883, 2956, 3029, 3102, 3175, 3248, 3321, 3394, 3467, 3540, 3613, 3686, 3759, 3832, 3905, 3978, 4051, 4124, 4197, 4270, 4343, 4416, 4489, 4562, 4635, 4708, 4781, 4854, 4927, 5000, 5073, 5146, 5219, 5292)
(37, 110, 183, 256, 329, 402, 475, 548, 621, 694, 767, 840, 913, 986, 1059, 1132, 1205, 1278, 1351, 1424, 1497, 1570, 1643, 1716, 1789, 1862, 1935, 2008, 2081, 2154, 2227, 2300, 2373, 2446, 2519, 2592, 2628, 2665, 2738, 2811, 2884, 2957, 3030, 3103, 3176, 3249, 3322, 3395, 3468, 3541, 3614, 3687, 3760, 3833, 3906, 3979, 4052, 4125, 4198, 4271, 4344, 4417, 4490, 4563, 4636, 4709, 4782, 4855, 4928, 5001, 5074, 5147, 5220, 5293)
(38, 111, 184, 257, 330, 403, 476, 549, 622, 695, 768, 841, 914, 987, 1060, 1133, 1206, 1279, 1352, 1425, 1498, 1571, 1644, 1717, 1790, 1863, 1936, 2009, 2082, 2155, 2228, 2301, 2374, 2447, 2520, 2555, 2593, 2666, 2739, 2812, 2885, 2958, 3031, 3104, 3177, 3250, 3323, 3396, 3469, 3542, 3615, 3688, 3761, 3834, 3907, 3980, 4053, 4126, 4199, 4272, 4345, 4418, 4491, 4564, 4637, 4710, 4783, 4856, 4929, 5002, 5075, 5148, 5221, 5294)
(39, 112, 185, 258, 331, 404, 477, 550, 623, 696, 769, 842, 915, 988, 1061, 1134, 1207, 1280, 1353, 1426, 1499, 1572, 1645, 1718, 1791, 1864, 1937, 2010, 2083, 2156, 2229, 2302, 2375, 2448, 2482, 2521, 2594, 2667, 2740, 2813, 2886, 2959, 3032, 3105, 3178, 3251, 3324, 3397, 3470, 3543, 3616, 3689, 3762, 3835, 3908, 3981, 4054, 4127, 4200, 4273, 4346, 4419, 4492, 4565, 4638, 4711, 4784, 4857, 4930, 5003, 5076, 5149, 5222, 5295)
(40, 113, 186, 259, 332, 405, 478, 551, 624, 697, 770, 843, 916, 989, 1062, 1135, 1208, 1281, 1354, 1427, 1500, 1573, 1646, 1719, 1792, 1865, 1938, 2011, 2084, 2157, 2230, 2303, 2376, 2409, 2449, 2522, 2595, 2668, 2741, 2814, 2887, 2960, 3033, 3106, 3179, 3252, 3325, 3398, 3471, 3544, 3617, 3690, 3763, 3836, 3909, 3982, 4055, 4128, 4201, 4274, 4347, 4420, 4493, 4566, 4639, 4712, 4785, 4858, 4931, 5004, 5077, 5150, 5223, 5296)
(41, 114, 187, 260, 333, 406, 479, 552, 625, 698, 771, 844, 917, 990, 1063, 1136, 1209, 1282, 1355, 1428, 1501, 1574, 1647, 1720, 1793, 1866, 1939, 2012, 2085, 2158, 2231, 2304, 2336, 2377, 2450, 2523, 2596, 2669, 2742, 2815, 2888, 2961, 3034, 3107, 3180, 3253, 3326, 3399, 3472, 3545, 3618, 3691, 3764, 3837, 3910, 3983, 4056, 4129, 4202, 4275, 4348, 4421, 4494, 4567, 4640, 4713, 4786, 4859, 4932, 5005, 5078, 5151, 5224, 5297)
(42, 115, 188, 261, 334, 407, 480, 553, 626, 699, 772, 845, 918, 991, 1064, 1137, 1210, 1283, 1356, 1429, 1502, 1575, 1648, 1721, 1794, 1867, 1940, 2013, 2086, 2159, 2232, 2263, 2305, 2378, 2451, 2524, 2597, 2670, 2743, 2816, 2889, 2962, 3035, 3108, 3181, 3254, 3327, 3400, 3473, 3546, 3619, 3692, 3765, 3838, 3911, 3984, 4057, 4130, 4203, 4276, 4349, 4422, 4495, 4568, 4641, 4714, 4787, 4860, 4933, 5006, 5079, 5152, 5225, 5298)
(43, 116, 189, 262, 335, 408, 481, 554, 627, 700, 773, 846, 919, 992, 1065, 1138, 1211, 1284, 1357, 1430, 1503, 1576, 1649, 1722, 1795, 1868, 1941, 2014, 2087, 2160, 2190, 2233, 2306, 2379, 2452, 2525, 2598, 2671, 2744, 2817, 2890, 2963, 3036, 3109, 3182, 3255, 3328, 3401, 3474, 3547, 3620, 3693, 3766, 3839, 3912, 3985, 4058, 4131, 4204, 4277, 4350, 4423, 4496, 4569, 4642, 4715, 4788, 4861, 4934, 5007, 5080, 5153, 5226, 5299)
(44, 117, 190, 263, 336, 409, 482, 555, 628, 701, 774, 847, 920, 993, 1066, 1139, 1212, 1285, 1358, 1431, 1504, 1577, 1650, 1723, 1796, 1869, 1942, 2015, 2088, 2117, 2161, 2234, 2307, 2380, 2453, 2526, 2599, 2672, 2745, 2818, 2891, 2964, 3037, 3110, 3183, 3256, 3329, 3402, 3475, 3548, 3621, 3694, 3767, 3840, 3913, 3986, 4059, 4132, 4205, 4278, 4351, 4424, 4497, 4570, 4643, 4716, 4789, 4862, 4935, 5008, 5081, 5154, 5227, 5300)
(45, 118, 191, 264, 337, 410, 483, 556, 629, 702, 775, 848, 921, 994, 1067, 1140, 1213, 1286, 1359, 1432, 1505, 1578, 1651, 1724, 1797, 1870, 1943, 2016, 2044, 2089, 2162, 2235, 2308, 2381, 2454, 2527, 2600, 2673, 2746, 2819, 2892, 2965, 3038, 3111, 3184, 3257, 3330, 3403, 3476, 3549, 3622, 3695, 3768, 3841, 3914, 3987, 4060, 4133, 4206, 4279, 4352, 4425, 4498, 4571, 4644, 4717, 4790, 4863, 4936, 5009, 5082, 5155, 5228, 5301)
(46, 119, 192, 265, 338, 411, 484, 557, 630, 703, 776, 849, 922, 995, 1068, 1141, 1214, 1287, 1360, 1433, 1506, 1579, 1652, 1725, 1798, 1871, 1944, 1971, 2017, 2090, 2163, 2236, 2309, 2382, 2455, 2528, 2601, 2674, 2747, 2820, 2893, 2966, 3039, 3112, 3185, 3258, 3331, 3404, 3477, 3550, 3623, 3696, 3769, 3842, 3915, 3988, 4061, 4134, 4207, 4280, 4353, 4426, 4499, 4572, 4645, 4718, 4791, 4864, 4937, 5010, 5083, 5156, 5229, 5302)
(47, 120, 193, 266, 339, 412, 485, 558, 631, 704, 777, 850, 923, 996, 1069, 1142, 1215, 1288, 1361, 1434, 1507, 1580, 1653, 1726, 1799, 1872, 1898, 1945, 2018, 2091, 2164, 2237, 2310, 2383, 2456, 2529, 2602, 2675, 2748, 2821, 2894, 2967, 3040, 3113, 3186, 3259, 3332, 3405, 3478, 3551, 3624, 3697, 3770, 3843, 3916, 3989, 4062, 4135, 4208, 4281, 4354, 4427, 4500, 4573, 4646, 4719, 4792, 4865, 4938, 5011, 5084, 5157, 5230, 5303)
(48, 121, 194, 267, 340, 413, 486, 559, 632, 705, 778, 851, 924, 997, 1070, 1143, 1216, 1289, 1362, 1435, 1508, 1581, 1654, 1727, 1800, 1825, 1873, 1946, 2019, 2092, 2165, 2238, 2311, 2384, 2457, 2530, 2603, 2676, 2749, 2822, 2895, 2968, 3041, 3114, 3187, 3260, 3333, 3406, 3479, 3552, 3625, 3698, 3771, 3844, 3917, 3990, 4063, 4136, 4209, 4282, 4355, 4428, 4501, 4574, 4647, 4720, 4793, 4866, 4939, 5012, 5085, 5158, 5231, 5304)
(49, 122, 195, 268, 341, 414, 487, 560, 633, 706, 779, 852, 925, 998, 1071, 1144, 1217, 1290, 1363, 1436, 1509, 1582, 1655, 1728, 1752, 1801, 1874, 1947, 2020, 2093, 2166, 2239, 2312, 2385, 2458, 2531, 2604, 2677, 2750, 2823, 2896, 2969, 3042, 3115, 3188, 3261, 3334, 3407, 3480, 3553, 3626, 3699, 3772, 3845, 3918, 3991, 4064, 4137, 4210, 4283, 4356, 4429, 4502, 4575, 4648, 4721, 4794, 4867, 4940, 5013, 5086, 5159, 5232, 5305)
(50, 123, 196, 269, 342, 415, 488, 561, 634, 707, 780, 853, 926, 999, 1072, 1145, 1218, 1291, 1364, 1437, 1510, 1583, 1656, 1679, 1729, 1802, 1875, 1948, 2021, 2094, 2167, 2240, 2313, 2386, 2459, 2532, 2605, 2678, 2751, 2824, 2897, 2970, 3043, 3116, 3189, 3262, 3335, 3408, 3481, 3554, 3627, 3700, 3773, 3846, 3919, 3992, 4065, 4138, 4211, 4284, 4357, 4430, 4503, 4576, 4649, 4722, 4795, 4868, 4941, 5014, 5087, 5160, 5233, 5306)
(51, 124, 197, 270, 343, 416, 489, 562, 635, 708, 781, 854, 927, 1000, 1073, 1146, 1219, 1292, 1365, 1438, 1511, 1584, 1606, 1657, 1730, 1803, 1876, 1949, 2022, 2095, 2168, 2241, 2314, 2387, 2460, 2533, 2606, 2679, 2752, 2825, 2898, 2971, 3044, 3117, 3190, 3263, 3336, 3409, 3482, 3555, 3628, 3701, 3774, 3847, 3920, 3993, 4066, 4139, 4212, 4285, 4358, 4431, 4504, 4577, 4650, 4723, 4796, 4869, 4942, 5015, 5088, 5161, 5234, 5307)
(52, 125, 198, 271, 344, 417, 490, 563, 636, 709, 782, 855, 928, 1001, 1074, 1147, 1220, 1293, 1366, 1439, 1512, 1533, 1585, 1658, 1731, 1804, 1877, 1950, 2023, 2096, 2169, 2242, 2315, 2388, 2461, 2534, 2607, 2680, 2753, 2826, 2899, 2972, 3045, 3118, 3191, 3264, 3337, 3410, 3483, 3556, 3629, 3702, 3775, 3848, 3921, 3994, 4067, 4140, 4213, 4286, 4359, 4432, 4505, 4578, 4651, 4724, 4797, 4870, 4943, 5016, 5089, 5162, 5235, 5308)
(53, 126, 199, 272, 345, 418, 491, 564, 637, 710, 783, 856, 929, 1002, 1075, 1148, 1221, 1294, 1367, 1440, 1460, 1513, 1586, 1659, 1732, 1805, 1878, 1951, 2024, 2097, 2170, 2243, 2316, 2389, 2462, 2535, 2608, 2681, 2754, 2827, 2900, 2973, 3046, 3119, 3192, 3265, 3338, 3411, 3484, 3557, 3630, 3703, 3776, 3849, 3922, 3995, 4068, 4141, 4214, 4287, 4360, 4433, 4506, 4579, 4652, 4725, 4798, 4871, 4944, 5017, 5090, 5163, 5236, 5309)
(54, 127, 200, 273, 346, 419, 492, 565, 638, 711, 784, 857, 930, 1003, 1076, 1149, 1222, 1295, 1368, 1387, 1441, 1514, 1587, 1660, 1733, 1806, 1879, 1952, 2025, 2098, 2171, 2244, 2317, 2390, 2463, 2536, 2609, 2682, 2755, 2828, 2901, 2974, 3047, 3120, 3193, 3266, 3339, 3412, 3485, 3558, 3631, 3704, 3777, 3850, 3923, 3996, 4069, 4142, 4215, 4288, 4361, 4434, 4507, 4580, 4653, 4726, 4799, 4872, 4945, 5018, 5091, 5164, 5237, 5310)
(55, 128, 201, 274, 347, 420, 493, 566, 639, 712, 785, 858, 931, 1004, 1077, 1150, 1223, 1296, 1314, 1369, 1442, 1515, 1588, 1661, 1734, 1807, 1880, 1953, 2026, 2099, 2172, 2245, 2318, 2391, 2464, 2537, 2610, 2683, 2756, 2829, 2902, 2975, 3048, 3121, 3194, 3267, 3340, 3413, 3486, 3559, 3632, 3705, 3778, 3851, 3924, 3997, 4070, 4143, 4216, 4289, 4362, 4435, 4508, 4581, 4654, 4727, 4800, 4873, 4946, 5019, 5092, 5165, 5238, 5311)
(56, 129, 202, 275, 348, 421, 494, 567, 640, 713, 786, 859, 932, 1005, 1078, 1151, 1224, 1241, 1297, 1370, 1443, 1516, 1589, 1662, 1735, 1808, 1881, 1954, 2027, 2100, 2173, 2246, 2319, 2392, 2465, 2538, 2611, 2684, 2757, 2830, 2903, 2976, 3049, 3122, 3195, 3268, 3341, 3414, 3487, 3560, 3633, 3706, 3779, 3852, 3925, 3998, 4071, 4144, 4217, 4290, 4363, 4436, 4509, 4582, 4655, 4728, 4801, 4874, 4947, 5020, 5093, 5166, 5239, 5312)
(57, 130, 203, 276, 349, 422, 495, 568, 641, 714, 787, 860, 933, 1006, 1079, 1152, 1168, 1225, 1298, 1371, 1444, 1517, 1590, 1663, 1736, 1809, 1882, 1955, 2028, 2101, 2174, 2247, 2320, 2393, 2466, 2539, 2612, 2685, 2758, 2831, 2904, 2977, 3050, 3123, 3196, 3269, 3342, 3415, 3488, 3561, 3634, 3707, 3780, 3853, 3926, 3999, 4072, 4145, 4218, 4291, 4364, 4437, 4510, 4583, 4656, 4729, 4802, 4875, 4948, 5021, 5094, 5167, 5240, 5313)
(58, 131, 204, 277, 350, 423, 496, 569, 642, 715, 788, 861, 934, 1007, 1080, 1095, 1153, 1226, 1299, 1372, 1445, 1518, 1591, 1664, 1737, 1810, 1883, 1956, 2029, 2102, 2175, 2248, 2321, 2394, 2467, 2540, 2613, 2686, 2759, 2832, 2905, 2978, 3051, 3124, 3197, 3270, 3343, 3416, 3489, 3562, 3635, 3708, 3781, 3854, 3927, 4000, 4073, 4146, 4219, 4292, 4365, 4438, 4511, 4584, 4657, 4730, 4803, 4876, 4949, 5022, 5095, 5168, 5241, 5314)
(59, 132, 205, 278, 351, 424, 497, 570, 643, 716, 789, 862, 935, 1008, 1022, 1081, 1154, 1227, 1300, 1373, 1446, 1519, 1592, 1665, 1738, 1811, 1884, 1957, 2030, 2103, 2176, 2249, 2322, 2395, 2468, 2541, 2614, 2687, 2760, 2833, 2906, 2979, 3052, 3125, 3198, 3271, 3344, 3417, 3490, 3563, 3636, 3709, 3782, 3855, 3928, 4001, 4074, 4147, 4220, 4293, 4366, 4439, 4512, 4585, 4658, 4731, 4804, 4877, 4950, 5023, 5096, 5169, 5242, 5315)
(60, 133, 206, 279, 352, 425, 498, 571, 644, 717, 790, 863, 936, 949, 1009, 1082, 1155, 1228, 1301, 1374, 1447, 1520, 1593, 1666, 1739, 1812, 1885, 1958, 2031, 2104, 2177, 2250, 2323, 2396, 2469, 2542, 2615, 2688, 2761, 2834, 2907, 2980, 3053, 3126, 3199, 3272, 3345, 3418, 3491, 3564, 3637, 3710, 3783, 3856, 3929, 4002, 4075, 4148, 4221, 4294, 4367, 4440, 4513, 4586, 4659, 4732, 4805, 4878, 4951, 5024, 5097, 5170, 5243, 5316)
(61, 134, 207, 280, 353, 426, 499, 572, 645, 718, 791, 864, 876, 937, 1010, 1083, 1156, 1229, 1302, 1375, 1448, 1521, 1594, 1667, 1740, 1813, 1886, 1959, 2032, 2105, 2178, 2251, 2324, 2397, 2470, 2543, 2616, 2689, 2762, 2835, 2908, 2981, 3054, 3127, 3200, 3273, 3346, 3419, 3492, 3565, 3638, 3711, 3784, 3857, 3930, 4003, 4076, 4149, 4222, 4295, 4368, 4441, 4514, 4587, 4660, 4733, 4806, 4879, 4952, 5025, 5098, 5171, 5244, 5317)
(62, 135, 208, 281, 354, 427, 500, 573, 646, 719, 792, 803, 865, 938, 1011, 1084, 1157, 1230, 1303, 1376, 1449, 1522, 1595, 1668, 1741, 1814, 1887, 1960, 2033, 2106, 2179, 2252, 2325, 2398, 2471, 2544, 2617, 2690, 2763, 2836, 2909, 2982, 3055, 3128, 3201, 3274, 3347, 3420, 3493, 3566, 3639, 3712, 3785, 3858, 3931, 4004, 4077, 4150, 4223, 4296, 4369, 4442, 4515, 4588, 4661, 4734, 4807, 4880, 4953, 5026, 5099, 5172, 5245, 5318)
(63, 136, 209, 282, 355, 428, 501, 574, 647, 720, 730, 793, 866, 939, 1012, 1085, 1158, 1231, 1304, 1377, 1450, 1523, 1596, 1669, 1742, 1815, 1888, 1961, 2034, 2107, 2180, 2253, 2326, 2399, 2472, 2545, 2618, 2691, 2764, 2837, 2910, 2983, 3056, 3129, 3202, 3275, 3348, 3421, 3494, 3567, 3640, 3713, 3786, 3859, 3932, 4005, 4078, 4151, 4224, 4297, 4370, 4443, 4516, 4589, 4662, 4735, 4808, 4881, 4954, 5027, 5100, 5173, 5246, 5319)
(64, 137, 210, 283, 356, 429, 502, 575, 648, 657, 721, 794, 867, 940, 1013, 1086, 1159, 1232, 1305, 1378, 1451, 1524, 1597, 1670, 1743, 1816, 1889, 1962, 2035, 2108, 2181, 2254, 2327, 2400, 2473, 2546, 2619, 2692, 2765, 2838, 2911, 2984, 3057, 3130, 3203, 3276, 3349, 3422, 3495, 3568, 3641, 3714, 3787, 3860, 3933, 4006, 4079, 4152, 4225, 4298, 4371, 4444, 4517, 4590, 4663, 4736, 4809, 4882, 4955, 5028, 5101, 5174, 5247, 5320)
(65, 138, 211, 284, 357, 430, 503, 576, 584, 649, 722, 795, 868, 941, 1014, 1087, 1160, 1233, 1306, 1379, 1452, 1525, 1598, 1671, 1744, 1817, 1890, 1963, 2036, 2109, 2182, 2255, 2328, 2401, 2474, 2547, 2620, 2693, 2766, 2839, 2912, 2985, 3058, 3131, 3204, 3277, 3350, 3423, 3496, 3569, 3642, 3715, 3788, 3861, 3934, 4007, 4080, 4153, 4226, 4299, 4372, 4445, 4518, 4591, 4664, 4737, 4810, 4883, 4956, 5029, 5102, 5175, 5248, 5321)
(66, 139, 212, 285, 358, 431, 504, 511, 577, 650, 723, 796, 869, 942, 1015, 1088, 1161, 1234, 1307, 1380, 1453, 1526, 1599, 1672, 1745, 1818, 1891, 1964, 2037, 2110, 2183, 2256, 2329, 2402, 2475, 2548, 2621, 2694, 2767, 2840, 2913, 2986, 3059, 3132, 3205, 3278, 3351, 3424, 3497, 3570, 3643, 3716, 3789, 3862, 3935, 4008, 4081, 4154, 4227, 4300, 4373, 4446, 4519, 4592, 4665, 4738, 4811, 4884, 4957, 5030, 5103, 5176, 5249, 5322)
(67, 140, 213, 286, 359, 432, 438, 505, 578, 651, 724, 797, 870, 943, 1016, 1089, 1162, 1235, 1308, 1381, 1454, 1527, 1600, 1673, 1746, 1819, 1892, 1965, 2038, 2111, 2184, 2257, 2330, 2403, 2476, 2549, 2622, 2695, 2768, 2841, 2914, 2987, 3060, 3133, 3206, 3279, 3352, 3425, 3498, 3571, 3644, 3717, 3790, 3863, 3936, 4009, 4082, 4155, 4228, 4301, 4374, 4447, 4520, 4593, 4666, 4739, 4812, 4885, 4958, 5031, 5104, 5177, 5250, 5323)
(68, 141, 214, 287, 360, 365, 433, 506, 579, 652, 725, 798, 871, 944, 1017, 1090, 1163, 1236, 1309, 1382, 1455, 1528, 1601, 1674, 1747, 1820, 1893, 1966, 2039, 2112, 2185, 2258, 2331, 2404, 2477, 2550, 2623, 2696, 2769, 2842, 2915, 2988, 3061, 3134, 3207, 3280, 3353, 3426, 3499, 3572, 3645, 3718, 3791, 3864, 3937, 4010, 4083, 4156, 4229, 4302, 4375, 4448, 4521, 4594, 4667, 4740, 4813, 4886, 4959, 5032, 5105, 5178, 5251, 5324)
(69, 142, 215, 288, 292, 361, 434, 507, 580, 653, 726, 799, 872, 945, 1018, 1091, 1164, 1237, 1310, 1383, 1456, 1529, 1602, 1675, 1748, 1821, 1894, 1967, 2040, 2113, 2186, 2259, 2332, 2405, 2478, 2551, 2624, 2697, 2770, 2843, 2916, 2989, 3062, 3135, 3208, 3281, 3354, 3427, 3500, 3573, 3646, 3719, 3792, 3865, 3938, 4011, 4084, 4157, 4230, 4303, 4376, 4449, 4522, 4595, 4668, 4741, 4814, 4887, 4960, 5033, 5106, 5179, 5252, 5325)
(70, 143, 216, 219, 289, 362, 435, 508, 581, 654, 727, 800, 873, 946, 1019, 1092, 1165, 1238, 1311, 1384, 1457, 1530, 1603, 1676, 1749, 1822, 1895, 1968, 2041, 2114, 2187, 2260, 2333, 2406, 2479, 2552, 2625, 2698, 2771, 2844, 2917, 2990, 3063, 3136, 3209, 3282, 3355, 3428, 3501, 3574, 3647, 3720, 3793, 3866, 3939, 4012, 4085, 4158, 4231, 4304, 4377, 4450, 4523, 4596, 4669, 4742, 4815, 4888, 4961, 5034, 5107, 5180, 5253, 5326)
(71, 144, 146, 217, 290, 363, 436, 509, 582, 655, 728, 801, 874, 947, 1020, 1093, 1166, 1239, 1312, 1385, 1458, 1531, 1604, 1677, 1750, 1823, 1896, 1969, 2042, 2115, 2188, 2261, 2334, 2407, 2480, 2553, 2626, 2699, 2772, 2845, 2918, 2991, 3064, 3137, 3210, 3283, 3356, 3429, 3502, 3575, 3648, 3721, 3794, 3867, 3940, 4013, 4086, 4159, 4232, 4305, 4378, 4451, 4524, 4597, 4670, 4743, 4816, 4889, 4962, 5035, 5108, 5181, 5254, 5327)
(72, 73, 145, 218, 291, 364, 437, 510, 583, 656, 729, 802, 875, 948, 1021, 1094, 1167, 1240, 1313, 1386, 1459, 1532, 1605, 1678, 1751, 1824, 1897, 1970, 2043, 2116, 2189, 2262, 2335, 2408, 2481, 2554, 2627, 2700, 2773, 2846, 2919, 2992, 3065, 3138, 3211, 3284, 3357, 3430, 3503, 3576, 3649, 3722, 3795, 3868, 3941, 4014, 4087, 4160, 4233, 4306, 4379, 4452, 4525, 4598, 4671, 4744, 4817, 4890, 4963, 5036, 5109, 5182, 5255, 5328)
