Running method validate_set_V(m = 25, d = 7) and generating using halves:

Summary:
given m = 25, d = 7
Calculations took 0 days, 0 hours, 0 minutes, 0 seconds, 28 miliseconds, 573 microseconds, 100 nanoseconds.
Z/mZ:  [0, 1, 2, 3, 4, 5, 6, 7, 8, 9, 10, 11, 12, 13, 14, 15, 16, 17, 18, 19, 20, 21, 22, 23, 24]
Z/mZ*: [1, 2, 3, 4, 6, 7, 8, 9, 11, 12, 13, 14, 16, 17, 18, 19, 21, 22, 23, 24]
All ascending & non-repeating tuple (size 14) combinations possible for the U set: 1961256
                      V set: contains 852 tuples
          all_are_pairs set: contains 792 tuples
         some_are_pairs set: contains 60 tuples
         none_are_pairs set: contains 0 tuples
         indecomposable set: contains 0 tuples
decomposable & no pairs set: contains 0 tuples
     exceptional_cycles set: contains 60 tuples

Print V set (contains 852 tuples): {
(1, 2, 3, 4, 5, 6, 7, 18, 19, 20, 21, 22, 23, 24)
(1, 2, 3, 4, 5, 6, 8, 17, 19, 20, 21, 22, 23, 24)
(1, 2, 3, 4, 5, 6, 9, 16, 19, 20, 21, 22, 23, 24)
(1, 2, 3, 4, 5, 6, 10, 15, 19, 20, 21, 22, 23, 24)
(1, 2, 3, 4, 5, 6, 11, 14, 19, 20, 21, 22, 23, 24)
(1, 2, 3, 4, 5, 6, 12, 13, 19, 20, 21, 22, 23, 24)
(1, 2, 3, 4, 5, 7, 8, 17, 18, 20, 21, 22, 23, 24)
(1, 2, 3, 4, 5, 7, 9, 16, 18, 20, 21, 22, 23, 24)
(1, 2, 3, 4, 5, 7, 10, 15, 18, 20, 21, 22, 23, 24)
(1, 2, 3, 4, 5, 7, 11, 14, 18, 20, 21, 22, 23, 24)
(1, 2, 3, 4, 5, 7, 12, 13, 18, 20, 21, 22, 23, 24)
(1, 2, 3, 4, 5, 8, 9, 16, 17, 20, 21, 22, 23, 24)
(1, 2, 3, 4, 5, 8, 10, 15, 17, 20, 21, 22, 23, 24)
(1, 2, 3, 4, 5, 8, 11, 14, 17, 20, 21, 22, 23, 24)
(1, 2, 3, 4, 5, 8, 12, 13, 17, 20, 21, 22, 23, 24)
(1, 2, 3, 4, 5, 9, 10, 15, 16, 20, 21, 22, 23, 24)
(1, 2, 3, 4, 5, 9, 11, 14, 16, 20, 21, 22, 23, 24)
(1, 2, 3, 4, 5, 9, 12, 13, 16, 20, 21, 22, 23, 24)
(1, 2, 3, 4, 5, 10, 11, 14, 15, 20, 21, 22, 23, 24)
(1, 2, 3, 4, 5, 10, 12, 13, 15, 20, 21, 22, 23, 24)
(1, 2, 3, 4, 5, 11, 12, 13, 14, 20, 21, 22, 23, 24)
(1, 2, 3, 4, 6, 7, 8, 17, 18, 19, 21, 22, 23, 24)
(1, 2, 3, 4, 6, 7, 9, 16, 18, 19, 21, 22, 23, 24)
(1, 2, 3, 4, 6, 7, 10, 15, 18, 19, 21, 22, 23, 24)
(1, 2, 3, 4, 6, 7, 11, 14, 18, 19, 21, 22, 23, 24)
(1, 2, 3, 4, 6, 7, 12, 13, 18, 19, 21, 22, 23, 24)
(1, 2, 3, 4, 6, 8, 9, 16, 17, 19, 21, 22, 23, 24)
(1, 2, 3, 4, 6, 8, 10, 15, 17, 19, 21, 22, 23, 24)
(1, 2, 3, 4, 6, 8, 11, 14, 17, 19, 21, 22, 23, 24)
(1, 2, 3, 4, 6, 8, 12, 13, 17, 19, 21, 22, 23, 24)
(1, 2, 3, 4, 6, 9, 10, 15, 16, 19, 21, 22, 23, 24)
(1, 2, 3, 4, 6, 9, 11, 14, 16, 19, 21, 22, 23, 24)
(1, 2, 3, 4, 6, 9, 12, 13, 16, 19, 21, 22, 23, 24)
(1, 2, 3, 4, 6, 10, 11, 14, 15, 19, 21, 22, 23, 24)
(1, 2, 3, 4, 6, 10, 12, 13, 15, 19, 21, 22, 23, 24)
(1, 2, 3, 4, 6, 11, 12, 13, 14, 19, 21, 22, 23, 24)
(1, 2, 3, 4, 7, 8, 9, 16, 17, 18, 21, 22, 23, 24)
(1, 2, 3, 4, 7, 8, 10, 15, 17, 18, 21, 22, 23, 24)
(1, 2, 3, 4, 7, 8, 11, 14, 17, 18, 21, 22, 23, 24)
(1, 2, 3, 4, 7, 8, 12, 13, 17, 18, 21, 22, 23, 24)
(1, 2, 3, 4, 7, 9, 10, 15, 16, 18, 21, 22, 23, 24)
(1, 2, 3, 4, 7, 9, 11, 14, 16, 18, 21, 22, 23, 24)
(1, 2, 3, 4, 7, 9, 12, 13, 16, 18, 21, 22, 23, 24)
(1, 2, 3, 4, 7, 10, 11, 14, 15, 18, 21, 22, 23, 24)
(1, 2, 3, 4, 7, 10, 12, 13, 15, 18, 21, 22, 23, 24)
(1, 2, 3, 4, 7, 11, 12, 13, 14, 18, 21, 22, 23, 24)
(1, 2, 3, 4, 8, 9, 10, 15, 16, 17, 21, 22, 23, 24)
(1, 2, 3, 4, 8, 9, 11, 14, 16, 17, 21, 22, 23, 24)
(1, 2, 3, 4, 8, 9, 12, 13, 16, 17, 21, 22, 23, 24)
(1, 2, 3, 4, 8, 10, 11, 14, 15, 17, 21, 22, 23, 24)
(1, 2, 3, 4, 8, 10, 12, 13, 15, 17, 21, 22, 23, 24)
(1, 2, 3, 4, 8, 11, 12, 13, 14, 17, 21, 22, 23, 24)
(1, 2, 3, 4, 9, 10, 11, 14, 15, 16, 21, 22, 23, 24)
(1, 2, 3, 4, 9, 10, 12, 13, 15, 16, 21, 22, 23, 24)
(1, 2, 3, 4, 9, 11, 12, 13, 14, 16, 21, 22, 23, 24)
(1, 2, 3, 4, 10, 11, 12, 13, 14, 15, 21, 22, 23, 24)
(1, 2, 3, 5, 6, 7, 8, 17, 18, 19, 20, 22, 23, 24)
(1, 2, 3, 5, 6, 7, 9, 16, 18, 19, 20, 22, 23, 24)
(1, 2, 3, 5, 6, 7, 10, 15, 18, 19, 20, 22, 23, 24)
(1, 2, 3, 5, 6, 7, 11, 14, 18, 19, 20, 22, 23, 24)
(1, 2, 3, 5, 6, 7, 12, 13, 18, 19, 20, 22, 23, 24)
(1, 2, 3, 5, 6, 8, 9, 16, 17, 19, 20, 22, 23, 24)
(1, 2, 3, 5, 6, 8, 10, 15, 17, 19, 20, 22, 23, 24)
(1, 2, 3, 5, 6, 8, 11, 14, 17, 19, 20, 22, 23, 24)
(1, 2, 3, 5, 6, 8, 12, 13, 17, 19, 20, 22, 23, 24)
(1, 2, 3, 5, 6, 9, 10, 15, 16, 19, 20, 22, 23, 24)
(1, 2, 3, 5, 6, 9, 11, 14, 16, 19, 20, 22, 23, 24)
(1, 2, 3, 5, 6, 9, 12, 13, 16, 19, 20, 22, 23, 24)
(1, 2, 3, 5, 6, 10, 11, 14, 15, 19, 20, 22, 23, 24)
(1, 2, 3, 5, 6, 10, 12, 13, 15, 19, 20, 22, 23, 24)
(1, 2, 3, 5, 6, 11, 12, 13, 14, 19, 20, 22, 23, 24)
(1, 2, 3, 5, 7, 8, 9, 16, 17, 18, 20, 22, 23, 24)
(1, 2, 3, 5, 7, 8, 10, 15, 17, 18, 20, 22, 23, 24)
(1, 2, 3, 5, 7, 8, 11, 14, 17, 18, 20, 22, 23, 24)
(1, 2, 3, 5, 7, 8, 12, 13, 17, 18, 20, 22, 23, 24)
(1, 2, 3, 5, 7, 9, 10, 15, 16, 18, 20, 22, 23, 24)
(1, 2, 3, 5, 7, 9, 11, 14, 16, 18, 20, 22, 23, 24)
(1, 2, 3, 5, 7, 9, 12, 13, 16, 18, 20, 22, 23, 24)
(1, 2, 3, 5, 7, 10, 11, 14, 15, 18, 20, 22, 23, 24)
(1, 2, 3, 5, 7, 10, 12, 13, 15, 18, 20, 22, 23, 24)
(1, 2, 3, 5, 7, 11, 12, 13, 14, 18, 20, 22, 23, 24)
(1, 2, 3, 5, 8, 9, 10, 15, 16, 17, 20, 22, 23, 24)
(1, 2, 3, 5, 8, 9, 11, 14, 16, 17, 20, 22, 23, 24)
(1, 2, 3, 5, 8, 9, 12, 13, 16, 17, 20, 22, 23, 24)
(1, 2, 3, 5, 8, 10, 11, 14, 15, 17, 20, 22, 23, 24)
(1, 2, 3, 5, 8, 10, 12, 13, 15, 17, 20, 22, 23, 24)
(1, 2, 3, 5, 8, 11, 12, 13, 14, 17, 20, 22, 23, 24)
(1, 2, 3, 5, 9, 10, 11, 14, 15, 16, 20, 22, 23, 24)
(1, 2, 3, 5, 9, 10, 12, 13, 15, 16, 20, 22, 23, 24)
(1, 2, 3, 5, 9, 11, 12, 13, 14, 16, 20, 22, 23, 24)
(1, 2, 3, 5, 10, 11, 12, 13, 14, 15, 20, 22, 23, 24)
(1, 2, 3, 6, 7, 8, 9, 16, 17, 18, 19, 22, 23, 24)
(1, 2, 3, 6, 7, 8, 10, 15, 17, 18, 19, 22, 23, 24)
(1, 2, 3, 6, 7, 8, 11, 14, 17, 18, 19, 22, 23, 24)
(1, 2, 3, 6, 7, 8, 11, 16, 17, 18, 20, 21, 22, 23)
(1, 2, 3, 6, 7, 8, 12, 13, 17, 18, 19, 22, 23, 24)
(1, 2, 3, 6, 7, 9, 10, 15, 16, 18, 19, 22, 23, 24)
(1, 2, 3, 6, 7, 9, 11, 14, 16, 18, 19, 22, 23, 24)
(1, 2, 3, 6, 7, 9, 12, 13, 16, 18, 19, 22, 23, 24)
(1, 2, 3, 6, 7, 10, 11, 14, 15, 18, 19, 22, 23, 24)
(1, 2, 3, 6, 7, 10, 11, 15, 16, 18, 20, 21, 22, 23)
(1, 2, 3, 6, 7, 10, 12, 13, 15, 18, 19, 22, 23, 24)
(1, 2, 3, 6, 7, 11, 12, 13, 14, 18, 19, 22, 23, 24)
(1, 2, 3, 6, 7, 11, 12, 13, 16, 18, 20, 21, 22, 23)
(1, 2, 3, 6, 8, 9, 10, 15, 16, 17, 19, 22, 23, 24)
(1, 2, 3, 6, 8, 9, 11, 14, 16, 17, 19, 22, 23, 24)
(1, 2, 3, 6, 8, 9, 12, 13, 16, 17, 19, 22, 23, 24)
(1, 2, 3, 6, 8, 10, 11, 14, 15, 17, 19, 22, 23, 24)
(1, 2, 3, 6, 8, 10, 11, 15, 16, 17, 20, 21, 22, 23)
(1, 2, 3, 6, 8, 10, 12, 13, 15, 17, 19, 22, 23, 24)
(1, 2, 3, 6, 8, 11, 12, 13, 14, 17, 19, 22, 23, 24)
(1, 2, 3, 6, 8, 11, 12, 13, 16, 17, 20, 21, 22, 23)
(1, 2, 3, 6, 9, 10, 11, 14, 15, 16, 19, 22, 23, 24)
(1, 2, 3, 6, 9, 10, 12, 13, 15, 16, 19, 22, 23, 24)
(1, 2, 3, 6, 9, 11, 12, 13, 14, 16, 19, 22, 23, 24)
(1, 2, 3, 6, 10, 11, 12, 13, 14, 15, 19, 22, 23, 24)
(1, 2, 3, 6, 10, 11, 12, 13, 15, 16, 20, 21, 22, 23)
(1, 2, 3, 7, 8, 9, 10, 15, 16, 17, 18, 22, 23, 24)
(1, 2, 3, 7, 8, 9, 11, 14, 16, 17, 18, 22, 23, 24)
(1, 2, 3, 7, 8, 9, 12, 13, 16, 17, 18, 22, 23, 24)
(1, 2, 3, 7, 8, 10, 11, 14, 15, 17, 18, 22, 23, 24)
(1, 2, 3, 7, 8, 10, 12, 13, 15, 17, 18, 22, 23, 24)
(1, 2, 3, 7, 8, 11, 12, 13, 14, 17, 18, 22, 23, 24)
(1, 2, 3, 7, 9, 10, 11, 14, 15, 16, 18, 22, 23, 24)
(1, 2, 3, 7, 9, 10, 12, 13, 15, 16, 18, 22, 23, 24)
(1, 2, 3, 7, 9, 11, 12, 13, 14, 16, 18, 22, 23, 24)
(1, 2, 3, 7, 10, 11, 12, 13, 14, 15, 18, 22, 23, 24)
(1, 2, 3, 8, 9, 10, 11, 14, 15, 16, 17, 22, 23, 24)
(1, 2, 3, 8, 9, 10, 12, 13, 15, 16, 17, 22, 23, 24)
(1, 2, 3, 8, 9, 11, 12, 13, 14, 16, 17, 22, 23, 24)
(1, 2, 3, 8, 10, 11, 12, 13, 14, 15, 17, 22, 23, 24)
(1, 2, 3, 9, 10, 11, 12, 13, 14, 15, 16, 22, 23, 24)
(1, 2, 4, 5, 6, 7, 8, 17, 18, 19, 20, 21, 23, 24)
(1, 2, 4, 5, 6, 7, 9, 16, 18, 19, 20, 21, 23, 24)
(1, 2, 4, 5, 6, 7, 10, 15, 18, 19, 20, 21, 23, 24)
(1, 2, 4, 5, 6, 7, 11, 14, 18, 19, 20, 21, 23, 24)
(1, 2, 4, 5, 6, 7, 12, 13, 18, 19, 20, 21, 23, 24)
(1, 2, 4, 5, 6, 7, 12, 15, 17, 19, 20, 21, 22, 24)
(1, 2, 4, 5, 6, 8, 9, 16, 17, 19, 20, 21, 23, 24)
(1, 2, 4, 5, 6, 8, 10, 15, 17, 19, 20, 21, 23, 24)
(1, 2, 4, 5, 6, 8, 11, 14, 17, 19, 20, 21, 23, 24)
(1, 2, 4, 5, 6, 8, 12, 13, 17, 19, 20, 21, 23, 24)
(1, 2, 4, 5, 6, 9, 10, 15, 16, 19, 20, 21, 23, 24)
(1, 2, 4, 5, 6, 9, 11, 14, 16, 19, 20, 21, 23, 24)
(1, 2, 4, 5, 6, 9, 12, 13, 16, 19, 20, 21, 23, 24)
(1, 2, 4, 5, 6, 10, 11, 14, 15, 19, 20, 21, 23, 24)
(1, 2, 4, 5, 6, 10, 12, 13, 15, 19, 20, 21, 23, 24)
(1, 2, 4, 5, 6, 11, 12, 13, 14, 19, 20, 21, 23, 24)
(1, 2, 4, 5, 7, 8, 9, 16, 17, 18, 20, 21, 23, 24)
(1, 2, 4, 5, 7, 8, 10, 15, 17, 18, 20, 21, 23, 24)
(1, 2, 4, 5, 7, 8, 11, 14, 17, 18, 20, 21, 23, 24)
(1, 2, 4, 5, 7, 8, 12, 13, 17, 18, 20, 21, 23, 24)
(1, 2, 4, 5, 7, 9, 10, 15, 16, 18, 20, 21, 23, 24)
(1, 2, 4, 5, 7, 9, 11, 14, 16, 18, 20, 21, 23, 24)
(1, 2, 4, 5, 7, 9, 12, 13, 16, 18, 20, 21, 23, 24)
(1, 2, 4, 5, 7, 9, 12, 15, 16, 17, 20, 21, 22, 24)
(1, 2, 4, 5, 7, 10, 11, 14, 15, 18, 20, 21, 23, 24)
(1, 2, 4, 5, 7, 10, 12, 13, 15, 18, 20, 21, 23, 24)
(1, 2, 4, 5, 7, 11, 12, 13, 14, 18, 20, 21, 23, 24)
(1, 2, 4, 5, 7, 11, 12, 14, 15, 17, 20, 21, 22, 24)
(1, 2, 4, 5, 8, 9, 10, 15, 16, 17, 20, 21, 23, 24)
(1, 2, 4, 5, 8, 9, 11, 14, 16, 17, 20, 21, 23, 24)
(1, 2, 4, 5, 8, 9, 12, 13, 16, 17, 20, 21, 23, 24)
(1, 2, 4, 5, 8, 10, 11, 14, 15, 17, 20, 21, 23, 24)
(1, 2, 4, 5, 8, 10, 12, 13, 15, 17, 20, 21, 23, 24)
(1, 2, 4, 5, 8, 11, 12, 13, 14, 17, 20, 21, 23, 24)
(1, 2, 4, 5, 9, 10, 11, 14, 15, 16, 20, 21, 23, 24)
(1, 2, 4, 5, 9, 10, 12, 13, 15, 16, 20, 21, 23, 24)
(1, 2, 4, 5, 9, 11, 12, 13, 14, 16, 20, 21, 23, 24)
(1, 2, 4, 5, 10, 11, 12, 13, 14, 15, 20, 21, 23, 24)
(1, 2, 4, 6, 7, 8, 9, 16, 17, 18, 19, 21, 23, 24)
(1, 2, 4, 6, 7, 8, 10, 15, 17, 18, 19, 21, 23, 24)
(1, 2, 4, 6, 7, 8, 11, 14, 17, 18, 19, 21, 23, 24)
(1, 2, 4, 6, 7, 8, 12, 13, 17, 18, 19, 21, 23, 24)
(1, 2, 4, 6, 7, 9, 10, 15, 16, 18, 19, 21, 23, 24)
(1, 2, 4, 6, 7, 9, 11, 14, 16, 18, 19, 21, 23, 24)
(1, 2, 4, 6, 7, 9, 12, 13, 16, 18, 19, 21, 23, 24)
(1, 2, 4, 6, 7, 9, 12, 15, 16, 17, 19, 21, 22, 24)
(1, 2, 4, 6, 7, 10, 11, 14, 15, 18, 19, 21, 23, 24)
(1, 2, 4, 6, 7, 10, 12, 13, 15, 18, 19, 21, 23, 24)
(1, 2, 4, 6, 7, 11, 12, 13, 14, 18, 19, 21, 23, 24)
(1, 2, 4, 6, 7, 11, 12, 14, 15, 17, 19, 21, 22, 24)
(1, 2, 4, 6, 8, 9, 10, 15, 16, 17, 19, 21, 23, 24)
(1, 2, 4, 6, 8, 9, 11, 14, 16, 17, 19, 21, 23, 24)
(1, 2, 4, 6, 8, 9, 12, 13, 16, 17, 19, 21, 23, 24)
(1, 2, 4, 6, 8, 10, 11, 14, 15, 17, 19, 21, 23, 24)
(1, 2, 4, 6, 8, 10, 12, 13, 15, 17, 19, 21, 23, 24)
(1, 2, 4, 6, 8, 11, 12, 13, 14, 17, 19, 21, 23, 24)
(1, 2, 4, 6, 9, 10, 11, 14, 15, 16, 19, 21, 23, 24)
(1, 2, 4, 6, 9, 10, 12, 13, 15, 16, 19, 21, 23, 24)
(1, 2, 4, 6, 9, 11, 12, 13, 14, 16, 19, 21, 23, 24)
(1, 2, 4, 6, 10, 11, 12, 13, 14, 15, 19, 21, 23, 24)
(1, 2, 4, 7, 8, 9, 10, 15, 16, 17, 18, 21, 23, 24)
(1, 2, 4, 7, 8, 9, 11, 14, 16, 17, 18, 21, 23, 24)
(1, 2, 4, 7, 8, 9, 12, 13, 16, 17, 18, 21, 23, 24)
(1, 2, 4, 7, 8, 10, 11, 14, 15, 17, 18, 21, 23, 24)
(1, 2, 4, 7, 8, 10, 12, 13, 15, 17, 18, 21, 23, 24)
(1, 2, 4, 7, 8, 11, 12, 13, 14, 17, 18, 21, 23, 24)
(1, 2, 4, 7, 9, 10, 11, 14, 15, 16, 18, 21, 23, 24)
(1, 2, 4, 7, 9, 10, 12, 13, 15, 16, 18, 21, 23, 24)
(1, 2, 4, 7, 9, 11, 12, 13, 14, 16, 18, 21, 23, 24)
(1, 2, 4, 7, 9, 11, 12, 14, 15, 16, 17, 21, 22, 24)
(1, 2, 4, 7, 10, 11, 12, 13, 14, 15, 18, 21, 23, 24)
(1, 2, 4, 8, 9, 10, 11, 14, 15, 16, 17, 21, 23, 24)
(1, 2, 4, 8, 9, 10, 12, 13, 15, 16, 17, 21, 23, 24)
(1, 2, 4, 8, 9, 11, 12, 13, 14, 16, 17, 21, 23, 24)
(1, 2, 4, 8, 10, 11, 12, 13, 14, 15, 17, 21, 23, 24)
(1, 2, 4, 9, 10, 11, 12, 13, 14, 15, 16, 21, 23, 24)
(1, 2, 5, 6, 7, 8, 9, 16, 17, 18, 19, 20, 23, 24)
(1, 2, 5, 6, 7, 8, 10, 15, 17, 18, 19, 20, 23, 24)
(1, 2, 5, 6, 7, 8, 11, 14, 17, 18, 19, 20, 23, 24)
(1, 2, 5, 6, 7, 8, 12, 13, 17, 18, 19, 20, 23, 24)
(1, 2, 5, 6, 7, 9, 10, 15, 16, 18, 19, 20, 23, 24)
(1, 2, 5, 6, 7, 9, 11, 14, 16, 18, 19, 20, 23, 24)
(1, 2, 5, 6, 7, 9, 12, 13, 16, 18, 19, 20, 23, 24)
(1, 2, 5, 6, 7, 9, 12, 15, 16, 17, 19, 20, 22, 24)
(1, 2, 5, 6, 7, 10, 11, 14, 15, 18, 19, 20, 23, 24)
(1, 2, 5, 6, 7, 10, 12, 13, 15, 18, 19, 20, 23, 24)
(1, 2, 5, 6, 7, 11, 12, 13, 14, 18, 19, 20, 23, 24)
(1, 2, 5, 6, 7, 11, 12, 14, 15, 17, 19, 20, 22, 24)
(1, 2, 5, 6, 8, 9, 10, 15, 16, 17, 19, 20, 23, 24)
(1, 2, 5, 6, 8, 9, 11, 14, 16, 17, 19, 20, 23, 24)
(1, 2, 5, 6, 8, 9, 12, 13, 16, 17, 19, 20, 23, 24)
(1, 2, 5, 6, 8, 10, 11, 14, 15, 17, 19, 20, 23, 24)
(1, 2, 5, 6, 8, 10, 12, 13, 15, 17, 19, 20, 23, 24)
(1, 2, 5, 6, 8, 11, 12, 13, 14, 17, 19, 20, 23, 24)
(1, 2, 5, 6, 9, 10, 11, 14, 15, 16, 19, 20, 23, 24)
(1, 2, 5, 6, 9, 10, 12, 13, 15, 16, 19, 20, 23, 24)
(1, 2, 5, 6, 9, 11, 12, 13, 14, 16, 19, 20, 23, 24)
(1, 2, 5, 6, 10, 11, 12, 13, 14, 15, 19, 20, 23, 24)
(1, 2, 5, 7, 8, 9, 10, 15, 16, 17, 18, 20, 23, 24)
(1, 2, 5, 7, 8, 9, 11, 14, 16, 17, 18, 20, 23, 24)
(1, 2, 5, 7, 8, 9, 12, 13, 16, 17, 18, 20, 23, 24)
(1, 2, 5, 7, 8, 10, 11, 14, 15, 17, 18, 20, 23, 24)
(1, 2, 5, 7, 8, 10, 12, 13, 15, 17, 18, 20, 23, 24)
(1, 2, 5, 7, 8, 11, 12, 13, 14, 17, 18, 20, 23, 24)
(1, 2, 5, 7, 9, 10, 11, 14, 15, 16, 18, 20, 23, 24)
(1, 2, 5, 7, 9, 10, 12, 13, 15, 16, 18, 20, 23, 24)
(1, 2, 5, 7, 9, 11, 12, 13, 14, 16, 18, 20, 23, 24)
(1, 2, 5, 7, 9, 11, 12, 14, 15, 16, 17, 20, 22, 24)
(1, 2, 5, 7, 10, 11, 12, 13, 14, 15, 18, 20, 23, 24)
(1, 2, 5, 8, 9, 10, 11, 14, 15, 16, 17, 20, 23, 24)
(1, 2, 5, 8, 9, 10, 12, 13, 15, 16, 17, 20, 23, 24)
(1, 2, 5, 8, 9, 11, 12, 13, 14, 16, 17, 20, 23, 24)
(1, 2, 5, 8, 10, 11, 12, 13, 14, 15, 17, 20, 23, 24)
(1, 2, 5, 9, 10, 11, 12, 13, 14, 15, 16, 20, 23, 24)
(1, 2, 6, 7, 8, 9, 10, 15, 16, 17, 18, 19, 23, 24)
(1, 2, 6, 7, 8, 9, 11, 14, 16, 17, 18, 19, 23, 24)
(1, 2, 6, 7, 8, 9, 12, 13, 16, 17, 18, 19, 23, 24)
(1, 2, 6, 7, 8, 10, 11, 14, 15, 17, 18, 19, 23, 24)
(1, 2, 6, 7, 8, 10, 11, 15, 16, 17, 18, 20, 21, 23)
(1, 2, 6, 7, 8, 10, 12, 13, 15, 17, 18, 19, 23, 24)
(1, 2, 6, 7, 8, 11, 12, 13, 14, 17, 18, 19, 23, 24)
(1, 2, 6, 7, 8, 11, 12, 13, 16, 17, 18, 20, 21, 23)
(1, 2, 6, 7, 9, 10, 11, 14, 15, 16, 18, 19, 23, 24)
(1, 2, 6, 7, 9, 10, 12, 13, 15, 16, 18, 19, 23, 24)
(1, 2, 6, 7, 9, 11, 12, 13, 14, 16, 18, 19, 23, 24)
(1, 2, 6, 7, 9, 11, 12, 14, 15, 16, 17, 19, 22, 24)
(1, 2, 6, 7, 10, 11, 12, 13, 14, 15, 18, 19, 23, 24)
(1, 2, 6, 7, 10, 11, 12, 13, 15, 16, 18, 20, 21, 23)
(1, 2, 6, 8, 9, 10, 11, 14, 15, 16, 17, 19, 23, 24)
(1, 2, 6, 8, 9, 10, 12, 13, 15, 16, 17, 19, 23, 24)
(1, 2, 6, 8, 9, 11, 12, 13, 14, 16, 17, 19, 23, 24)
(1, 2, 6, 8, 10, 11, 12, 13, 14, 15, 17, 19, 23, 24)
(1, 2, 6, 8, 10, 11, 12, 13, 15, 16, 17, 20, 21, 23)
(1, 2, 6, 9, 10, 11, 12, 13, 14, 15, 16, 19, 23, 24)
(1, 2, 7, 8, 9, 10, 11, 14, 15, 16, 17, 18, 23, 24)
(1, 2, 7, 8, 9, 10, 12, 13, 15, 16, 17, 18, 23, 24)
(1, 2, 7, 8, 9, 11, 12, 13, 14, 16, 17, 18, 23, 24)
(1, 2, 7, 8, 10, 11, 12, 13, 14, 15, 17, 18, 23, 24)
(1, 2, 7, 9, 10, 11, 12, 13, 14, 15, 16, 18, 23, 24)
(1, 2, 8, 9, 10, 11, 12, 13, 14, 15, 16, 17, 23, 24)
(1, 3, 4, 5, 6, 7, 8, 17, 18, 19, 20, 21, 22, 24)
(1, 3, 4, 5, 6, 7, 9, 16, 18, 19, 20, 21, 22, 24)
(1, 3, 4, 5, 6, 7, 10, 15, 18, 19, 20, 21, 22, 24)
(1, 3, 4, 5, 6, 7, 11, 14, 18, 19, 20, 21, 22, 24)
(1, 3, 4, 5, 6, 7, 12, 13, 18, 19, 20, 21, 22, 24)
(1, 3, 4, 5, 6, 8, 9, 16, 17, 19, 20, 21, 22, 24)
(1, 3, 4, 5, 6, 8, 10, 13, 18, 19, 20, 21, 23, 24)
(1, 3, 4, 5, 6, 8, 10, 15, 17, 19, 20, 21, 22, 24)
(1, 3, 4, 5, 6, 8, 11, 14, 17, 19, 20, 21, 22, 24)
(1, 3, 4, 5, 6, 8, 12, 13, 17, 19, 20, 21, 22, 24)
(1, 3, 4, 5, 6, 9, 10, 15, 16, 19, 20, 21, 22, 24)
(1, 3, 4, 5, 6, 9, 11, 14, 16, 19, 20, 21, 22, 24)
(1, 3, 4, 5, 6, 9, 12, 13, 16, 19, 20, 21, 22, 24)
(1, 3, 4, 5, 6, 10, 11, 14, 15, 19, 20, 21, 22, 24)
(1, 3, 4, 5, 6, 10, 12, 13, 15, 19, 20, 21, 22, 24)
(1, 3, 4, 5, 6, 11, 12, 13, 14, 19, 20, 21, 22, 24)
(1, 3, 4, 5, 7, 8, 9, 16, 17, 18, 20, 21, 22, 24)
(1, 3, 4, 5, 7, 8, 10, 15, 17, 18, 20, 21, 22, 24)
(1, 3, 4, 5, 7, 8, 11, 14, 17, 18, 20, 21, 22, 24)
(1, 3, 4, 5, 7, 8, 12, 13, 17, 18, 20, 21, 22, 24)
(1, 3, 4, 5, 7, 9, 10, 15, 16, 18, 20, 21, 22, 24)
(1, 3, 4, 5, 7, 9, 11, 14, 16, 18, 20, 21, 22, 24)
(1, 3, 4, 5, 7, 9, 12, 13, 16, 18, 20, 21, 22, 24)
(1, 3, 4, 5, 7, 10, 11, 14, 15, 18, 20, 21, 22, 24)
(1, 3, 4, 5, 7, 10, 12, 13, 15, 18, 20, 21, 22, 24)
(1, 3, 4, 5, 7, 11, 12, 13, 14, 18, 20, 21, 22, 24)
(1, 3, 4, 5, 8, 9, 10, 13, 16, 18, 20, 21, 23, 24)
(1, 3, 4, 5, 8, 9, 10, 15, 16, 17, 20, 21, 22, 24)
(1, 3, 4, 5, 8, 9, 11, 14, 16, 17, 20, 21, 22, 24)
(1, 3, 4, 5, 8, 9, 12, 13, 16, 17, 20, 21, 22, 24)
(1, 3, 4, 5, 8, 10, 11, 13, 14, 18, 20, 21, 23, 24)
(1, 3, 4, 5, 8, 10, 11, 14, 15, 17, 20, 21, 22, 24)
(1, 3, 4, 5, 8, 10, 12, 13, 15, 17, 20, 21, 22, 24)
(1, 3, 4, 5, 8, 11, 12, 13, 14, 17, 20, 21, 22, 24)
(1, 3, 4, 5, 9, 10, 11, 14, 15, 16, 20, 21, 22, 24)
(1, 3, 4, 5, 9, 10, 12, 13, 15, 16, 20, 21, 22, 24)
(1, 3, 4, 5, 9, 11, 12, 13, 14, 16, 20, 21, 22, 24)
(1, 3, 4, 5, 10, 11, 12, 13, 14, 15, 20, 21, 22, 24)
(1, 3, 4, 6, 7, 8, 9, 16, 17, 18, 19, 21, 22, 24)
(1, 3, 4, 6, 7, 8, 10, 15, 17, 18, 19, 21, 22, 24)
(1, 3, 4, 6, 7, 8, 11, 14, 17, 18, 19, 21, 22, 24)
(1, 3, 4, 6, 7, 8, 12, 13, 17, 18, 19, 21, 22, 24)
(1, 3, 4, 6, 7, 9, 10, 15, 16, 18, 19, 21, 22, 24)
(1, 3, 4, 6, 7, 9, 11, 14, 16, 18, 19, 21, 22, 24)
(1, 3, 4, 6, 7, 9, 12, 13, 16, 18, 19, 21, 22, 24)
(1, 3, 4, 6, 7, 10, 11, 14, 15, 18, 19, 21, 22, 24)
(1, 3, 4, 6, 7, 10, 12, 13, 15, 18, 19, 21, 22, 24)
(1, 3, 4, 6, 7, 11, 12, 13, 14, 18, 19, 21, 22, 24)
(1, 3, 4, 6, 8, 9, 10, 13, 16, 18, 19, 21, 23, 24)
(1, 3, 4, 6, 8, 9, 10, 15, 16, 17, 19, 21, 22, 24)
(1, 3, 4, 6, 8, 9, 11, 14, 16, 17, 19, 21, 22, 24)
(1, 3, 4, 6, 8, 9, 12, 13, 16, 17, 19, 21, 22, 24)
(1, 3, 4, 6, 8, 10, 11, 13, 14, 18, 19, 21, 23, 24)
(1, 3, 4, 6, 8, 10, 11, 14, 15, 17, 19, 21, 22, 24)
(1, 3, 4, 6, 8, 10, 12, 13, 15, 17, 19, 21, 22, 24)
(1, 3, 4, 6, 8, 11, 12, 13, 14, 17, 19, 21, 22, 24)
(1, 3, 4, 6, 9, 10, 11, 14, 15, 16, 19, 21, 22, 24)
(1, 3, 4, 6, 9, 10, 12, 13, 15, 16, 19, 21, 22, 24)
(1, 3, 4, 6, 9, 11, 12, 13, 14, 16, 19, 21, 22, 24)
(1, 3, 4, 6, 10, 11, 12, 13, 14, 15, 19, 21, 22, 24)
(1, 3, 4, 7, 8, 9, 10, 15, 16, 17, 18, 21, 22, 24)
(1, 3, 4, 7, 8, 9, 11, 14, 16, 17, 18, 21, 22, 24)
(1, 3, 4, 7, 8, 9, 12, 13, 16, 17, 18, 21, 22, 24)
(1, 3, 4, 7, 8, 10, 11, 14, 15, 17, 18, 21, 22, 24)
(1, 3, 4, 7, 8, 10, 12, 13, 15, 17, 18, 21, 22, 24)
(1, 3, 4, 7, 8, 11, 12, 13, 14, 17, 18, 21, 22, 24)
(1, 3, 4, 7, 9, 10, 11, 14, 15, 16, 18, 21, 22, 24)
(1, 3, 4, 7, 9, 10, 12, 13, 15, 16, 18, 21, 22, 24)
(1, 3, 4, 7, 9, 11, 12, 13, 14, 16, 18, 21, 22, 24)
(1, 3, 4, 7, 10, 11, 12, 13, 14, 15, 18, 21, 22, 24)
(1, 3, 4, 8, 9, 10, 11, 13, 14, 16, 18, 21, 23, 24)
(1, 3, 4, 8, 9, 10, 11, 14, 15, 16, 17, 21, 22, 24)
(1, 3, 4, 8, 9, 10, 12, 13, 15, 16, 17, 21, 22, 24)
(1, 3, 4, 8, 9, 11, 12, 13, 14, 16, 17, 21, 22, 24)
(1, 3, 4, 8, 10, 11, 12, 13, 14, 15, 17, 21, 22, 24)
(1, 3, 4, 9, 10, 11, 12, 13, 14, 15, 16, 21, 22, 24)
(1, 3, 5, 6, 7, 8, 9, 16, 17, 18, 19, 20, 22, 24)
(1, 3, 5, 6, 7, 8, 10, 15, 17, 18, 19, 20, 22, 24)
(1, 3, 5, 6, 7, 8, 11, 14, 17, 18, 19, 20, 22, 24)
(1, 3, 5, 6, 7, 8, 12, 13, 17, 18, 19, 20, 22, 24)
(1, 3, 5, 6, 7, 9, 10, 15, 16, 18, 19, 20, 22, 24)
(1, 3, 5, 6, 7, 9, 11, 14, 16, 18, 19, 20, 22, 24)
(1, 3, 5, 6, 7, 9, 12, 13, 16, 18, 19, 20, 22, 24)
(1, 3, 5, 6, 7, 10, 11, 14, 15, 18, 19, 20, 22, 24)
(1, 3, 5, 6, 7, 10, 12, 13, 15, 18, 19, 20, 22, 24)
(1, 3, 5, 6, 7, 11, 12, 13, 14, 18, 19, 20, 22, 24)
(1, 3, 5, 6, 8, 9, 10, 13, 16, 18, 19, 20, 23, 24)
(1, 3, 5, 6, 8, 9, 10, 15, 16, 17, 19, 20, 22, 24)
(1, 3, 5, 6, 8, 9, 11, 14, 16, 17, 19, 20, 22, 24)
(1, 3, 5, 6, 8, 9, 12, 13, 16, 17, 19, 20, 22, 24)
(1, 3, 5, 6, 8, 10, 11, 13, 14, 18, 19, 20, 23, 24)
(1, 3, 5, 6, 8, 10, 11, 14, 15, 17, 19, 20, 22, 24)
(1, 3, 5, 6, 8, 10, 12, 13, 15, 17, 19, 20, 22, 24)
(1, 3, 5, 6, 8, 11, 12, 13, 14, 17, 19, 20, 22, 24)
(1, 3, 5, 6, 9, 10, 11, 14, 15, 16, 19, 20, 22, 24)
(1, 3, 5, 6, 9, 10, 12, 13, 15, 16, 19, 20, 22, 24)
(1, 3, 5, 6, 9, 11, 12, 13, 14, 16, 19, 20, 22, 24)
(1, 3, 5, 6, 10, 11, 12, 13, 14, 15, 19, 20, 22, 24)
(1, 3, 5, 7, 8, 9, 10, 15, 16, 17, 18, 20, 22, 24)
(1, 3, 5, 7, 8, 9, 11, 14, 16, 17, 18, 20, 22, 24)
(1, 3, 5, 7, 8, 9, 12, 13, 16, 17, 18, 20, 22, 24)
(1, 3, 5, 7, 8, 10, 11, 14, 15, 17, 18, 20, 22, 24)
(1, 3, 5, 7, 8, 10, 12, 13, 15, 17, 18, 20, 22, 24)
(1, 3, 5, 7, 8, 11, 12, 13, 14, 17, 18, 20, 22, 24)
(1, 3, 5, 7, 9, 10, 11, 14, 15, 16, 18, 20, 22, 24)
(1, 3, 5, 7, 9, 10, 12, 13, 15, 16, 18, 20, 22, 24)
(1, 3, 5, 7, 9, 11, 12, 13, 14, 16, 18, 20, 22, 24)
(1, 3, 5, 7, 10, 11, 12, 13, 14, 15, 18, 20, 22, 24)
(1, 3, 5, 8, 9, 10, 11, 13, 14, 16, 18, 20, 23, 24)
(1, 3, 5, 8, 9, 10, 11, 14, 15, 16, 17, 20, 22, 24)
(1, 3, 5, 8, 9, 10, 12, 13, 15, 16, 17, 20, 22, 24)
(1, 3, 5, 8, 9, 11, 12, 13, 14, 16, 17, 20, 22, 24)
(1, 3, 5, 8, 10, 11, 12, 13, 14, 15, 17, 20, 22, 24)
(1, 3, 5, 9, 10, 11, 12, 13, 14, 15, 16, 20, 22, 24)
(1, 3, 6, 7, 8, 9, 10, 15, 16, 17, 18, 19, 22, 24)
(1, 3, 6, 7, 8, 9, 11, 14, 16, 17, 18, 19, 22, 24)
(1, 3, 6, 7, 8, 9, 12, 13, 16, 17, 18, 19, 22, 24)
(1, 3, 6, 7, 8, 10, 11, 14, 15, 17, 18, 19, 22, 24)
(1, 3, 6, 7, 8, 10, 11, 15, 16, 17, 18, 20, 21, 22)
(1, 3, 6, 7, 8, 10, 12, 13, 15, 17, 18, 19, 22, 24)
(1, 3, 6, 7, 8, 11, 12, 13, 14, 17, 18, 19, 22, 24)
(1, 3, 6, 7, 8, 11, 12, 13, 16, 17, 18, 20, 21, 22)
(1, 3, 6, 7, 9, 10, 11, 14, 15, 16, 18, 19, 22, 24)
(1, 3, 6, 7, 9, 10, 12, 13, 15, 16, 18, 19, 22, 24)
(1, 3, 6, 7, 9, 11, 12, 13, 14, 16, 18, 19, 22, 24)
(1, 3, 6, 7, 10, 11, 12, 13, 14, 15, 18, 19, 22, 24)
(1, 3, 6, 7, 10, 11, 12, 13, 15, 16, 18, 20, 21, 22)
(1, 3, 6, 8, 9, 10, 11, 13, 14, 16, 18, 19, 23, 24)
(1, 3, 6, 8, 9, 10, 11, 14, 15, 16, 17, 19, 22, 24)
(1, 3, 6, 8, 9, 10, 12, 13, 15, 16, 17, 19, 22, 24)
(1, 3, 6, 8, 9, 11, 12, 13, 14, 16, 17, 19, 22, 24)
(1, 3, 6, 8, 10, 11, 12, 13, 14, 15, 17, 19, 22, 24)
(1, 3, 6, 8, 10, 11, 12, 13, 15, 16, 17, 20, 21, 22)
(1, 3, 6, 9, 10, 11, 12, 13, 14, 15, 16, 19, 22, 24)
(1, 3, 7, 8, 9, 10, 11, 14, 15, 16, 17, 18, 22, 24)
(1, 3, 7, 8, 9, 10, 12, 13, 15, 16, 17, 18, 22, 24)
(1, 3, 7, 8, 9, 11, 12, 13, 14, 16, 17, 18, 22, 24)
(1, 3, 7, 8, 10, 11, 12, 13, 14, 15, 17, 18, 22, 24)
(1, 3, 7, 9, 10, 11, 12, 13, 14, 15, 16, 18, 22, 24)
(1, 3, 8, 9, 10, 11, 12, 13, 14, 15, 16, 17, 22, 24)
(1, 4, 5, 6, 7, 8, 9, 16, 17, 18, 19, 20, 21, 24)
(1, 4, 5, 6, 7, 8, 10, 15, 17, 18, 19, 20, 21, 24)
(1, 4, 5, 6, 7, 8, 11, 14, 17, 18, 19, 20, 21, 24)
(1, 4, 5, 6, 7, 8, 12, 13, 17, 18, 19, 20, 21, 24)
(1, 4, 5, 6, 7, 9, 10, 15, 16, 18, 19, 20, 21, 24)
(1, 4, 5, 6, 7, 9, 11, 14, 16, 18, 19, 20, 21, 24)
(1, 4, 5, 6, 7, 9, 12, 13, 16, 18, 19, 20, 21, 24)
(1, 4, 5, 6, 7, 10, 11, 14, 15, 18, 19, 20, 21, 24)
(1, 4, 5, 6, 7, 10, 12, 13, 15, 18, 19, 20, 21, 24)
(1, 4, 5, 6, 7, 11, 12, 13, 14, 18, 19, 20, 21, 24)
(1, 4, 5, 6, 8, 9, 10, 15, 16, 17, 19, 20, 21, 24)
(1, 4, 5, 6, 8, 9, 11, 14, 16, 17, 19, 20, 21, 24)
(1, 4, 5, 6, 8, 9, 12, 13, 16, 17, 19, 20, 21, 24)
(1, 4, 5, 6, 8, 10, 11, 14, 15, 17, 19, 20, 21, 24)
(1, 4, 5, 6, 8, 10, 12, 13, 15, 17, 19, 20, 21, 24)
(1, 4, 5, 6, 8, 11, 12, 13, 14, 17, 19, 20, 21, 24)
(1, 4, 5, 6, 9, 10, 11, 14, 15, 16, 19, 20, 21, 24)
(1, 4, 5, 6, 9, 10, 12, 13, 15, 16, 19, 20, 21, 24)
(1, 4, 5, 6, 9, 11, 12, 13, 14, 16, 19, 20, 21, 24)
(1, 4, 5, 6, 10, 11, 12, 13, 14, 15, 19, 20, 21, 24)
(1, 4, 5, 7, 8, 9, 10, 15, 16, 17, 18, 20, 21, 24)
(1, 4, 5, 7, 8, 9, 11, 14, 16, 17, 18, 20, 21, 24)
(1, 4, 5, 7, 8, 9, 12, 13, 16, 17, 18, 20, 21, 24)
(1, 4, 5, 7, 8, 10, 11, 14, 15, 17, 18, 20, 21, 24)
(1, 4, 5, 7, 8, 10, 12, 13, 15, 17, 18, 20, 21, 24)
(1, 4, 5, 7, 8, 11, 12, 13, 14, 17, 18, 20, 21, 24)
(1, 4, 5, 7, 9, 10, 11, 14, 15, 16, 18, 20, 21, 24)
(1, 4, 5, 7, 9, 10, 12, 13, 15, 16, 18, 20, 21, 24)
(1, 4, 5, 7, 9, 11, 12, 13, 14, 16, 18, 20, 21, 24)
(1, 4, 5, 7, 10, 11, 12, 13, 14, 15, 18, 20, 21, 24)
(1, 4, 5, 8, 9, 10, 11, 14, 15, 16, 17, 20, 21, 24)
(1, 4, 5, 8, 9, 10, 12, 13, 15, 16, 17, 20, 21, 24)
(1, 4, 5, 8, 9, 11, 12, 13, 14, 16, 17, 20, 21, 24)
(1, 4, 5, 8, 10, 11, 12, 13, 14, 15, 17, 20, 21, 24)
(1, 4, 5, 9, 10, 11, 12, 13, 14, 15, 16, 20, 21, 24)
(1, 4, 6, 7, 8, 9, 10, 15, 16, 17, 18, 19, 21, 24)
(1, 4, 6, 7, 8, 9, 11, 14, 16, 17, 18, 19, 21, 24)
(1, 4, 6, 7, 8, 9, 12, 13, 16, 17, 18, 19, 21, 24)
(1, 4, 6, 7, 8, 10, 11, 14, 15, 17, 18, 19, 21, 24)
(1, 4, 6, 7, 8, 10, 12, 13, 15, 17, 18, 19, 21, 24)
(1, 4, 6, 7, 8, 11, 12, 13, 14, 17, 18, 19, 21, 24)
(1, 4, 6, 7, 9, 10, 11, 14, 15, 16, 18, 19, 21, 24)
(1, 4, 6, 7, 9, 10, 12, 13, 15, 16, 18, 19, 21, 24)
(1, 4, 6, 7, 9, 11, 12, 13, 14, 16, 18, 19, 21, 24)
(1, 4, 6, 7, 10, 11, 12, 13, 14, 15, 18, 19, 21, 24)
(1, 4, 6, 8, 9, 10, 11, 14, 15, 16, 17, 19, 21, 24)
(1, 4, 6, 8, 9, 10, 12, 13, 15, 16, 17, 19, 21, 24)
(1, 4, 6, 8, 9, 11, 12, 13, 14, 16, 17, 19, 21, 24)
(1, 4, 6, 8, 10, 11, 12, 13, 14, 15, 17, 19, 21, 24)
(1, 4, 6, 9, 10, 11, 12, 13, 14, 15, 16, 19, 21, 24)
(1, 4, 7, 8, 9, 10, 11, 14, 15, 16, 17, 18, 21, 24)
(1, 4, 7, 8, 9, 10, 12, 13, 15, 16, 17, 18, 21, 24)
(1, 4, 7, 8, 9, 11, 12, 13, 14, 16, 17, 18, 21, 24)
(1, 4, 7, 8, 10, 11, 12, 13, 14, 15, 17, 18, 21, 24)
(1, 4, 7, 9, 10, 11, 12, 13, 14, 15, 16, 18, 21, 24)
(1, 4, 8, 9, 10, 11, 12, 13, 14, 15, 16, 17, 21, 24)
(1, 5, 6, 7, 8, 9, 10, 15, 16, 17, 18, 19, 20, 24)
(1, 5, 6, 7, 8, 9, 11, 14, 16, 17, 18, 19, 20, 24)
(1, 5, 6, 7, 8, 9, 12, 13, 16, 17, 18, 19, 20, 24)
(1, 5, 6, 7, 8, 10, 11, 14, 15, 17, 18, 19, 20, 24)
(1, 5, 6, 7, 8, 10, 12, 13, 15, 17, 18, 19, 20, 24)
(1, 5, 6, 7, 8, 11, 12, 13, 14, 17, 18, 19, 20, 24)
(1, 5, 6, 7, 9, 10, 11, 14, 15, 16, 18, 19, 20, 24)
(1, 5, 6, 7, 9, 10, 12, 13, 15, 16, 18, 19, 20, 24)
(1, 5, 6, 7, 9, 11, 12, 13, 14, 16, 18, 19, 20, 24)
(1, 5, 6, 7, 10, 11, 12, 13, 14, 15, 18, 19, 20, 24)
(1, 5, 6, 8, 9, 10, 11, 14, 15, 16, 17, 19, 20, 24)
(1, 5, 6, 8, 9, 10, 12, 13, 15, 16, 17, 19, 20, 24)
(1, 5, 6, 8, 9, 11, 12, 13, 14, 16, 17, 19, 20, 24)
(1, 5, 6, 8, 10, 11, 12, 13, 14, 15, 17, 19, 20, 24)
(1, 5, 6, 9, 10, 11, 12, 13, 14, 15, 16, 19, 20, 24)
(1, 5, 7, 8, 9, 10, 11, 14, 15, 16, 17, 18, 20, 24)
(1, 5, 7, 8, 9, 10, 12, 13, 15, 16, 17, 18, 20, 24)
(1, 5, 7, 8, 9, 11, 12, 13, 14, 16, 17, 18, 20, 24)
(1, 5, 7, 8, 10, 11, 12, 13, 14, 15, 17, 18, 20, 24)
(1, 5, 7, 9, 10, 11, 12, 13, 14, 15, 16, 18, 20, 24)
(1, 5, 8, 9, 10, 11, 12, 13, 14, 15, 16, 17, 20, 24)
(1, 6, 7, 8, 9, 10, 11, 14, 15, 16, 17, 18, 19, 24)
(1, 6, 7, 8, 9, 10, 12, 13, 15, 16, 17, 18, 19, 24)
(1, 6, 7, 8, 9, 11, 12, 13, 14, 16, 17, 18, 19, 24)
(1, 6, 7, 8, 10, 11, 12, 13, 14, 15, 17, 18, 19, 24)
(1, 6, 7, 8, 10, 11, 12, 13, 15, 16, 17, 18, 20, 21)
(1, 6, 7, 9, 10, 11, 12, 13, 14, 15, 16, 18, 19, 24)
(1, 6, 8, 9, 10, 11, 12, 13, 14, 15, 16, 17, 19, 24)
(1, 7, 8, 9, 10, 11, 12, 13, 14, 15, 16, 17, 18, 24)
(2, 3, 4, 5, 6, 7, 8, 17, 18, 19, 20, 21, 22, 23)
(2, 3, 4, 5, 6, 7, 9, 16, 18, 19, 20, 21, 22, 23)
(2, 3, 4, 5, 6, 7, 10, 15, 18, 19, 20, 21, 22, 23)
(2, 3, 4, 5, 6, 7, 11, 14, 18, 19, 20, 21, 22, 23)
(2, 3, 4, 5, 6, 7, 12, 13, 18, 19, 20, 21, 22, 23)
(2, 3, 4, 5, 6, 8, 9, 16, 17, 19, 20, 21, 22, 23)
(2, 3, 4, 5, 6, 8, 10, 15, 17, 19, 20, 21, 22, 23)
(2, 3, 4, 5, 6, 8, 11, 14, 17, 19, 20, 21, 22, 23)
(2, 3, 4, 5, 6, 8, 12, 13, 17, 19, 20, 21, 22, 23)
(2, 3, 4, 5, 6, 9, 10, 15, 16, 19, 20, 21, 22, 23)
(2, 3, 4, 5, 6, 9, 11, 14, 16, 19, 20, 21, 22, 23)
(2, 3, 4, 5, 6, 9, 12, 13, 16, 19, 20, 21, 22, 23)
(2, 3, 4, 5, 6, 10, 11, 14, 15, 19, 20, 21, 22, 23)
(2, 3, 4, 5, 6, 10, 12, 13, 15, 19, 20, 21, 22, 23)
(2, 3, 4, 5, 6, 11, 12, 13, 14, 19, 20, 21, 22, 23)
(2, 3, 4, 5, 7, 8, 9, 14, 17, 18, 19, 22, 23, 24)
(2, 3, 4, 5, 7, 8, 9, 16, 17, 18, 20, 21, 22, 23)
(2, 3, 4, 5, 7, 8, 10, 15, 17, 18, 20, 21, 22, 23)
(2, 3, 4, 5, 7, 8, 11, 14, 17, 18, 20, 21, 22, 23)
(2, 3, 4, 5, 7, 8, 12, 13, 17, 18, 20, 21, 22, 23)
(2, 3, 4, 5, 7, 9, 10, 14, 15, 18, 19, 22, 23, 24)
(2, 3, 4, 5, 7, 9, 10, 15, 16, 18, 20, 21, 22, 23)
(2, 3, 4, 5, 7, 9, 11, 14, 16, 18, 20, 21, 22, 23)
(2, 3, 4, 5, 7, 9, 12, 13, 14, 18, 19, 22, 23, 24)
(2, 3, 4, 5, 7, 9, 12, 13, 16, 18, 20, 21, 22, 23)
(2, 3, 4, 5, 7, 10, 11, 14, 15, 18, 20, 21, 22, 23)
(2, 3, 4, 5, 7, 10, 12, 13, 15, 18, 20, 21, 22, 23)
(2, 3, 4, 5, 7, 11, 12, 13, 14, 18, 20, 21, 22, 23)
(2, 3, 4, 5, 8, 9, 10, 14, 15, 17, 19, 22, 23, 24)
(2, 3, 4, 5, 8, 9, 10, 15, 16, 17, 20, 21, 22, 23)
(2, 3, 4, 5, 8, 9, 11, 14, 16, 17, 20, 21, 22, 23)
(2, 3, 4, 5, 8, 9, 12, 13, 14, 17, 19, 22, 23, 24)
(2, 3, 4, 5, 8, 9, 12, 13, 16, 17, 20, 21, 22, 23)
(2, 3, 4, 5, 8, 10, 11, 14, 15, 17, 20, 21, 22, 23)
(2, 3, 4, 5, 8, 10, 12, 13, 15, 17, 20, 21, 22, 23)
(2, 3, 4, 5, 8, 11, 12, 13, 14, 17, 20, 21, 22, 23)
(2, 3, 4, 5, 9, 10, 11, 14, 15, 16, 20, 21, 22, 23)
(2, 3, 4, 5, 9, 10, 12, 13, 14, 15, 19, 22, 23, 24)
(2, 3, 4, 5, 9, 10, 12, 13, 15, 16, 20, 21, 22, 23)
(2, 3, 4, 5, 9, 11, 12, 13, 14, 16, 20, 21, 22, 23)
(2, 3, 4, 5, 10, 11, 12, 13, 14, 15, 20, 21, 22, 23)
(2, 3, 4, 6, 7, 8, 9, 16, 17, 18, 19, 21, 22, 23)
(2, 3, 4, 6, 7, 8, 10, 15, 17, 18, 19, 21, 22, 23)
(2, 3, 4, 6, 7, 8, 11, 14, 17, 18, 19, 21, 22, 23)
(2, 3, 4, 6, 7, 8, 12, 13, 17, 18, 19, 21, 22, 23)
(2, 3, 4, 6, 7, 9, 10, 15, 16, 18, 19, 21, 22, 23)
(2, 3, 4, 6, 7, 9, 11, 14, 16, 18, 19, 21, 22, 23)
(2, 3, 4, 6, 7, 9, 12, 13, 16, 18, 19, 21, 22, 23)
(2, 3, 4, 6, 7, 10, 11, 14, 15, 18, 19, 21, 22, 23)
(2, 3, 4, 6, 7, 10, 12, 13, 15, 18, 19, 21, 22, 23)
(2, 3, 4, 6, 7, 11, 12, 13, 14, 18, 19, 21, 22, 23)
(2, 3, 4, 6, 8, 9, 10, 15, 16, 17, 19, 21, 22, 23)
(2, 3, 4, 6, 8, 9, 11, 14, 16, 17, 19, 21, 22, 23)
(2, 3, 4, 6, 8, 9, 12, 13, 16, 17, 19, 21, 22, 23)
(2, 3, 4, 6, 8, 10, 11, 14, 15, 17, 19, 21, 22, 23)
(2, 3, 4, 6, 8, 10, 12, 13, 15, 17, 19, 21, 22, 23)
(2, 3, 4, 6, 8, 11, 12, 13, 14, 17, 19, 21, 22, 23)
(2, 3, 4, 6, 9, 10, 11, 14, 15, 16, 19, 21, 22, 23)
(2, 3, 4, 6, 9, 10, 12, 13, 15, 16, 19, 21, 22, 23)
(2, 3, 4, 6, 9, 11, 12, 13, 14, 16, 19, 21, 22, 23)
(2, 3, 4, 6, 10, 11, 12, 13, 14, 15, 19, 21, 22, 23)
(2, 3, 4, 7, 8, 9, 10, 15, 16, 17, 18, 21, 22, 23)
(2, 3, 4, 7, 8, 9, 11, 14, 16, 17, 18, 21, 22, 23)
(2, 3, 4, 7, 8, 9, 12, 13, 16, 17, 18, 21, 22, 23)
(2, 3, 4, 7, 8, 10, 11, 14, 15, 17, 18, 21, 22, 23)
(2, 3, 4, 7, 8, 10, 12, 13, 15, 17, 18, 21, 22, 23)
(2, 3, 4, 7, 8, 11, 12, 13, 14, 17, 18, 21, 22, 23)
(2, 3, 4, 7, 9, 10, 11, 14, 15, 16, 18, 21, 22, 23)
(2, 3, 4, 7, 9, 10, 12, 13, 15, 16, 18, 21, 22, 23)
(2, 3, 4, 7, 9, 11, 12, 13, 14, 16, 18, 21, 22, 23)
(2, 3, 4, 7, 10, 11, 12, 13, 14, 15, 18, 21, 22, 23)
(2, 3, 4, 8, 9, 10, 11, 14, 15, 16, 17, 21, 22, 23)
(2, 3, 4, 8, 9, 10, 12, 13, 15, 16, 17, 21, 22, 23)
(2, 3, 4, 8, 9, 11, 12, 13, 14, 16, 17, 21, 22, 23)
(2, 3, 4, 8, 10, 11, 12, 13, 14, 15, 17, 21, 22, 23)
(2, 3, 4, 9, 10, 11, 12, 13, 14, 15, 16, 21, 22, 23)
(2, 3, 5, 6, 7, 8, 9, 16, 17, 18, 19, 20, 22, 23)
(2, 3, 5, 6, 7, 8, 10, 15, 17, 18, 19, 20, 22, 23)
(2, 3, 5, 6, 7, 8, 11, 14, 17, 18, 19, 20, 22, 23)
(2, 3, 5, 6, 7, 8, 12, 13, 17, 18, 19, 20, 22, 23)
(2, 3, 5, 6, 7, 9, 10, 15, 16, 18, 19, 20, 22, 23)
(2, 3, 5, 6, 7, 9, 11, 14, 16, 18, 19, 20, 22, 23)
(2, 3, 5, 6, 7, 9, 12, 13, 16, 18, 19, 20, 22, 23)
(2, 3, 5, 6, 7, 10, 11, 14, 15, 18, 19, 20, 22, 23)
(2, 3, 5, 6, 7, 10, 12, 13, 15, 18, 19, 20, 22, 23)
(2, 3, 5, 6, 7, 11, 12, 13, 14, 18, 19, 20, 22, 23)
(2, 3, 5, 6, 8, 9, 10, 15, 16, 17, 19, 20, 22, 23)
(2, 3, 5, 6, 8, 9, 11, 14, 16, 17, 19, 20, 22, 23)
(2, 3, 5, 6, 8, 9, 12, 13, 16, 17, 19, 20, 22, 23)
(2, 3, 5, 6, 8, 10, 11, 14, 15, 17, 19, 20, 22, 23)
(2, 3, 5, 6, 8, 10, 12, 13, 15, 17, 19, 20, 22, 23)
(2, 3, 5, 6, 8, 11, 12, 13, 14, 17, 19, 20, 22, 23)
(2, 3, 5, 6, 9, 10, 11, 14, 15, 16, 19, 20, 22, 23)
(2, 3, 5, 6, 9, 10, 12, 13, 15, 16, 19, 20, 22, 23)
(2, 3, 5, 6, 9, 11, 12, 13, 14, 16, 19, 20, 22, 23)
(2, 3, 5, 6, 10, 11, 12, 13, 14, 15, 19, 20, 22, 23)
(2, 3, 5, 7, 8, 9, 10, 15, 16, 17, 18, 20, 22, 23)
(2, 3, 5, 7, 8, 9, 11, 14, 16, 17, 18, 20, 22, 23)
(2, 3, 5, 7, 8, 9, 12, 13, 16, 17, 18, 20, 22, 23)
(2, 3, 5, 7, 8, 10, 11, 14, 15, 17, 18, 20, 22, 23)
(2, 3, 5, 7, 8, 10, 12, 13, 15, 17, 18, 20, 22, 23)
(2, 3, 5, 7, 8, 11, 12, 13, 14, 17, 18, 20, 22, 23)
(2, 3, 5, 7, 9, 10, 11, 14, 15, 16, 18, 20, 22, 23)
(2, 3, 5, 7, 9, 10, 12, 13, 15, 16, 18, 20, 22, 23)
(2, 3, 5, 7, 9, 11, 12, 13, 14, 16, 18, 20, 22, 23)
(2, 3, 5, 7, 10, 11, 12, 13, 14, 15, 18, 20, 22, 23)
(2, 3, 5, 8, 9, 10, 11, 14, 15, 16, 17, 20, 22, 23)
(2, 3, 5, 8, 9, 10, 12, 13, 15, 16, 17, 20, 22, 23)
(2, 3, 5, 8, 9, 11, 12, 13, 14, 16, 17, 20, 22, 23)
(2, 3, 5, 8, 10, 11, 12, 13, 14, 15, 17, 20, 22, 23)
(2, 3, 5, 9, 10, 11, 12, 13, 14, 15, 16, 20, 22, 23)
(2, 3, 6, 7, 8, 9, 10, 15, 16, 17, 18, 19, 22, 23)
(2, 3, 6, 7, 8, 9, 11, 14, 16, 17, 18, 19, 22, 23)
(2, 3, 6, 7, 8, 9, 12, 13, 16, 17, 18, 19, 22, 23)
(2, 3, 6, 7, 8, 10, 11, 14, 15, 17, 18, 19, 22, 23)
(2, 3, 6, 7, 8, 10, 12, 13, 15, 17, 18, 19, 22, 23)
(2, 3, 6, 7, 8, 11, 12, 13, 14, 17, 18, 19, 22, 23)
(2, 3, 6, 7, 9, 10, 11, 14, 15, 16, 18, 19, 22, 23)
(2, 3, 6, 7, 9, 10, 12, 13, 15, 16, 18, 19, 22, 23)
(2, 3, 6, 7, 9, 11, 12, 13, 14, 16, 18, 19, 22, 23)
(2, 3, 6, 7, 10, 11, 12, 13, 14, 15, 18, 19, 22, 23)
(2, 3, 6, 8, 9, 10, 11, 14, 15, 16, 17, 19, 22, 23)
(2, 3, 6, 8, 9, 10, 12, 13, 15, 16, 17, 19, 22, 23)
(2, 3, 6, 8, 9, 11, 12, 13, 14, 16, 17, 19, 22, 23)
(2, 3, 6, 8, 10, 11, 12, 13, 14, 15, 17, 19, 22, 23)
(2, 3, 6, 9, 10, 11, 12, 13, 14, 15, 16, 19, 22, 23)
(2, 3, 7, 8, 9, 10, 11, 14, 15, 16, 17, 18, 22, 23)
(2, 3, 7, 8, 9, 10, 12, 13, 15, 16, 17, 18, 22, 23)
(2, 3, 7, 8, 9, 11, 12, 13, 14, 16, 17, 18, 22, 23)
(2, 3, 7, 8, 10, 11, 12, 13, 14, 15, 17, 18, 22, 23)
(2, 3, 7, 9, 10, 11, 12, 13, 14, 15, 16, 18, 22, 23)
(2, 3, 8, 9, 10, 11, 12, 13, 14, 15, 16, 17, 22, 23)
(2, 4, 5, 6, 7, 8, 9, 16, 17, 18, 19, 20, 21, 23)
(2, 4, 5, 6, 7, 8, 10, 15, 17, 18, 19, 20, 21, 23)
(2, 4, 5, 6, 7, 8, 11, 14, 17, 18, 19, 20, 21, 23)
(2, 4, 5, 6, 7, 8, 12, 13, 17, 18, 19, 20, 21, 23)
(2, 4, 5, 6, 7, 9, 10, 15, 16, 18, 19, 20, 21, 23)
(2, 4, 5, 6, 7, 9, 11, 14, 16, 18, 19, 20, 21, 23)
(2, 4, 5, 6, 7, 9, 12, 13, 16, 18, 19, 20, 21, 23)
(2, 4, 5, 6, 7, 9, 12, 15, 16, 17, 19, 20, 21, 22)
(2, 4, 5, 6, 7, 10, 11, 14, 15, 18, 19, 20, 21, 23)
(2, 4, 5, 6, 7, 10, 12, 13, 15, 18, 19, 20, 21, 23)
(2, 4, 5, 6, 7, 11, 12, 13, 14, 18, 19, 20, 21, 23)
(2, 4, 5, 6, 7, 11, 12, 14, 15, 17, 19, 20, 21, 22)
(2, 4, 5, 6, 8, 9, 10, 15, 16, 17, 19, 20, 21, 23)
(2, 4, 5, 6, 8, 9, 11, 14, 16, 17, 19, 20, 21, 23)
(2, 4, 5, 6, 8, 9, 12, 13, 16, 17, 19, 20, 21, 23)
(2, 4, 5, 6, 8, 10, 11, 14, 15, 17, 19, 20, 21, 23)
(2, 4, 5, 6, 8, 10, 12, 13, 15, 17, 19, 20, 21, 23)
(2, 4, 5, 6, 8, 11, 12, 13, 14, 17, 19, 20, 21, 23)
(2, 4, 5, 6, 9, 10, 11, 14, 15, 16, 19, 20, 21, 23)
(2, 4, 5, 6, 9, 10, 12, 13, 15, 16, 19, 20, 21, 23)
(2, 4, 5, 6, 9, 11, 12, 13, 14, 16, 19, 20, 21, 23)
(2, 4, 5, 6, 10, 11, 12, 13, 14, 15, 19, 20, 21, 23)
(2, 4, 5, 7, 8, 9, 10, 14, 15, 17, 18, 19, 23, 24)
(2, 4, 5, 7, 8, 9, 10, 15, 16, 17, 18, 20, 21, 23)
(2, 4, 5, 7, 8, 9, 11, 14, 16, 17, 18, 20, 21, 23)
(2, 4, 5, 7, 8, 9, 12, 13, 14, 17, 18, 19, 23, 24)
(2, 4, 5, 7, 8, 9, 12, 13, 16, 17, 18, 20, 21, 23)
(2, 4, 5, 7, 8, 10, 11, 14, 15, 17, 18, 20, 21, 23)
(2, 4, 5, 7, 8, 10, 12, 13, 15, 17, 18, 20, 21, 23)
(2, 4, 5, 7, 8, 11, 12, 13, 14, 17, 18, 20, 21, 23)
(2, 4, 5, 7, 9, 10, 11, 14, 15, 16, 18, 20, 21, 23)
(2, 4, 5, 7, 9, 10, 12, 13, 14, 15, 18, 19, 23, 24)
(2, 4, 5, 7, 9, 10, 12, 13, 15, 16, 18, 20, 21, 23)
(2, 4, 5, 7, 9, 11, 12, 13, 14, 16, 18, 20, 21, 23)
(2, 4, 5, 7, 9, 11, 12, 14, 15, 16, 17, 20, 21, 22)
(2, 4, 5, 7, 10, 11, 12, 13, 14, 15, 18, 20, 21, 23)
(2, 4, 5, 8, 9, 10, 11, 14, 15, 16, 17, 20, 21, 23)
(2, 4, 5, 8, 9, 10, 12, 13, 14, 15, 17, 19, 23, 24)
(2, 4, 5, 8, 9, 10, 12, 13, 15, 16, 17, 20, 21, 23)
(2, 4, 5, 8, 9, 11, 12, 13, 14, 16, 17, 20, 21, 23)
(2, 4, 5, 8, 10, 11, 12, 13, 14, 15, 17, 20, 21, 23)
(2, 4, 5, 9, 10, 11, 12, 13, 14, 15, 16, 20, 21, 23)
(2, 4, 6, 7, 8, 9, 10, 15, 16, 17, 18, 19, 21, 23)
(2, 4, 6, 7, 8, 9, 11, 14, 16, 17, 18, 19, 21, 23)
(2, 4, 6, 7, 8, 9, 12, 13, 16, 17, 18, 19, 21, 23)
(2, 4, 6, 7, 8, 10, 11, 14, 15, 17, 18, 19, 21, 23)
(2, 4, 6, 7, 8, 10, 12, 13, 15, 17, 18, 19, 21, 23)
(2, 4, 6, 7, 8, 11, 12, 13, 14, 17, 18, 19, 21, 23)
(2, 4, 6, 7, 9, 10, 11, 14, 15, 16, 18, 19, 21, 23)
(2, 4, 6, 7, 9, 10, 12, 13, 15, 16, 18, 19, 21, 23)
(2, 4, 6, 7, 9, 11, 12, 13, 14, 16, 18, 19, 21, 23)
(2, 4, 6, 7, 9, 11, 12, 14, 15, 16, 17, 19, 21, 22)
(2, 4, 6, 7, 10, 11, 12, 13, 14, 15, 18, 19, 21, 23)
(2, 4, 6, 8, 9, 10, 11, 14, 15, 16, 17, 19, 21, 23)
(2, 4, 6, 8, 9, 10, 12, 13, 15, 16, 17, 19, 21, 23)
(2, 4, 6, 8, 9, 11, 12, 13, 14, 16, 17, 19, 21, 23)
(2, 4, 6, 8, 10, 11, 12, 13, 14, 15, 17, 19, 21, 23)
(2, 4, 6, 9, 10, 11, 12, 13, 14, 15, 16, 19, 21, 23)
(2, 4, 7, 8, 9, 10, 11, 14, 15, 16, 17, 18, 21, 23)
(2, 4, 7, 8, 9, 10, 12, 13, 15, 16, 17, 18, 21, 23)
(2, 4, 7, 8, 9, 11, 12, 13, 14, 16, 17, 18, 21, 23)
(2, 4, 7, 8, 10, 11, 12, 13, 14, 15, 17, 18, 21, 23)
(2, 4, 7, 9, 10, 11, 12, 13, 14, 15, 16, 18, 21, 23)
(2, 4, 8, 9, 10, 11, 12, 13, 14, 15, 16, 17, 21, 23)
(2, 5, 6, 7, 8, 9, 10, 15, 16, 17, 18, 19, 20, 23)
(2, 5, 6, 7, 8, 9, 11, 14, 16, 17, 18, 19, 20, 23)
(2, 5, 6, 7, 8, 9, 12, 13, 16, 17, 18, 19, 20, 23)
(2, 5, 6, 7, 8, 10, 11, 14, 15, 17, 18, 19, 20, 23)
(2, 5, 6, 7, 8, 10, 12, 13, 15, 17, 18, 19, 20, 23)
(2, 5, 6, 7, 8, 11, 12, 13, 14, 17, 18, 19, 20, 23)
(2, 5, 6, 7, 9, 10, 11, 14, 15, 16, 18, 19, 20, 23)
(2, 5, 6, 7, 9, 10, 12, 13, 15, 16, 18, 19, 20, 23)
(2, 5, 6, 7, 9, 11, 12, 13, 14, 16, 18, 19, 20, 23)
(2, 5, 6, 7, 9, 11, 12, 14, 15, 16, 17, 19, 20, 22)
(2, 5, 6, 7, 10, 11, 12, 13, 14, 15, 18, 19, 20, 23)
(2, 5, 6, 8, 9, 10, 11, 14, 15, 16, 17, 19, 20, 23)
(2, 5, 6, 8, 9, 10, 12, 13, 15, 16, 17, 19, 20, 23)
(2, 5, 6, 8, 9, 11, 12, 13, 14, 16, 17, 19, 20, 23)
(2, 5, 6, 8, 10, 11, 12, 13, 14, 15, 17, 19, 20, 23)
(2, 5, 6, 9, 10, 11, 12, 13, 14, 15, 16, 19, 20, 23)
(2, 5, 7, 8, 9, 10, 11, 14, 15, 16, 17, 18, 20, 23)
(2, 5, 7, 8, 9, 10, 12, 13, 15, 16, 17, 18, 20, 23)
(2, 5, 7, 8, 9, 11, 12, 13, 14, 16, 17, 18, 20, 23)
(2, 5, 7, 8, 10, 11, 12, 13, 14, 15, 17, 18, 20, 23)
(2, 5, 7, 9, 10, 11, 12, 13, 14, 15, 16, 18, 20, 23)
(2, 5, 8, 9, 10, 11, 12, 13, 14, 15, 16, 17, 20, 23)
(2, 6, 7, 8, 9, 10, 11, 14, 15, 16, 17, 18, 19, 23)
(2, 6, 7, 8, 9, 10, 12, 13, 15, 16, 17, 18, 19, 23)
(2, 6, 7, 8, 9, 11, 12, 13, 14, 16, 17, 18, 19, 23)
(2, 6, 7, 8, 10, 11, 12, 13, 14, 15, 17, 18, 19, 23)
(2, 6, 7, 9, 10, 11, 12, 13, 14, 15, 16, 18, 19, 23)
(2, 6, 8, 9, 10, 11, 12, 13, 14, 15, 16, 17, 19, 23)
(2, 7, 8, 9, 10, 11, 12, 13, 14, 15, 16, 17, 18, 23)
(3, 4, 5, 6, 7, 8, 9, 16, 17, 18, 19, 20, 21, 22)
(3, 4, 5, 6, 7, 8, 10, 15, 17, 18, 19, 20, 21, 22)
(3, 4, 5, 6, 7, 8, 11, 14, 17, 18, 19, 20, 21, 22)
(3, 4, 5, 6, 7, 8, 12, 13, 17, 18, 19, 20, 21, 22)
(3, 4, 5, 6, 7, 9, 10, 15, 16, 18, 19, 20, 21, 22)
(3, 4, 5, 6, 7, 9, 11, 14, 16, 18, 19, 20, 21, 22)
(3, 4, 5, 6, 7, 9, 12, 13, 16, 18, 19, 20, 21, 22)
(3, 4, 5, 6, 7, 10, 11, 14, 15, 18, 19, 20, 21, 22)
(3, 4, 5, 6, 7, 10, 12, 13, 15, 18, 19, 20, 21, 22)
(3, 4, 5, 6, 7, 11, 12, 13, 14, 18, 19, 20, 21, 22)
(3, 4, 5, 6, 8, 9, 10, 13, 16, 18, 19, 20, 21, 23)
(3, 4, 5, 6, 8, 9, 10, 15, 16, 17, 19, 20, 21, 22)
(3, 4, 5, 6, 8, 9, 11, 14, 16, 17, 19, 20, 21, 22)
(3, 4, 5, 6, 8, 9, 12, 13, 16, 17, 19, 20, 21, 22)
(3, 4, 5, 6, 8, 10, 11, 13, 14, 18, 19, 20, 21, 23)
(3, 4, 5, 6, 8, 10, 11, 14, 15, 17, 19, 20, 21, 22)
(3, 4, 5, 6, 8, 10, 12, 13, 15, 17, 19, 20, 21, 22)
(3, 4, 5, 6, 8, 11, 12, 13, 14, 17, 19, 20, 21, 22)
(3, 4, 5, 6, 9, 10, 11, 14, 15, 16, 19, 20, 21, 22)
(3, 4, 5, 6, 9, 10, 12, 13, 15, 16, 19, 20, 21, 22)
(3, 4, 5, 6, 9, 11, 12, 13, 14, 16, 19, 20, 21, 22)
(3, 4, 5, 6, 10, 11, 12, 13, 14, 15, 19, 20, 21, 22)
(3, 4, 5, 7, 8, 9, 10, 14, 15, 17, 18, 19, 22, 24)
(3, 4, 5, 7, 8, 9, 10, 15, 16, 17, 18, 20, 21, 22)
(3, 4, 5, 7, 8, 9, 11, 14, 16, 17, 18, 20, 21, 22)
(3, 4, 5, 7, 8, 9, 12, 13, 14, 17, 18, 19, 22, 24)
(3, 4, 5, 7, 8, 9, 12, 13, 16, 17, 18, 20, 21, 22)
(3, 4, 5, 7, 8, 10, 11, 14, 15, 17, 18, 20, 21, 22)
(3, 4, 5, 7, 8, 10, 12, 13, 15, 17, 18, 20, 21, 22)
(3, 4, 5, 7, 8, 11, 12, 13, 14, 17, 18, 20, 21, 22)
(3, 4, 5, 7, 9, 10, 11, 14, 15, 16, 18, 20, 21, 22)
(3, 4, 5, 7, 9, 10, 12, 13, 14, 15, 18, 19, 22, 24)
(3, 4, 5, 7, 9, 10, 12, 13, 15, 16, 18, 20, 21, 22)
(3, 4, 5, 7, 9, 11, 12, 13, 14, 16, 18, 20, 21, 22)
(3, 4, 5, 7, 10, 11, 12, 13, 14, 15, 18, 20, 21, 22)
(3, 4, 5, 8, 9, 10, 11, 13, 14, 16, 18, 20, 21, 23)
(3, 4, 5, 8, 9, 10, 11, 14, 15, 16, 17, 20, 21, 22)
(3, 4, 5, 8, 9, 10, 12, 13, 14, 15, 17, 19, 22, 24)
(3, 4, 5, 8, 9, 10, 12, 13, 15, 16, 17, 20, 21, 22)
(3, 4, 5, 8, 9, 11, 12, 13, 14, 16, 17, 20, 21, 22)
(3, 4, 5, 8, 10, 11, 12, 13, 14, 15, 17, 20, 21, 22)
(3, 4, 5, 9, 10, 11, 12, 13, 14, 15, 16, 20, 21, 22)
(3, 4, 6, 7, 8, 9, 10, 15, 16, 17, 18, 19, 21, 22)
(3, 4, 6, 7, 8, 9, 11, 14, 16, 17, 18, 19, 21, 22)
(3, 4, 6, 7, 8, 9, 12, 13, 16, 17, 18, 19, 21, 22)
(3, 4, 6, 7, 8, 10, 11, 14, 15, 17, 18, 19, 21, 22)
(3, 4, 6, 7, 8, 10, 12, 13, 15, 17, 18, 19, 21, 22)
(3, 4, 6, 7, 8, 11, 12, 13, 14, 17, 18, 19, 21, 22)
(3, 4, 6, 7, 9, 10, 11, 14, 15, 16, 18, 19, 21, 22)
(3, 4, 6, 7, 9, 10, 12, 13, 15, 16, 18, 19, 21, 22)
(3, 4, 6, 7, 9, 11, 12, 13, 14, 16, 18, 19, 21, 22)
(3, 4, 6, 7, 10, 11, 12, 13, 14, 15, 18, 19, 21, 22)
(3, 4, 6, 8, 9, 10, 11, 13, 14, 16, 18, 19, 21, 23)
(3, 4, 6, 8, 9, 10, 11, 14, 15, 16, 17, 19, 21, 22)
(3, 4, 6, 8, 9, 10, 12, 13, 15, 16, 17, 19, 21, 22)
(3, 4, 6, 8, 9, 11, 12, 13, 14, 16, 17, 19, 21, 22)
(3, 4, 6, 8, 10, 11, 12, 13, 14, 15, 17, 19, 21, 22)
(3, 4, 6, 9, 10, 11, 12, 13, 14, 15, 16, 19, 21, 22)
(3, 4, 7, 8, 9, 10, 11, 14, 15, 16, 17, 18, 21, 22)
(3, 4, 7, 8, 9, 10, 12, 13, 15, 16, 17, 18, 21, 22)
(3, 4, 7, 8, 9, 11, 12, 13, 14, 16, 17, 18, 21, 22)
(3, 4, 7, 8, 10, 11, 12, 13, 14, 15, 17, 18, 21, 22)
(3, 4, 7, 9, 10, 11, 12, 13, 14, 15, 16, 18, 21, 22)
(3, 4, 8, 9, 10, 11, 12, 13, 14, 15, 16, 17, 21, 22)
(3, 5, 6, 7, 8, 9, 10, 15, 16, 17, 18, 19, 20, 22)
(3, 5, 6, 7, 8, 9, 11, 14, 16, 17, 18, 19, 20, 22)
(3, 5, 6, 7, 8, 9, 12, 13, 16, 17, 18, 19, 20, 22)
(3, 5, 6, 7, 8, 10, 11, 14, 15, 17, 18, 19, 20, 22)
(3, 5, 6, 7, 8, 10, 12, 13, 15, 17, 18, 19, 20, 22)
(3, 5, 6, 7, 8, 11, 12, 13, 14, 17, 18, 19, 20, 22)
(3, 5, 6, 7, 9, 10, 11, 14, 15, 16, 18, 19, 20, 22)
(3, 5, 6, 7, 9, 10, 12, 13, 15, 16, 18, 19, 20, 22)
(3, 5, 6, 7, 9, 11, 12, 13, 14, 16, 18, 19, 20, 22)
(3, 5, 6, 7, 10, 11, 12, 13, 14, 15, 18, 19, 20, 22)
(3, 5, 6, 8, 9, 10, 11, 13, 14, 16, 18, 19, 20, 23)
(3, 5, 6, 8, 9, 10, 11, 14, 15, 16, 17, 19, 20, 22)
(3, 5, 6, 8, 9, 10, 12, 13, 15, 16, 17, 19, 20, 22)
(3, 5, 6, 8, 9, 11, 12, 13, 14, 16, 17, 19, 20, 22)
(3, 5, 6, 8, 10, 11, 12, 13, 14, 15, 17, 19, 20, 22)
(3, 5, 6, 9, 10, 11, 12, 13, 14, 15, 16, 19, 20, 22)
(3, 5, 7, 8, 9, 10, 11, 14, 15, 16, 17, 18, 20, 22)
(3, 5, 7, 8, 9, 10, 12, 13, 15, 16, 17, 18, 20, 22)
(3, 5, 7, 8, 9, 11, 12, 13, 14, 16, 17, 18, 20, 22)
(3, 5, 7, 8, 10, 11, 12, 13, 14, 15, 17, 18, 20, 22)
(3, 5, 7, 9, 10, 11, 12, 13, 14, 15, 16, 18, 20, 22)
(3, 5, 8, 9, 10, 11, 12, 13, 14, 15, 16, 17, 20, 22)
(3, 6, 7, 8, 9, 10, 11, 14, 15, 16, 17, 18, 19, 22)
(3, 6, 7, 8, 9, 10, 12, 13, 15, 16, 17, 18, 19, 22)
(3, 6, 7, 8, 9, 11, 12, 13, 14, 16, 17, 18, 19, 22)
(3, 6, 7, 8, 10, 11, 12, 13, 14, 15, 17, 18, 19, 22)
(3, 6, 7, 9, 10, 11, 12, 13, 14, 15, 16, 18, 19, 22)
(3, 6, 8, 9, 10, 11, 12, 13, 14, 15, 16, 17, 19, 22)
(3, 7, 8, 9, 10, 11, 12, 13, 14, 15, 16, 17, 18, 22)
(4, 5, 6, 7, 8, 9, 10, 15, 16, 17, 18, 19, 20, 21)
(4, 5, 6, 7, 8, 9, 11, 14, 16, 17, 18, 19, 20, 21)
(4, 5, 6, 7, 8, 9, 12, 13, 16, 17, 18, 19, 20, 21)
(4, 5, 6, 7, 8, 10, 11, 14, 15, 17, 18, 19, 20, 21)
(4, 5, 6, 7, 8, 10, 12, 13, 15, 17, 18, 19, 20, 21)
(4, 5, 6, 7, 8, 11, 12, 13, 14, 17, 18, 19, 20, 21)
(4, 5, 6, 7, 9, 10, 11, 14, 15, 16, 18, 19, 20, 21)
(4, 5, 6, 7, 9, 10, 12, 13, 15, 16, 18, 19, 20, 21)
(4, 5, 6, 7, 9, 11, 12, 13, 14, 16, 18, 19, 20, 21)
(4, 5, 6, 7, 10, 11, 12, 13, 14, 15, 18, 19, 20, 21)
(4, 5, 6, 8, 9, 10, 11, 14, 15, 16, 17, 19, 20, 21)
(4, 5, 6, 8, 9, 10, 12, 13, 15, 16, 17, 19, 20, 21)
(4, 5, 6, 8, 9, 11, 12, 13, 14, 16, 17, 19, 20, 21)
(4, 5, 6, 8, 10, 11, 12, 13, 14, 15, 17, 19, 20, 21)
(4, 5, 6, 9, 10, 11, 12, 13, 14, 15, 16, 19, 20, 21)
(4, 5, 7, 8, 9, 10, 11, 14, 15, 16, 17, 18, 20, 21)
(4, 5, 7, 8, 9, 10, 12, 13, 14, 15, 17, 18, 19, 24)
(4, 5, 7, 8, 9, 10, 12, 13, 15, 16, 17, 18, 20, 21)
(4, 5, 7, 8, 9, 11, 12, 13, 14, 16, 17, 18, 20, 21)
(4, 5, 7, 8, 10, 11, 12, 13, 14, 15, 17, 18, 20, 21)
(4, 5, 7, 9, 10, 11, 12, 13, 14, 15, 16, 18, 20, 21)
(4, 5, 8, 9, 10, 11, 12, 13, 14, 15, 16, 17, 20, 21)
(4, 6, 7, 8, 9, 10, 11, 14, 15, 16, 17, 18, 19, 21)
(4, 6, 7, 8, 9, 10, 12, 13, 15, 16, 17, 18, 19, 21)
(4, 6, 7, 8, 9, 11, 12, 13, 14, 16, 17, 18, 19, 21)
(4, 6, 7, 8, 10, 11, 12, 13, 14, 15, 17, 18, 19, 21)
(4, 6, 7, 9, 10, 11, 12, 13, 14, 15, 16, 18, 19, 21)
(4, 6, 8, 9, 10, 11, 12, 13, 14, 15, 16, 17, 19, 21)
(4, 7, 8, 9, 10, 11, 12, 13, 14, 15, 16, 17, 18, 21)
(5, 6, 7, 8, 9, 10, 11, 14, 15, 16, 17, 18, 19, 20)
(5, 6, 7, 8, 9, 10, 12, 13, 15, 16, 17, 18, 19, 20)
(5, 6, 7, 8, 9, 11, 12, 13, 14, 16, 17, 18, 19, 20)
(5, 6, 7, 8, 10, 11, 12, 13, 14, 15, 17, 18, 19, 20)
(5, 6, 7, 9, 10, 11, 12, 13, 14, 15, 16, 18, 19, 20)
(5, 6, 8, 9, 10, 11, 12, 13, 14, 15, 16, 17, 19, 20)
(5, 7, 8, 9, 10, 11, 12, 13, 14, 15, 16, 17, 18, 20)
(6, 7, 8, 9, 10, 11, 12, 13, 14, 15, 16, 17, 18, 19)
}

Print all_are_pairs (contains 792 tuples): {
(1, 2, 4, 5, 9, 11, 12, 13, 14, 16, 20, 21, 23, 24)
(1, 2, 3, 4, 6, 7, 9, 16, 18, 19, 21, 22, 23, 24)
(2, 3, 4, 5, 8, 10, 12, 13, 15, 17, 20, 21, 22, 23)
(2, 4, 6, 7, 8, 10, 11, 14, 15, 17, 18, 19, 21, 23)
(2, 3, 4, 5, 6, 7, 8, 17, 18, 19, 20, 21, 22, 23)
(1, 2, 3, 5, 6, 9, 11, 14, 16, 19, 20, 22, 23, 24)
(1, 2, 5, 6, 7, 9, 11, 14, 16, 18, 19, 20, 23, 24)
(2, 3, 6, 7, 9, 10, 11, 14, 15, 16, 18, 19, 22, 23)
(1, 2, 4, 5, 7, 8, 12, 13, 17, 18, 20, 21, 23, 24)
(2, 3, 4, 8, 9, 10, 11, 14, 15, 16, 17, 21, 22, 23)
(1, 2, 5, 6, 9, 11, 12, 13, 14, 16, 19, 20, 23, 24)
(1, 4, 6, 8, 9, 10, 12, 13, 15, 16, 17, 19, 21, 24)
(1, 5, 7, 8, 10, 11, 12, 13, 14, 15, 17, 18, 20, 24)
(1, 4, 5, 7, 8, 11, 12, 13, 14, 17, 18, 20, 21, 24)
(3, 4, 6, 7, 10, 11, 12, 13, 14, 15, 18, 19, 21, 22)
(1, 3, 6, 7, 8, 11, 12, 13, 14, 17, 18, 19, 22, 24)
(3, 5, 6, 7, 9, 10, 12, 13, 15, 16, 18, 19, 20, 22)
(1, 2, 3, 4, 7, 9, 11, 14, 16, 18, 21, 22, 23, 24)
(2, 4, 5, 9, 10, 11, 12, 13, 14, 15, 16, 20, 21, 23)
(1, 2, 3, 5, 10, 11, 12, 13, 14, 15, 20, 22, 23, 24)
(1, 3, 4, 5, 9, 11, 12, 13, 14, 16, 20, 21, 22, 24)
(1, 2, 3, 4, 5, 8, 9, 16, 17, 20, 21, 22, 23, 24)
(2, 5, 7, 9, 10, 11, 12, 13, 14, 15, 16, 18, 20, 23)
(3, 5, 6, 8, 10, 11, 12, 13, 14, 15, 17, 19, 20, 22)
(1, 3, 5, 6, 8, 9, 12, 13, 16, 17, 19, 20, 22, 24)
(1, 4, 7, 8, 9, 10, 12, 13, 15, 16, 17, 18, 21, 24)
(1, 4, 5, 6, 9, 11, 12, 13, 14, 16, 19, 20, 21, 24)
(5, 6, 7, 8, 9, 10, 12, 13, 15, 16, 17, 18, 19, 20)
(1, 3, 4, 9, 10, 11, 12, 13, 14, 15, 16, 21, 22, 24)
(2, 3, 4, 5, 6, 11, 12, 13, 14, 19, 20, 21, 22, 23)
(2, 4, 8, 9, 10, 11, 12, 13, 14, 15, 16, 17, 21, 23)
(1, 2, 3, 4, 5, 6, 10, 15, 19, 20, 21, 22, 23, 24)
(1, 2, 4, 6, 9, 10, 12, 13, 15, 16, 19, 21, 23, 24)
(3, 4, 5, 7, 8, 11, 12, 13, 14, 17, 18, 20, 21, 22)
(1, 2, 4, 8, 10, 11, 12, 13, 14, 15, 17, 21, 23, 24)
(2, 4, 6, 9, 10, 11, 12, 13, 14, 15, 16, 19, 21, 23)
(2, 5, 6, 7, 9, 10, 11, 14, 15, 16, 18, 19, 20, 23)
(4, 5, 7, 8, 9, 10, 12, 13, 15, 16, 17, 18, 20, 21)
(1, 3, 4, 5, 10, 11, 12, 13, 14, 15, 20, 21, 22, 24)
(1, 2, 3, 4, 6, 10, 11, 14, 15, 19, 21, 22, 23, 24)
(2, 6, 7, 8, 10, 11, 12, 13, 14, 15, 17, 18, 19, 23)
(1, 5, 6, 7, 8, 9, 11, 14, 16, 17, 18, 19, 20, 24)
(1, 5, 6, 7, 9, 11, 12, 13, 14, 16, 18, 19, 20, 24)
(3, 7, 8, 9, 10, 11, 12, 13, 14, 15, 16, 17, 18, 22)
(1, 2, 3, 4, 7, 10, 12, 13, 15, 18, 21, 22, 23, 24)
(2, 3, 5, 6, 7, 8, 11, 14, 17, 18, 19, 20, 22, 23)
(2, 3, 4, 6, 7, 8, 10, 15, 17, 18, 19, 21, 22, 23)
(2, 3, 7, 8, 9, 10, 11, 14, 15, 16, 17, 18, 22, 23)
(1, 3, 4, 7, 8, 11, 12, 13, 14, 17, 18, 21, 22, 24)
(1, 2, 6, 8, 9, 10, 12, 13, 15, 16, 17, 19, 23, 24)
(1, 5, 7, 8, 9, 10, 12, 13, 15, 16, 17, 18, 20, 24)
(1, 4, 6, 7, 8, 10, 12, 13, 15, 17, 18, 19, 21, 24)
(1, 2, 5, 6, 7, 11, 12, 13, 14, 18, 19, 20, 23, 24)
(2, 3, 4, 5, 6, 7, 9, 16, 18, 19, 20, 21, 22, 23)
(1, 2, 4, 5, 6, 8, 9, 16, 17, 19, 20, 21, 23, 24)
(2, 4, 5, 6, 8, 9, 11, 14, 16, 17, 19, 20, 21, 23)
(1, 2, 5, 7, 8, 9, 12, 13, 16, 17, 18, 20, 23, 24)
(2, 3, 4, 6, 7, 10, 12, 13, 15, 18, 19, 21, 22, 23)
(1, 2, 3, 4, 5, 11, 12, 13, 14, 20, 21, 22, 23, 24)
(2, 3, 5, 6, 7, 9, 12, 13, 16, 18, 19, 20, 22, 23)
(1, 2, 3, 5, 9, 10, 11, 14, 15, 16, 20, 22, 23, 24)
(1, 3, 4, 6, 7, 9, 11, 14, 16, 18, 19, 21, 22, 24)
(1, 2, 5, 6, 7, 10, 12, 13, 15, 18, 19, 20, 23, 24)
(3, 4, 6, 7, 8, 9, 10, 15, 16, 17, 18, 19, 21, 22)
(1, 2, 3, 5, 6, 7, 8, 17, 18, 19, 20, 22, 23, 24)
(2, 3, 4, 6, 8, 10, 11, 14, 15, 17, 19, 21, 22, 23)
(1, 2, 3, 5, 6, 11, 12, 13, 14, 19, 20, 22, 23, 24)
(1, 2, 3, 8, 9, 11, 12, 13, 14, 16, 17, 22, 23, 24)
(1, 4, 5, 7, 9, 10, 12, 13, 15, 16, 18, 20, 21, 24)
(3, 4, 7, 8, 9, 10, 12, 13, 15, 16, 17, 18, 21, 22)
(1, 2, 5, 6, 8, 10, 12, 13, 15, 17, 19, 20, 23, 24)
(2, 3, 4, 6, 8, 9, 11, 14, 16, 17, 19, 21, 22, 23)
(2, 4, 5, 6, 8, 10, 12, 13, 15, 17, 19, 20, 21, 23)
(1, 3, 6, 8, 9, 10, 11, 14, 15, 16, 17, 19, 22, 24)
(2, 3, 5, 6, 8, 9, 10, 15, 16, 17, 19, 20, 22, 23)
(1, 4, 5, 6, 7, 8, 9, 16, 17, 18, 19, 20, 21, 24)
(2, 3, 4, 6, 8, 11, 12, 13, 14, 17, 19, 21, 22, 23)
(2, 4, 5, 6, 9, 10, 12, 13, 15, 16, 19, 20, 21, 23)
(1, 6, 7, 8, 10, 11, 12, 13, 14, 15, 17, 18, 19, 24)
(1, 2, 3, 4, 6, 7, 11, 14, 18, 19, 21, 22, 23, 24)
(1, 3, 6, 7, 8, 9, 12, 13, 16, 17, 18, 19, 22, 24)
(1, 3, 5, 8, 10, 11, 12, 13, 14, 15, 17, 20, 22, 24)
(1, 4, 5, 7, 8, 9, 12, 13, 16, 17, 18, 20, 21, 24)
(2, 3, 5, 6, 8, 9, 11, 14, 16, 17, 19, 20, 22, 23)
(1, 2, 3, 7, 9, 11, 12, 13, 14, 16, 18, 22, 23, 24)
(2, 3, 5, 6, 7, 8, 10, 15, 17, 18, 19, 20, 22, 23)
(1, 3, 4, 5, 7, 10, 11, 14, 15, 18, 20, 21, 22, 24)
(1, 2, 5, 6, 7, 8, 9, 16, 17, 18, 19, 20, 23, 24)
(1, 3, 4, 5, 8, 11, 12, 13, 14, 17, 20, 21, 22, 24)
(1, 3, 4, 5, 8, 9, 11, 14, 16, 17, 20, 21, 22, 24)
(1, 2, 5, 7, 9, 10, 11, 14, 15, 16, 18, 20, 23, 24)
(1, 6, 8, 9, 10, 11, 12, 13, 14, 15, 16, 17, 19, 24)
(1, 5, 7, 8, 9, 11, 12, 13, 14, 16, 17, 18, 20, 24)
(2, 5, 7, 8, 9, 11, 12, 13, 14, 16, 17, 18, 20, 23)
(3, 4, 6, 7, 8, 9, 11, 14, 16, 17, 18, 19, 21, 22)
(1, 4, 5, 7, 9, 11, 12, 13, 14, 16, 18, 20, 21, 24)
(1, 3, 4, 5, 8, 10, 11, 14, 15, 17, 20, 21, 22, 24)
(2, 5, 6, 7, 8, 9, 11, 14, 16, 17, 18, 19, 20, 23)
(1, 2, 3, 6, 8, 10, 11, 14, 15, 17, 19, 22, 23, 24)
(1, 2, 5, 7, 10, 11, 12, 13, 14, 15, 18, 20, 23, 24)
(2, 4, 5, 6, 9, 10, 11, 14, 15, 16, 19, 20, 21, 23)
(1, 3, 4, 5, 7, 8, 12, 13, 17, 18, 20, 21, 22, 24)
(1, 2, 3, 5, 8, 11, 12, 13, 14, 17, 20, 22, 23, 24)
(1, 4, 6, 7, 8, 9, 10, 15, 16, 17, 18, 19, 21, 24)
(1, 2, 3, 4, 6, 8, 9, 16, 17, 19, 21, 22, 23, 24)
(1, 2, 3, 7, 8, 10, 12, 13, 15, 17, 18, 22, 23, 24)
(1, 3, 5, 6, 8, 9, 11, 14, 16, 17, 19, 20, 22, 24)
(1, 2, 3, 6, 8, 10, 12, 13, 15, 17, 19, 22, 23, 24)
(1, 3, 5, 6, 10, 11, 12, 13, 14, 15, 19, 20, 22, 24)
(1, 2, 5, 7, 8, 9, 10, 15, 16, 17, 18, 20, 23, 24)
(1, 2, 4, 5, 7, 9, 12, 13, 16, 18, 20, 21, 23, 24)
(1, 3, 4, 7, 9, 10, 11, 14, 15, 16, 18, 21, 22, 24)
(3, 6, 7, 9, 10, 11, 12, 13, 14, 15, 16, 18, 19, 22)
(4, 5, 7, 8, 9, 10, 11, 14, 15, 16, 17, 18, 20, 21)
(1, 3, 6, 7, 9, 11, 12, 13, 14, 16, 18, 19, 22, 24)
(2, 3, 5, 6, 8, 9, 12, 13, 16, 17, 19, 20, 22, 23)
(1, 2, 3, 4, 6, 8, 10, 15, 17, 19, 21, 22, 23, 24)
(2, 3, 4, 5, 6, 9, 10, 15, 16, 19, 20, 21, 22, 23)
(1, 5, 7, 8, 9, 10, 11, 14, 15, 16, 17, 18, 20, 24)
(1, 2, 3, 5, 6, 10, 12, 13, 15, 19, 20, 22, 23, 24)
(1, 2, 4, 7, 9, 10, 11, 14, 15, 16, 18, 21, 23, 24)
(1, 4, 6, 8, 9, 10, 11, 14, 15, 16, 17, 19, 21, 24)
(3, 4, 5, 6, 7, 8, 9, 16, 17, 18, 19, 20, 21, 22)
(1, 3, 4, 6, 7, 11, 12, 13, 14, 18, 19, 21, 22, 24)
(1, 3, 4, 5, 6, 8, 11, 14, 17, 19, 20, 21, 22, 24)
(1, 3, 5, 8, 9, 11, 12, 13, 14, 16, 17, 20, 22, 24)
(3, 4, 5, 6, 7, 9, 11, 14, 16, 18, 19, 20, 21, 22)
(1, 2, 3, 5, 7, 10, 11, 14, 15, 18, 20, 22, 23, 24)
(1, 2, 3, 6, 10, 11, 12, 13, 14, 15, 19, 22, 23, 24)
(2, 3, 4, 6, 10, 11, 12, 13, 14, 15, 19, 21, 22, 23)
(1, 2, 4, 5, 6, 7, 9, 16, 18, 19, 20, 21, 23, 24)
(1, 2, 3, 5, 7, 9, 10, 15, 16, 18, 20, 22, 23, 24)
(1, 2, 5, 6, 10, 11, 12, 13, 14, 15, 19, 20, 23, 24)
(1, 2, 8, 9, 10, 11, 12, 13, 14, 15, 16, 17, 23, 24)
(1, 3, 4, 6, 7, 9, 10, 15, 16, 18, 19, 21, 22, 24)
(2, 4, 5, 7, 9, 11, 12, 13, 14, 16, 18, 20, 21, 23)
(1, 2, 3, 6, 7, 9, 10, 15, 16, 18, 19, 22, 23, 24)
(1, 2, 3, 4, 5, 10, 11, 14, 15, 20, 21, 22, 23, 24)
(1, 3, 4, 6, 7, 9, 12, 13, 16, 18, 19, 21, 22, 24)
(2, 3, 5, 7, 8, 9, 11, 14, 16, 17, 18, 20, 22, 23)
(1, 3, 5, 6, 7, 8, 12, 13, 17, 18, 19, 20, 22, 24)
(1, 2, 3, 7, 8, 10, 11, 14, 15, 17, 18, 22, 23, 24)
(2, 4, 5, 7, 8, 9, 11, 14, 16, 17, 18, 20, 21, 23)
(1, 2, 3, 5, 6, 10, 11, 14, 15, 19, 20, 22, 23, 24)
(3, 4, 7, 8, 10, 11, 12, 13, 14, 15, 17, 18, 21, 22)
(1, 2, 3, 7, 9, 10, 12, 13, 15, 16, 18, 22, 23, 24)
(2, 3, 8, 9, 10, 11, 12, 13, 14, 15, 16, 17, 22, 23)
(1, 2, 3, 7, 8, 9, 10, 15, 16, 17, 18, 22, 23, 24)
(1, 3, 5, 6, 8, 11, 12, 13, 14, 17, 19, 20, 22, 24)
(1, 5, 7, 9, 10, 11, 12, 13, 14, 15, 16, 18, 20, 24)
(2, 3, 4, 7, 8, 10, 11, 14, 15, 17, 18, 21, 22, 23)
(2, 4, 5, 6, 8, 10, 11, 14, 15, 17, 19, 20, 21, 23)
(4, 5, 6, 7, 8, 9, 11, 14, 16, 17, 18, 19, 20, 21)
(1, 2, 4, 6, 7, 10, 12, 13, 15, 18, 19, 21, 23, 24)
(1, 2, 4, 8, 9, 10, 11, 14, 15, 16, 17, 21, 23, 24)
(1, 2, 4, 5, 6, 9, 10, 15, 16, 19, 20, 21, 23, 24)
(1, 4, 5, 7, 8, 9, 10, 15, 16, 17, 18, 20, 21, 24)
(1, 2, 3, 4, 6, 7, 12, 13, 18, 19, 21, 22, 23, 24)
(2, 3, 6, 7, 9, 11, 12, 13, 14, 16, 18, 19, 22, 23)
(1, 2, 4, 5, 6, 7, 11, 14, 18, 19, 20, 21, 23, 24)
(3, 4, 5, 6, 7, 11, 12, 13, 14, 18, 19, 20, 21, 22)
(1, 2, 3, 5, 8, 9, 12, 13, 16, 17, 20, 22, 23, 24)
(5, 6, 7, 9, 10, 11, 12, 13, 14, 15, 16, 18, 19, 20)
(3, 4, 5, 6, 8, 9, 12, 13, 16, 17, 19, 20, 21, 22)
(1, 3, 7, 8, 10, 11, 12, 13, 14, 15, 17, 18, 22, 24)
(1, 2, 5, 8, 9, 11, 12, 13, 14, 16, 17, 20, 23, 24)
(1, 3, 4, 7, 10, 11, 12, 13, 14, 15, 18, 21, 22, 24)
(1, 3, 6, 7, 8, 9, 10, 15, 16, 17, 18, 19, 22, 24)
(1, 3, 4, 5, 6, 9, 12, 13, 16, 19, 20, 21, 22, 24)
(1, 3, 4, 6, 8, 9, 11, 14, 16, 17, 19, 21, 22, 24)
(1, 2, 6, 7, 8, 10, 12, 13, 15, 17, 18, 19, 23, 24)
(2, 3, 4, 5, 6, 8, 12, 13, 17, 19, 20, 21, 22, 23)
(2, 3, 4, 5, 8, 9, 10, 15, 16, 17, 20, 21, 22, 23)
(1, 2, 4, 5, 10, 11, 12, 13, 14, 15, 20, 21, 23, 24)
(1, 2, 4, 5, 6, 11, 12, 13, 14, 19, 20, 21, 23, 24)
(1, 4, 8, 9, 10, 11, 12, 13, 14, 15, 16, 17, 21, 24)
(1, 2, 3, 4, 6, 9, 11, 14, 16, 19, 21, 22, 23, 24)
(1, 5, 6, 8, 9, 10, 11, 14, 15, 16, 17, 19, 20, 24)
(2, 3, 5, 7, 9, 10, 11, 14, 15, 16, 18, 20, 22, 23)
(1, 2, 4, 7, 9, 10, 12, 13, 15, 16, 18, 21, 23, 24)
(1, 2, 5, 6, 8, 9, 11, 14, 16, 17, 19, 20, 23, 24)
(2, 3, 6, 7, 8, 10, 12, 13, 15, 17, 18, 19, 22, 23)
(2, 3, 7, 8, 9, 11, 12, 13, 14, 16, 17, 18, 22, 23)
(2, 3, 4, 6, 7, 8, 12, 13, 17, 18, 19, 21, 22, 23)
(3, 4, 5, 6, 7, 10, 12, 13, 15, 18, 19, 20, 21, 22)
(1, 2, 3, 9, 10, 11, 12, 13, 14, 15, 16, 22, 23, 24)
(1, 2, 3, 4, 8, 11, 12, 13, 14, 17, 21, 22, 23, 24)
(3, 5, 7, 8, 9, 10, 11, 14, 15, 16, 17, 18, 20, 22)
(1, 2, 3, 6, 8, 9, 12, 13, 16, 17, 19, 22, 23, 24)
(3, 4, 5, 6, 7, 9, 12, 13, 16, 18, 19, 20, 21, 22)
(1, 3, 4, 7, 8, 10, 12, 13, 15, 17, 18, 21, 22, 24)
(3, 4, 5, 6, 8, 9, 10, 15, 16, 17, 19, 20, 21, 22)
(1, 7, 8, 9, 10, 11, 12, 13, 14, 15, 16, 17, 18, 24)
(2, 3, 4, 5, 7, 9, 11, 14, 16, 18, 20, 21, 22, 23)
(2, 3, 4, 6, 7, 11, 12, 13, 14, 18, 19, 21, 22, 23)
(3, 5, 7, 9, 10, 11, 12, 13, 14, 15, 16, 18, 20, 22)
(3, 6, 7, 8, 9, 10, 12, 13, 15, 16, 17, 18, 19, 22)
(1, 4, 6, 7, 8, 9, 12, 13, 16, 17, 18, 19, 21, 24)
(2, 3, 5, 7, 8, 9, 12, 13, 16, 17, 18, 20, 22, 23)
(1, 3, 4, 5, 7, 8, 9, 16, 17, 18, 20, 21, 22, 24)
(1, 2, 3, 4, 6, 9, 12, 13, 16, 19, 21, 22, 23, 24)
(1, 2, 3, 4, 7, 8, 12, 13, 17, 18, 21, 22, 23, 24)
(4, 5, 6, 8, 9, 10, 12, 13, 15, 16, 17, 19, 20, 21)
(2, 3, 5, 6, 7, 10, 12, 13, 15, 18, 19, 20, 22, 23)
(2, 3, 4, 5, 7, 10, 12, 13, 15, 18, 20, 21, 22, 23)
(1, 2, 3, 4, 8, 9, 12, 13, 16, 17, 21, 22, 23, 24)
(1, 4, 6, 9, 10, 11, 12, 13, 14, 15, 16, 19, 21, 24)
(3, 4, 5, 7, 8, 9, 12, 13, 16, 17, 18, 20, 21, 22)
(3, 5, 7, 8, 9, 11, 12, 13, 14, 16, 17, 18, 20, 22)
(1, 4, 5, 6, 8, 11, 12, 13, 14, 17, 19, 20, 21, 24)
(2, 3, 4, 5, 7, 11, 12, 13, 14, 18, 20, 21, 22, 23)
(1, 3, 4, 5, 6, 7, 9, 16, 18, 19, 20, 21, 22, 24)
(2, 3, 4, 7, 10, 11, 12, 13, 14, 15, 18, 21, 22, 23)
(1, 3, 4, 8, 10, 11, 12, 13, 14, 15, 17, 21, 22, 24)
(2, 3, 4, 7, 9, 10, 11, 14, 15, 16, 18, 21, 22, 23)
(3, 4, 6, 8, 10, 11, 12, 13, 14, 15, 17, 19, 21, 22)
(3, 4, 6, 7, 9, 11, 12, 13, 14, 16, 18, 19, 21, 22)
(2, 3, 4, 5, 7, 8, 11, 14, 17, 18, 20, 21, 22, 23)
(2, 3, 4, 5, 9, 10, 12, 13, 15, 16, 20, 21, 22, 23)
(1, 2, 5, 7, 8, 10, 12, 13, 15, 17, 18, 20, 23, 24)
(1, 2, 4, 7, 10, 11, 12, 13, 14, 15, 18, 21, 23, 24)
(1, 4, 5, 6, 7, 11, 12, 13, 14, 18, 19, 20, 21, 24)
(1, 2, 4, 6, 9, 11, 12, 13, 14, 16, 19, 21, 23, 24)
(1, 2, 3, 4, 5, 8, 10, 15, 17, 20, 21, 22, 23, 24)
(1, 3, 4, 7, 8, 9, 11, 14, 16, 17, 18, 21, 22, 24)
(1, 2, 3, 4, 5, 8, 11, 14, 17, 20, 21, 22, 23, 24)
(2, 5, 6, 7, 8, 11, 12, 13, 14, 17, 18, 19, 20, 23)
(1, 2, 4, 7, 8, 9, 11, 14, 16, 17, 18, 21, 23, 24)
(1, 5, 8, 9, 10, 11, 12, 13, 14, 15, 16, 17, 20, 24)
(4, 5, 6, 8, 9, 11, 12, 13, 14, 16, 17, 19, 20, 21)
(1, 4, 6, 7, 9, 11, 12, 13, 14, 16, 18, 19, 21, 24)
(1, 2, 5, 6, 7, 8, 12, 13, 17, 18, 19, 20, 23, 24)
(3, 4, 5, 7, 8, 10, 11, 14, 15, 17, 18, 20, 21, 22)
(1, 3, 4, 5, 6, 10, 12, 13, 15, 19, 20, 21, 22, 24)
(3, 4, 6, 7, 8, 10, 11, 14, 15, 17, 18, 19, 21, 22)
(1, 2, 6, 8, 9, 11, 12, 13, 14, 16, 17, 19, 23, 24)
(1, 2, 3, 4, 5, 7, 12, 13, 18, 20, 21, 22, 23, 24)
(2, 5, 7, 8, 9, 10, 11, 14, 15, 16, 17, 18, 20, 23)
(4, 6, 7, 8, 9, 11, 12, 13, 14, 16, 17, 18, 19, 21)
(1, 2, 7, 9, 10, 11, 12, 13, 14, 15, 16, 18, 23, 24)
(2, 3, 4, 5, 7, 8, 9, 16, 17, 18, 20, 21, 22, 23)
(3, 4, 5, 9, 10, 11, 12, 13, 14, 15, 16, 20, 21, 22)
(3, 5, 6, 7, 8, 11, 12, 13, 14, 17, 18, 19, 20, 22)
(4, 6, 7, 8, 10, 11, 12, 13, 14, 15, 17, 18, 19, 21)
(1, 3, 5, 6, 8, 10, 11, 14, 15, 17, 19, 20, 22, 24)
(2, 3, 6, 8, 9, 10, 11, 14, 15, 16, 17, 19, 22, 23)
(2, 3, 5, 6, 9, 10, 11, 14, 15, 16, 19, 20, 22, 23)
(1, 2, 6, 7, 8, 9, 11, 14, 16, 17, 18, 19, 23, 24)
(1, 3, 4, 6, 8, 11, 12, 13, 14, 17, 19, 21, 22, 24)
(1, 5, 6, 8, 9, 11, 12, 13, 14, 16, 17, 19, 20, 24)
(1, 2, 5, 7, 9, 10, 12, 13, 15, 16, 18, 20, 23, 24)
(1, 2, 3, 4, 6, 7, 8, 17, 18, 19, 21, 22, 23, 24)
(2, 3, 5, 8, 9, 11, 12, 13, 14, 16, 17, 20, 22, 23)
(1, 2, 3, 6, 7, 10, 11, 14, 15, 18, 19, 22, 23, 24)
(1, 3, 4, 5, 6, 8, 9, 16, 17, 19, 20, 21, 22, 24)
(3, 4, 5, 6, 8, 11, 12, 13, 14, 17, 19, 20, 21, 22)
(1, 2, 3, 5, 6, 8, 12, 13, 17, 19, 20, 22, 23, 24)
(3, 4, 5, 6, 7, 8, 12, 13, 17, 18, 19, 20, 21, 22)
(3, 4, 6, 8, 9, 10, 12, 13, 15, 16, 17, 19, 21, 22)
(1, 3, 5, 7, 10, 11, 12, 13, 14, 15, 18, 20, 22, 24)
(1, 3, 4, 5, 7, 8, 10, 15, 17, 18, 20, 21, 22, 24)
(1, 3, 6, 9, 10, 11, 12, 13, 14, 15, 16, 19, 22, 24)
(2, 4, 5, 6, 9, 11, 12, 13, 14, 16, 19, 20, 21, 23)
(2, 4, 5, 6, 7, 11, 12, 13, 14, 18, 19, 20, 21, 23)
(2, 3, 5, 6, 8, 10, 11, 14, 15, 17, 19, 20, 22, 23)
(2, 4, 5, 8, 10, 11, 12, 13, 14, 15, 17, 20, 21, 23)
(2, 3, 5, 7, 8, 9, 10, 15, 16, 17, 18, 20, 22, 23)
(1, 5, 6, 7, 9, 10, 12, 13, 15, 16, 18, 19, 20, 24)
(1, 2, 3, 6, 7, 8, 9, 16, 17, 18, 19, 22, 23, 24)
(2, 3, 5, 6, 7, 9, 10, 15, 16, 18, 19, 20, 22, 23)
(1, 3, 4, 5, 6, 11, 12, 13, 14, 19, 20, 21, 22, 24)
(2, 3, 5, 7, 9, 11, 12, 13, 14, 16, 18, 20, 22, 23)
(2, 3, 4, 5, 7, 9, 10, 15, 16, 18, 20, 21, 22, 23)
(3, 4, 5, 8, 9, 10, 12, 13, 15, 16, 17, 20, 21, 22)
(1, 4, 5, 8, 9, 10, 11, 14, 15, 16, 17, 20, 21, 24)
(2, 3, 5, 6, 7, 10, 11, 14, 15, 18, 19, 20, 22, 23)
(1, 3, 4, 5, 8, 9, 10, 15, 16, 17, 20, 21, 22, 24)
(2, 4, 5, 7, 8, 10, 12, 13, 15, 17, 18, 20, 21, 23)
(2, 4, 5, 8, 9, 10, 12, 13, 15, 16, 17, 20, 21, 23)
(1, 2, 5, 7, 8, 11, 12, 13, 14, 17, 18, 20, 23, 24)
(1, 2, 3, 4, 7, 8, 10, 15, 17, 18, 21, 22, 23, 24)
(1, 2, 4, 7, 8, 10, 11, 14, 15, 17, 18, 21, 23, 24)
(1, 2, 5, 7, 8, 10, 11, 14, 15, 17, 18, 20, 23, 24)
(1, 2, 4, 6, 8, 9, 11, 14, 16, 17, 19, 21, 23, 24)
(1, 3, 4, 5, 8, 9, 12, 13, 16, 17, 20, 21, 22, 24)
(1, 2, 6, 7, 10, 11, 12, 13, 14, 15, 18, 19, 23, 24)
(2, 3, 4, 7, 9, 11, 12, 13, 14, 16, 18, 21, 22, 23)
(2, 3, 4, 8, 10, 11, 12, 13, 14, 15, 17, 21, 22, 23)
(1, 2, 3, 5, 6, 9, 10, 15, 16, 19, 20, 22, 23, 24)
(2, 3, 5, 6, 9, 11, 12, 13, 14, 16, 19, 20, 22, 23)
(1, 2, 3, 7, 9, 10, 11, 14, 15, 16, 18, 22, 23, 24)
(2, 3, 4, 5, 6, 9, 11, 14, 16, 19, 20, 21, 22, 23)
(1, 4, 5, 6, 8, 10, 12, 13, 15, 17, 19, 20, 21, 24)
(3, 5, 6, 7, 8, 10, 12, 13, 15, 17, 18, 19, 20, 22)
(4, 5, 6, 8, 10, 11, 12, 13, 14, 15, 17, 19, 20, 21)
(1, 2, 3, 5, 7, 8, 12, 13, 17, 18, 20, 22, 23, 24)
(3, 4, 5, 6, 7, 10, 11, 14, 15, 18, 19, 20, 21, 22)
(1, 2, 3, 4, 10, 11, 12, 13, 14, 15, 21, 22, 23, 24)
(3, 5, 8, 9, 10, 11, 12, 13, 14, 15, 16, 17, 20, 22)
(1, 2, 5, 6, 7, 9, 10, 15, 16, 18, 19, 20, 23, 24)
(1, 2, 4, 7, 9, 11, 12, 13, 14, 16, 18, 21, 23, 24)
(1, 2, 4, 5, 6, 7, 10, 15, 18, 19, 20, 21, 23, 24)
(1, 2, 4, 5, 8, 9, 12, 13, 16, 17, 20, 21, 23, 24)
(2, 3, 4, 7, 8, 9, 12, 13, 16, 17, 18, 21, 22, 23)
(1, 5, 6, 8, 9, 10, 12, 13, 15, 16, 17, 19, 20, 24)
(1, 4, 5, 6, 10, 11, 12, 13, 14, 15, 19, 20, 21, 24)
(1, 2, 3, 5, 8, 9, 11, 14, 16, 17, 20, 22, 23, 24)
(1, 4, 6, 7, 9, 10, 11, 14, 15, 16, 18, 19, 21, 24)
(1, 3, 4, 6, 9, 10, 11, 14, 15, 16, 19, 21, 22, 24)
(2, 4, 5, 6, 7, 8, 12, 13, 17, 18, 19, 20, 21, 23)
(1, 6, 7, 8, 9, 10, 12, 13, 15, 16, 17, 18, 19, 24)
(2, 4, 7, 8, 9, 11, 12, 13, 14, 16, 17, 18, 21, 23)
(3, 4, 6, 7, 8, 9, 12, 13, 16, 17, 18, 19, 21, 22)
(2, 3, 4, 5, 8, 10, 11, 14, 15, 17, 20, 21, 22, 23)
(2, 6, 7, 8, 9, 11, 12, 13, 14, 16, 17, 18, 19, 23)
(2, 5, 6, 9, 10, 11, 12, 13, 14, 15, 16, 19, 20, 23)
(1, 2, 3, 5, 6, 7, 12, 13, 18, 19, 20, 22, 23, 24)
(1, 2, 4, 5, 7, 9, 11, 14, 16, 18, 20, 21, 23, 24)
(3, 5, 6, 7, 8, 10, 11, 14, 15, 17, 18, 19, 20, 22)
(1, 5, 6, 7, 8, 9, 10, 15, 16, 17, 18, 19, 20, 24)
(4, 5, 6, 7, 8, 10, 12, 13, 15, 17, 18, 19, 20, 21)
(1, 2, 4, 5, 8, 10, 12, 13, 15, 17, 20, 21, 23, 24)
(1, 2, 4, 5, 7, 10, 12, 13, 15, 18, 20, 21, 23, 24)
(1, 2, 4, 5, 6, 9, 12, 13, 16, 19, 20, 21, 23, 24)
(2, 4, 7, 8, 9, 10, 11, 14, 15, 16, 17, 18, 21, 23)
(1, 2, 4, 5, 8, 10, 11, 14, 15, 17, 20, 21, 23, 24)
(1, 4, 5, 6, 7, 8, 10, 15, 17, 18, 19, 20, 21, 24)
(1, 2, 3, 5, 7, 9, 12, 13, 16, 18, 20, 22, 23, 24)
(1, 2, 4, 6, 7, 8, 9, 16, 17, 18, 19, 21, 23, 24)
(2, 4, 5, 7, 10, 11, 12, 13, 14, 15, 18, 20, 21, 23)
(2, 4, 5, 7, 9, 10, 11, 14, 15, 16, 18, 20, 21, 23)
(1, 3, 4, 8, 9, 11, 12, 13, 14, 16, 17, 21, 22, 24)
(1, 6, 7, 8, 9, 11, 12, 13, 14, 16, 17, 18, 19, 24)
(1, 2, 4, 6, 7, 8, 12, 13, 17, 18, 19, 21, 23, 24)
(1, 2, 4, 5, 7, 11, 12, 13, 14, 18, 20, 21, 23, 24)
(4, 5, 6, 7, 10, 11, 12, 13, 14, 15, 18, 19, 20, 21)
(2, 5, 6, 7, 8, 9, 10, 15, 16, 17, 18, 19, 20, 23)
(1, 3, 4, 6, 7, 10, 11, 14, 15, 18, 19, 21, 22, 24)
(1, 3, 5, 6, 7, 10, 12, 13, 15, 18, 19, 20, 22, 24)
(1, 4, 5, 6, 7, 9, 11, 14, 16, 18, 19, 20, 21, 24)
(2, 4, 5, 6, 7, 8, 11, 14, 17, 18, 19, 20, 21, 23)
(1, 3, 4, 5, 7, 10, 12, 13, 15, 18, 20, 21, 22, 24)
(2, 3, 6, 9, 10, 11, 12, 13, 14, 15, 16, 19, 22, 23)
(1, 2, 3, 6, 7, 8, 10, 15, 17, 18, 19, 22, 23, 24)
(2, 4, 5, 6, 8, 9, 10, 15, 16, 17, 19, 20, 21, 23)
(1, 3, 4, 5, 9, 10, 12, 13, 15, 16, 20, 21, 22, 24)
(1, 4, 6, 7, 8, 10, 11, 14, 15, 17, 18, 19, 21, 24)
(1, 2, 4, 9, 10, 11, 12, 13, 14, 15, 16, 21, 23, 24)
(1, 2, 4, 5, 9, 10, 12, 13, 15, 16, 20, 21, 23, 24)
(4, 5, 6, 7, 9, 10, 12, 13, 15, 16, 18, 19, 20, 21)
(1, 3, 4, 7, 8, 9, 10, 15, 16, 17, 18, 21, 22, 24)
(3, 4, 5, 6, 8, 10, 11, 14, 15, 17, 19, 20, 21, 22)
(1, 2, 3, 6, 8, 9, 10, 15, 16, 17, 19, 22, 23, 24)
(3, 4, 6, 9, 10, 11, 12, 13, 14, 15, 16, 19, 21, 22)
(2, 3, 4, 5, 7, 9, 12, 13, 16, 18, 20, 21, 22, 23)
(1, 2, 4, 5, 7, 8, 9, 16, 17, 18, 20, 21, 23, 24)
(1, 5, 6, 7, 10, 11, 12, 13, 14, 15, 18, 19, 20, 24)
(3, 4, 5, 6, 9, 10, 11, 14, 15, 16, 19, 20, 21, 22)
(2, 4, 6, 7, 8, 9, 12, 13, 16, 17, 18, 19, 21, 23)
(2, 4, 5, 8, 9, 10, 11, 14, 15, 16, 17, 20, 21, 23)
(1, 3, 4, 5, 6, 7, 10, 15, 18, 19, 20, 21, 22, 24)
(1, 2, 3, 5, 6, 8, 9, 16, 17, 19, 20, 22, 23, 24)
(2, 3, 4, 6, 8, 9, 10, 15, 16, 17, 19, 21, 22, 23)
(2, 3, 4, 5, 8, 9, 11, 14, 16, 17, 20, 21, 22, 23)
(2, 3, 4, 5, 6, 9, 12, 13, 16, 19, 20, 21, 22, 23)
(2, 3, 6, 8, 9, 10, 12, 13, 15, 16, 17, 19, 22, 23)
(1, 2, 3, 7, 8, 11, 12, 13, 14, 17, 18, 22, 23, 24)
(3, 5, 6, 8, 9, 10, 11, 14, 15, 16, 17, 19, 20, 22)
(1, 2, 3, 4, 9, 10, 11, 14, 15, 16, 21, 22, 23, 24)
(1, 3, 4, 6, 9, 10, 12, 13, 15, 16, 19, 21, 22, 24)
(1, 2, 4, 5, 6, 9, 11, 14, 16, 19, 20, 21, 23, 24)
(3, 4, 5, 6, 8, 9, 11, 14, 16, 17, 19, 20, 21, 22)
(2, 3, 5, 7, 10, 11, 12, 13, 14, 15, 18, 20, 22, 23)
(1, 3, 6, 7, 10, 11, 12, 13, 14, 15, 18, 19, 22, 24)
(1, 2, 4, 5, 6, 7, 8, 17, 18, 19, 20, 21, 23, 24)
(1, 3, 5, 7, 9, 10, 11, 14, 15, 16, 18, 20, 22, 24)
(2, 3, 4, 6, 7, 9, 11, 14, 16, 18, 19, 21, 22, 23)
(1, 3, 5, 6, 7, 9, 11, 14, 16, 18, 19, 20, 22, 24)
(1, 2, 6, 7, 8, 9, 10, 15, 16, 17, 18, 19, 23, 24)
(2, 5, 6, 8, 9, 11, 12, 13, 14, 16, 17, 19, 20, 23)
(1, 3, 5, 7, 8, 9, 11, 14, 16, 17, 18, 20, 22, 24)
(1, 2, 4, 5, 7, 8, 11, 14, 17, 18, 20, 21, 23, 24)
(1, 2, 5, 8, 9, 10, 12, 13, 15, 16, 17, 20, 23, 24)
(1, 4, 5, 6, 7, 9, 12, 13, 16, 18, 19, 20, 21, 24)
(2, 4, 5, 8, 9, 11, 12, 13, 14, 16, 17, 20, 21, 23)
(2, 5, 6, 7, 9, 11, 12, 13, 14, 16, 18, 19, 20, 23)
(1, 4, 7, 8, 9, 11, 12, 13, 14, 16, 17, 18, 21, 24)
(2, 3, 4, 7, 8, 9, 10, 15, 16, 17, 18, 21, 22, 23)
(1, 4, 5, 6, 7, 10, 11, 14, 15, 18, 19, 20, 21, 24)
(3, 4, 5, 7, 8, 9, 10, 15, 16, 17, 18, 20, 21, 22)
(1, 3, 4, 6, 7, 8, 10, 15, 17, 18, 19, 21, 22, 24)
(2, 3, 4, 5, 6, 10, 12, 13, 15, 19, 20, 21, 22, 23)
(3, 4, 5, 7, 10, 11, 12, 13, 14, 15, 18, 20, 21, 22)
(1, 2, 3, 6, 9, 10, 12, 13, 15, 16, 19, 22, 23, 24)
(1, 3, 4, 5, 6, 8, 10, 15, 17, 19, 20, 21, 22, 24)
(4, 5, 7, 8, 10, 11, 12, 13, 14, 15, 17, 18, 20, 21)
(1, 3, 6, 8, 10, 11, 12, 13, 14, 15, 17, 19, 22, 24)
(2, 3, 7, 9, 10, 11, 12, 13, 14, 15, 16, 18, 22, 23)
(2, 4, 6, 7, 8, 9, 11, 14, 16, 17, 18, 19, 21, 23)
(3, 4, 5, 6, 10, 11, 12, 13, 14, 15, 19, 20, 21, 22)
(1, 2, 4, 5, 8, 9, 10, 15, 16, 17, 20, 21, 23, 24)
(2, 3, 4, 6, 7, 9, 10, 15, 16, 18, 19, 21, 22, 23)
(3, 4, 8, 9, 10, 11, 12, 13, 14, 15, 16, 17, 21, 22)
(1, 3, 5, 9, 10, 11, 12, 13, 14, 15, 16, 20, 22, 24)
(1, 2, 3, 4, 5, 7, 9, 16, 18, 20, 21, 22, 23, 24)
(4, 5, 6, 7, 8, 10, 11, 14, 15, 17, 18, 19, 20, 21)
(1, 3, 4, 8, 9, 10, 12, 13, 15, 16, 17, 21, 22, 24)
(1, 3, 5, 6, 8, 9, 10, 15, 16, 17, 19, 20, 22, 24)
(3, 5, 6, 7, 9, 10, 11, 14, 15, 16, 18, 19, 20, 22)
(2, 3, 5, 8, 9, 10, 11, 14, 15, 16, 17, 20, 22, 23)
(1, 3, 4, 5, 7, 8, 11, 14, 17, 18, 20, 21, 22, 24)
(1, 3, 4, 7, 9, 10, 12, 13, 15, 16, 18, 21, 22, 24)
(1, 2, 3, 4, 5, 9, 11, 14, 16, 20, 21, 22, 23, 24)
(1, 3, 5, 7, 9, 10, 12, 13, 15, 16, 18, 20, 22, 24)
(1, 2, 6, 7, 9, 10, 12, 13, 15, 16, 18, 19, 23, 24)
(1, 2, 3, 6, 7, 8, 12, 13, 17, 18, 19, 22, 23, 24)
(1, 2, 3, 4, 5, 7, 11, 14, 18, 20, 21, 22, 23, 24)
(1, 2, 3, 6, 9, 10, 11, 14, 15, 16, 19, 22, 23, 24)
(1, 4, 5, 9, 10, 11, 12, 13, 14, 15, 16, 20, 21, 24)
(1, 2, 3, 5, 7, 8, 11, 14, 17, 18, 20, 22, 23, 24)
(4, 5, 8, 9, 10, 11, 12, 13, 14, 15, 16, 17, 20, 21)
(2, 3, 4, 6, 7, 8, 11, 14, 17, 18, 19, 21, 22, 23)
(1, 2, 3, 4, 5, 7, 8, 17, 18, 20, 21, 22, 23, 24)
(2, 3, 4, 6, 7, 8, 9, 16, 17, 18, 19, 21, 22, 23)
(3, 5, 6, 7, 8, 9, 12, 13, 16, 17, 18, 19, 20, 22)
(1, 3, 5, 7, 8, 11, 12, 13, 14, 17, 18, 20, 22, 24)
(2, 4, 5, 6, 7, 9, 10, 15, 16, 18, 19, 20, 21, 23)
(2, 3, 6, 7, 10, 11, 12, 13, 14, 15, 18, 19, 22, 23)
(1, 3, 4, 5, 7, 9, 12, 13, 16, 18, 20, 21, 22, 24)
(1, 4, 6, 7, 9, 10, 12, 13, 15, 16, 18, 19, 21, 24)
(1, 3, 6, 8, 9, 11, 12, 13, 14, 16, 17, 19, 22, 24)
(2, 3, 6, 8, 10, 11, 12, 13, 14, 15, 17, 19, 22, 23)
(1, 3, 4, 5, 9, 10, 11, 14, 15, 16, 20, 21, 22, 24)
(2, 4, 6, 7, 9, 10, 11, 14, 15, 16, 18, 19, 21, 23)
(1, 3, 5, 6, 9, 10, 11, 14, 15, 16, 19, 20, 22, 24)
(1, 3, 4, 5, 6, 7, 12, 13, 18, 19, 20, 21, 22, 24)
(2, 3, 6, 7, 8, 9, 12, 13, 16, 17, 18, 19, 22, 23)
(1, 6, 7, 8, 9, 10, 11, 14, 15, 16, 17, 18, 19, 24)
(2, 3, 4, 9, 10, 11, 12, 13, 14, 15, 16, 21, 22, 23)
(1, 3, 5, 8, 9, 10, 12, 13, 15, 16, 17, 20, 22, 24)
(1, 2, 3, 6, 9, 11, 12, 13, 14, 16, 19, 22, 23, 24)
(1, 2, 3, 4, 5, 8, 12, 13, 17, 20, 21, 22, 23, 24)
(2, 3, 5, 6, 7, 8, 9, 16, 17, 18, 19, 20, 22, 23)
(3, 4, 5, 8, 9, 10, 11, 14, 15, 16, 17, 20, 21, 22)
(1, 4, 5, 6, 7, 8, 11, 14, 17, 18, 19, 20, 21, 24)
(1, 3, 4, 5, 6, 9, 10, 15, 16, 19, 20, 21, 22, 24)
(2, 4, 5, 6, 10, 11, 12, 13, 14, 15, 19, 20, 21, 23)
(3, 6, 7, 8, 10, 11, 12, 13, 14, 15, 17, 18, 19, 22)
(1, 2, 3, 4, 8, 9, 11, 14, 16, 17, 21, 22, 23, 24)
(2, 3, 5, 6, 8, 10, 12, 13, 15, 17, 19, 20, 22, 23)
(1, 2, 3, 4, 5, 9, 12, 13, 16, 20, 21, 22, 23, 24)
(1, 2, 3, 8, 9, 10, 12, 13, 15, 16, 17, 22, 23, 24)
(1, 2, 3, 7, 8, 9, 11, 14, 16, 17, 18, 22, 23, 24)
(1, 2, 5, 6, 8, 11, 12, 13, 14, 17, 19, 20, 23, 24)
(1, 2, 4, 6, 8, 10, 12, 13, 15, 17, 19, 21, 23, 24)
(2, 3, 6, 7, 8, 10, 11, 14, 15, 17, 18, 19, 22, 23)
(4, 6, 7, 9, 10, 11, 12, 13, 14, 15, 16, 18, 19, 21)
(1, 2, 4, 7, 8, 9, 10, 15, 16, 17, 18, 21, 23, 24)
(2, 6, 7, 8, 9, 10, 11, 14, 15, 16, 17, 18, 19, 23)
(1, 2, 5, 6, 7, 9, 12, 13, 16, 18, 19, 20, 23, 24)
(1, 2, 3, 5, 6, 7, 9, 16, 18, 19, 20, 22, 23, 24)
(1, 2, 4, 8, 9, 10, 12, 13, 15, 16, 17, 21, 23, 24)
(3, 4, 5, 6, 9, 11, 12, 13, 14, 16, 19, 20, 21, 22)
(1, 2, 3, 7, 10, 11, 12, 13, 14, 15, 18, 22, 23, 24)
(1, 3, 6, 8, 9, 10, 12, 13, 15, 16, 17, 19, 22, 24)
(3, 5, 6, 7, 8, 9, 11, 14, 16, 17, 18, 19, 20, 22)
(3, 4, 5, 7, 8, 9, 11, 14, 16, 17, 18, 20, 21, 22)
(3, 4, 5, 7, 9, 10, 12, 13, 15, 16, 18, 20, 21, 22)
(2, 3, 4, 6, 8, 9, 12, 13, 16, 17, 19, 21, 22, 23)
(1, 2, 4, 5, 7, 9, 10, 15, 16, 18, 20, 21, 23, 24)
(5, 6, 8, 9, 10, 11, 12, 13, 14, 15, 16, 17, 19, 20)
(1, 3, 4, 6, 9, 11, 12, 13, 14, 16, 19, 21, 22, 24)
(2, 4, 5, 6, 8, 11, 12, 13, 14, 17, 19, 20, 21, 23)
(1, 2, 4, 6, 7, 9, 12, 13, 16, 18, 19, 21, 23, 24)
(2, 4, 5, 6, 7, 8, 10, 15, 17, 18, 19, 20, 21, 23)
(2, 5, 6, 8, 9, 10, 12, 13, 15, 16, 17, 19, 20, 23)
(1, 2, 3, 4, 8, 10, 11, 14, 15, 17, 21, 22, 23, 24)
(1, 3, 4, 5, 6, 9, 11, 14, 16, 19, 20, 21, 22, 24)
(3, 4, 5, 6, 9, 10, 12, 13, 15, 16, 19, 20, 21, 22)
(1, 5, 6, 8, 10, 11, 12, 13, 14, 15, 17, 19, 20, 24)
(1, 2, 3, 6, 7, 11, 12, 13, 14, 18, 19, 22, 23, 24)
(2, 3, 5, 7, 9, 10, 12, 13, 15, 16, 18, 20, 22, 23)
(1, 3, 4, 6, 7, 8, 11, 14, 17, 18, 19, 21, 22, 24)
(1, 2, 6, 7, 8, 11, 12, 13, 14, 17, 18, 19, 23, 24)
(1, 4, 6, 7, 8, 11, 12, 13, 14, 17, 18, 19, 21, 24)
(1, 3, 5, 7, 9, 11, 12, 13, 14, 16, 18, 20, 22, 24)
(1, 2, 3, 4, 6, 10, 12, 13, 15, 19, 21, 22, 23, 24)
(2, 4, 7, 8, 10, 11, 12, 13, 14, 15, 17, 18, 21, 23)
(1, 2, 3, 5, 9, 10, 12, 13, 15, 16, 20, 22, 23, 24)
(1, 2, 3, 6, 8, 11, 12, 13, 14, 17, 19, 22, 23, 24)
(1, 2, 6, 7, 8, 10, 11, 14, 15, 17, 18, 19, 23, 24)
(1, 3, 5, 8, 9, 10, 11, 14, 15, 16, 17, 20, 22, 24)
(1, 2, 5, 7, 8, 9, 11, 14, 16, 17, 18, 20, 23, 24)
(1, 3, 4, 6, 8, 9, 12, 13, 16, 17, 19, 21, 22, 24)
(1, 2, 4, 6, 8, 9, 12, 13, 16, 17, 19, 21, 23, 24)
(2, 5, 6, 7, 9, 10, 12, 13, 15, 16, 18, 19, 20, 23)
(1, 2, 3, 4, 7, 9, 12, 13, 16, 18, 21, 22, 23, 24)
(1, 3, 7, 8, 9, 10, 11, 14, 15, 16, 17, 18, 22, 24)
(1, 2, 6, 9, 10, 11, 12, 13, 14, 15, 16, 19, 23, 24)
(1, 4, 5, 7, 9, 10, 11, 14, 15, 16, 18, 20, 21, 24)
(3, 4, 5, 7, 9, 10, 11, 14, 15, 16, 18, 20, 21, 22)
(1, 3, 6, 7, 8, 10, 11, 14, 15, 17, 18, 19, 22, 24)
(3, 5, 6, 7, 8, 9, 10, 15, 16, 17, 18, 19, 20, 22)
(1, 3, 5, 6, 7, 11, 12, 13, 14, 18, 19, 20, 22, 24)
(1, 3, 5, 6, 7, 9, 12, 13, 16, 18, 19, 20, 22, 24)
(1, 3, 8, 9, 10, 11, 12, 13, 14, 15, 16, 17, 22, 24)
(1, 2, 3, 8, 10, 11, 12, 13, 14, 15, 17, 22, 23, 24)
(1, 2, 5, 6, 8, 9, 12, 13, 16, 17, 19, 20, 23, 24)
(1, 3, 5, 6, 9, 11, 12, 13, 14, 16, 19, 20, 22, 24)
(2, 3, 6, 7, 9, 10, 12, 13, 15, 16, 18, 19, 22, 23)
(1, 2, 3, 4, 5, 9, 10, 15, 16, 20, 21, 22, 23, 24)
(1, 3, 5, 6, 7, 10, 11, 14, 15, 18, 19, 20, 22, 24)
(2, 6, 7, 8, 9, 10, 12, 13, 15, 16, 17, 18, 19, 23)
(1, 2, 5, 6, 7, 8, 10, 15, 17, 18, 19, 20, 23, 24)
(2, 3, 7, 8, 10, 11, 12, 13, 14, 15, 17, 18, 22, 23)
(2, 4, 5, 6, 7, 10, 11, 14, 15, 18, 19, 20, 21, 23)
(3, 4, 7, 8, 9, 10, 11, 14, 15, 16, 17, 18, 21, 22)
(1, 3, 4, 7, 8, 10, 11, 14, 15, 17, 18, 21, 22, 24)
(2, 4, 7, 9, 10, 11, 12, 13, 14, 15, 16, 18, 21, 23)
(2, 4, 5, 6, 7, 8, 9, 16, 17, 18, 19, 20, 21, 23)
(1, 2, 3, 6, 7, 9, 12, 13, 16, 18, 19, 22, 23, 24)
(1, 2, 7, 8, 10, 11, 12, 13, 14, 15, 17, 18, 23, 24)
(1, 2, 3, 4, 5, 7, 10, 15, 18, 20, 21, 22, 23, 24)
(2, 4, 6, 7, 10, 11, 12, 13, 14, 15, 18, 19, 21, 23)
(1, 2, 4, 6, 7, 11, 12, 13, 14, 18, 19, 21, 23, 24)
(2, 5, 6, 7, 8, 10, 11, 14, 15, 17, 18, 19, 20, 23)
(2, 7, 8, 9, 10, 11, 12, 13, 14, 15, 16, 17, 18, 23)
(1, 3, 4, 5, 7, 9, 11, 14, 16, 18, 20, 21, 22, 24)
(4, 5, 6, 7, 8, 9, 10, 15, 16, 17, 18, 19, 20, 21)
(1, 2, 3, 5, 8, 10, 11, 14, 15, 17, 20, 22, 23, 24)
(1, 2, 7, 8, 9, 11, 12, 13, 14, 16, 17, 18, 23, 24)
(1, 4, 5, 7, 8, 10, 12, 13, 15, 17, 18, 20, 21, 24)
(1, 4, 6, 8, 10, 11, 12, 13, 14, 15, 17, 19, 21, 24)
(2, 3, 4, 7, 9, 10, 12, 13, 15, 16, 18, 21, 22, 23)
(3, 4, 5, 6, 7, 9, 10, 15, 16, 18, 19, 20, 21, 22)
(2, 3, 6, 7, 8, 11, 12, 13, 14, 17, 18, 19, 22, 23)
(1, 3, 7, 8, 9, 11, 12, 13, 14, 16, 17, 18, 22, 24)
(2, 3, 4, 5, 7, 10, 11, 14, 15, 18, 20, 21, 22, 23)
(1, 3, 4, 5, 6, 7, 8, 17, 18, 19, 20, 21, 22, 24)
(2, 3, 4, 5, 6, 8, 9, 16, 17, 19, 20, 21, 22, 23)
(1, 4, 5, 7, 8, 9, 11, 14, 16, 17, 18, 20, 21, 24)
(2, 3, 5, 6, 9, 10, 12, 13, 15, 16, 19, 20, 22, 23)
(1, 2, 3, 4, 9, 11, 12, 13, 14, 16, 21, 22, 23, 24)
(1, 2, 4, 7, 8, 10, 12, 13, 15, 17, 18, 21, 23, 24)
(1, 2, 5, 6, 8, 9, 10, 15, 16, 17, 19, 20, 23, 24)
(3, 5, 6, 9, 10, 11, 12, 13, 14, 15, 16, 19, 20, 22)
(2, 3, 5, 6, 7, 8, 12, 13, 17, 18, 19, 20, 22, 23)
(1, 3, 5, 7, 8, 9, 10, 15, 16, 17, 18, 20, 22, 24)
(1, 4, 5, 6, 9, 10, 12, 13, 15, 16, 19, 20, 21, 24)
(1, 3, 4, 7, 9, 11, 12, 13, 14, 16, 18, 21, 22, 24)
(1, 2, 3, 4, 6, 7, 10, 15, 18, 19, 21, 22, 23, 24)
(1, 2, 3, 6, 7, 10, 12, 13, 15, 18, 19, 22, 23, 24)
(2, 4, 6, 8, 9, 11, 12, 13, 14, 16, 17, 19, 21, 23)
(1, 2, 4, 6, 7, 8, 10, 15, 17, 18, 19, 21, 23, 24)
(1, 2, 5, 6, 7, 8, 11, 14, 17, 18, 19, 20, 23, 24)
(3, 4, 5, 8, 9, 11, 12, 13, 14, 16, 17, 20, 21, 22)
(2, 3, 5, 6, 8, 11, 12, 13, 14, 17, 19, 20, 22, 23)
(2, 6, 7, 9, 10, 11, 12, 13, 14, 15, 16, 18, 19, 23)
(1, 2, 3, 5, 7, 9, 11, 14, 16, 18, 20, 22, 23, 24)
(1, 2, 3, 6, 7, 9, 11, 14, 16, 18, 19, 22, 23, 24)
(1, 2, 5, 8, 9, 10, 11, 14, 15, 16, 17, 20, 23, 24)
(1, 4, 7, 8, 10, 11, 12, 13, 14, 15, 17, 18, 21, 24)
(1, 3, 4, 6, 7, 8, 12, 13, 17, 18, 19, 21, 22, 24)
(1, 3, 5, 6, 7, 8, 11, 14, 17, 18, 19, 20, 22, 24)
(2, 4, 6, 8, 9, 10, 11, 14, 15, 16, 17, 19, 21, 23)
(2, 4, 6, 7, 9, 11, 12, 13, 14, 16, 18, 19, 21, 23)
(1, 2, 3, 4, 9, 10, 12, 13, 15, 16, 21, 22, 23, 24)
(1, 3, 4, 7, 8, 9, 12, 13, 16, 17, 18, 21, 22, 24)
(2, 4, 5, 7, 8, 9, 12, 13, 16, 17, 18, 20, 21, 23)
(4, 5, 6, 7, 8, 11, 12, 13, 14, 17, 18, 19, 20, 21)
(1, 2, 6, 7, 9, 11, 12, 13, 14, 16, 18, 19, 23, 24)
(2, 4, 5, 7, 9, 10, 12, 13, 15, 16, 18, 20, 21, 23)
(3, 4, 6, 7, 9, 10, 12, 13, 15, 16, 18, 19, 21, 22)
(3, 4, 6, 7, 9, 10, 11, 14, 15, 16, 18, 19, 21, 22)
(1, 2, 3, 5, 7, 8, 9, 16, 17, 18, 20, 22, 23, 24)
(1, 2, 5, 6, 9, 10, 11, 14, 15, 16, 19, 20, 23, 24)
(2, 4, 5, 7, 8, 11, 12, 13, 14, 17, 18, 20, 21, 23)
(1, 4, 5, 6, 8, 9, 12, 13, 16, 17, 19, 20, 21, 24)
(1, 3, 5, 6, 7, 8, 9, 16, 17, 18, 19, 20, 22, 24)
(2, 3, 5, 6, 7, 9, 11, 14, 16, 18, 19, 20, 22, 23)
(4, 7, 8, 9, 10, 11, 12, 13, 14, 15, 16, 17, 18, 21)
(2, 3, 4, 5, 7, 8, 12, 13, 17, 18, 20, 21, 22, 23)
(2, 4, 6, 8, 9, 10, 12, 13, 15, 16, 17, 19, 21, 23)
(5, 6, 7, 8, 9, 10, 11, 14, 15, 16, 17, 18, 19, 20)
(1, 2, 5, 6, 7, 10, 11, 14, 15, 18, 19, 20, 23, 24)
(1, 2, 3, 5, 6, 7, 10, 15, 18, 19, 20, 22, 23, 24)
(1, 3, 7, 9, 10, 11, 12, 13, 14, 15, 16, 18, 22, 24)
(1, 2, 3, 4, 5, 6, 9, 16, 19, 20, 21, 22, 23, 24)
(3, 4, 5, 6, 7, 8, 10, 15, 17, 18, 19, 20, 21, 22)
(1, 2, 3, 4, 6, 9, 10, 15, 16, 19, 21, 22, 23, 24)
(1, 3, 6, 7, 8, 10, 12, 13, 15, 17, 18, 19, 22, 24)
(1, 3, 5, 7, 8, 9, 12, 13, 16, 17, 18, 20, 22, 24)
(3, 4, 6, 8, 9, 11, 12, 13, 14, 16, 17, 19, 21, 22)
(1, 4, 5, 8, 9, 10, 12, 13, 15, 16, 17, 20, 21, 24)
(1, 2, 5, 6, 8, 10, 11, 14, 15, 17, 19, 20, 23, 24)
(3, 4, 6, 8, 9, 10, 11, 14, 15, 16, 17, 19, 21, 22)
(1, 2, 3, 4, 5, 6, 7, 18, 19, 20, 21, 22, 23, 24)
(1, 2, 3, 4, 7, 8, 11, 14, 17, 18, 21, 22, 23, 24)
(1, 3, 4, 8, 9, 10, 11, 14, 15, 16, 17, 21, 22, 24)
(1, 4, 5, 7, 8, 10, 11, 14, 15, 17, 18, 20, 21, 24)
(3, 5, 6, 8, 9, 10, 12, 13, 15, 16, 17, 19, 20, 22)
(1, 2, 4, 6, 7, 8, 11, 14, 17, 18, 19, 21, 23, 24)
(2, 3, 5, 8, 10, 11, 12, 13, 14, 15, 17, 20, 22, 23)
(2, 3, 4, 5, 10, 11, 12, 13, 14, 15, 20, 21, 22, 23)
(3, 4, 5, 7, 8, 10, 12, 13, 15, 17, 18, 20, 21, 22)
(1, 2, 3, 4, 7, 10, 11, 14, 15, 18, 21, 22, 23, 24)
(2, 4, 6, 7, 8, 9, 10, 15, 16, 17, 18, 19, 21, 23)
(2, 3, 5, 6, 7, 11, 12, 13, 14, 18, 19, 20, 22, 23)
(1, 2, 4, 5, 6, 10, 11, 14, 15, 19, 20, 21, 23, 24)
(1, 2, 3, 5, 6, 9, 12, 13, 16, 19, 20, 22, 23, 24)
(1, 4, 5, 6, 7, 9, 10, 15, 16, 18, 19, 20, 21, 24)
(2, 3, 4, 5, 6, 8, 11, 14, 17, 19, 20, 21, 22, 23)
(2, 3, 4, 5, 8, 11, 12, 13, 14, 17, 20, 21, 22, 23)
(1, 2, 4, 8, 9, 11, 12, 13, 14, 16, 17, 21, 23, 24)
(2, 5, 6, 8, 10, 11, 12, 13, 14, 15, 17, 19, 20, 23)
(1, 4, 5, 6, 8, 9, 10, 15, 16, 17, 19, 20, 21, 24)
(3, 5, 7, 8, 9, 10, 12, 13, 15, 16, 17, 18, 20, 22)
(5, 6, 7, 8, 10, 11, 12, 13, 14, 15, 17, 18, 19, 20)
(1, 5, 6, 9, 10, 11, 12, 13, 14, 15, 16, 19, 20, 24)
(1, 2, 6, 8, 9, 10, 11, 14, 15, 16, 17, 19, 23, 24)
(1, 2, 4, 5, 9, 10, 11, 14, 15, 16, 20, 21, 23, 24)
(1, 4, 5, 8, 9, 11, 12, 13, 14, 16, 17, 20, 21, 24)
(1, 2, 4, 6, 7, 10, 11, 14, 15, 18, 19, 21, 23, 24)
(1, 3, 4, 6, 7, 8, 9, 16, 17, 18, 19, 21, 22, 24)
(1, 3, 5, 6, 7, 9, 10, 15, 16, 18, 19, 20, 22, 24)
(2, 5, 6, 7, 8, 9, 12, 13, 16, 17, 18, 19, 20, 23)
(1, 3, 4, 5, 8, 10, 12, 13, 15, 17, 20, 21, 22, 24)
(1, 2, 4, 7, 8, 11, 12, 13, 14, 17, 18, 21, 23, 24)
(1, 3, 5, 6, 8, 10, 12, 13, 15, 17, 19, 20, 22, 24)
(2, 4, 5, 6, 8, 9, 12, 13, 16, 17, 19, 20, 21, 23)
(1, 4, 7, 9, 10, 11, 12, 13, 14, 15, 16, 18, 21, 24)
(1, 5, 6, 7, 8, 10, 12, 13, 15, 17, 18, 19, 20, 24)
(2, 5, 6, 7, 10, 11, 12, 13, 14, 15, 18, 19, 20, 23)
(4, 5, 6, 9, 10, 11, 12, 13, 14, 15, 16, 19, 20, 21)
(1, 4, 5, 8, 10, 11, 12, 13, 14, 15, 17, 20, 21, 24)
(3, 6, 7, 8, 9, 11, 12, 13, 14, 16, 17, 18, 19, 22)
(3, 4, 6, 7, 8, 11, 12, 13, 14, 17, 18, 19, 21, 22)
(2, 3, 4, 7, 8, 10, 12, 13, 15, 17, 18, 21, 22, 23)
(1, 3, 4, 6, 7, 10, 12, 13, 15, 18, 19, 21, 22, 24)
(3, 5, 6, 7, 10, 11, 12, 13, 14, 15, 18, 19, 20, 22)
(2, 4, 5, 7, 8, 10, 11, 14, 15, 17, 18, 20, 21, 23)
(1, 3, 4, 6, 8, 10, 11, 14, 15, 17, 19, 21, 22, 24)
(2, 4, 6, 7, 8, 10, 12, 13, 15, 17, 18, 19, 21, 23)
(1, 2, 5, 6, 9, 10, 12, 13, 15, 16, 19, 20, 23, 24)
(1, 2, 3, 4, 7, 11, 12, 13, 14, 18, 21, 22, 23, 24)
(5, 7, 8, 9, 10, 11, 12, 13, 14, 15, 16, 17, 18, 20)
(1, 2, 4, 5, 6, 8, 12, 13, 17, 19, 20, 21, 23, 24)
(1, 4, 6, 7, 8, 9, 11, 14, 16, 17, 18, 19, 21, 24)
(1, 4, 7, 8, 9, 10, 11, 14, 15, 16, 17, 18, 21, 24)
(4, 5, 7, 8, 9, 11, 12, 13, 14, 16, 17, 18, 20, 21)
(2, 3, 4, 6, 8, 10, 12, 13, 15, 17, 19, 21, 22, 23)
(1, 4, 5, 6, 7, 8, 12, 13, 17, 18, 19, 20, 21, 24)
(2, 4, 7, 8, 9, 10, 12, 13, 15, 16, 17, 18, 21, 23)
(2, 3, 4, 5, 7, 8, 10, 15, 17, 18, 20, 21, 22, 23)
(2, 3, 6, 7, 8, 9, 11, 14, 16, 17, 18, 19, 22, 23)
(1, 2, 3, 4, 6, 8, 12, 13, 17, 19, 21, 22, 23, 24)
(1, 2, 3, 4, 5, 6, 11, 14, 19, 20, 21, 22, 23, 24)
(2, 3, 5, 9, 10, 11, 12, 13, 14, 15, 16, 20, 22, 23)
(1, 3, 4, 5, 6, 8, 12, 13, 17, 19, 20, 21, 22, 24)
(3, 4, 5, 6, 8, 10, 12, 13, 15, 17, 19, 20, 21, 22)
(1, 3, 4, 5, 6, 10, 11, 14, 15, 19, 20, 21, 22, 24)
(1, 3, 6, 7, 9, 10, 12, 13, 15, 16, 18, 19, 22, 24)
(1, 2, 3, 6, 8, 9, 11, 14, 16, 17, 19, 22, 23, 24)
(3, 5, 6, 8, 9, 11, 12, 13, 14, 16, 17, 19, 20, 22)
(2, 3, 5, 6, 10, 11, 12, 13, 14, 15, 19, 20, 22, 23)
(6, 7, 8, 9, 10, 11, 12, 13, 14, 15, 16, 17, 18, 19)
(4, 5, 6, 7, 8, 9, 12, 13, 16, 17, 18, 19, 20, 21)
(1, 2, 7, 8, 9, 10, 11, 14, 15, 16, 17, 18, 23, 24)
(1, 2, 4, 6, 8, 9, 10, 15, 16, 17, 19, 21, 23, 24)
(2, 5, 8, 9, 10, 11, 12, 13, 14, 15, 16, 17, 20, 23)
(1, 2, 5, 8, 10, 11, 12, 13, 14, 15, 17, 20, 23, 24)
(1, 2, 4, 6, 8, 11, 12, 13, 14, 17, 19, 21, 23, 24)
(2, 3, 4, 5, 9, 10, 11, 14, 15, 16, 20, 21, 22, 23)
(1, 2, 4, 5, 6, 8, 10, 15, 17, 19, 20, 21, 23, 24)
(1, 2, 3, 6, 7, 8, 11, 14, 17, 18, 19, 22, 23, 24)
(1, 5, 6, 7, 8, 10, 11, 14, 15, 17, 18, 19, 20, 24)
(1, 4, 5, 6, 7, 10, 12, 13, 15, 18, 19, 20, 21, 24)
(2, 3, 4, 5, 8, 9, 12, 13, 16, 17, 20, 21, 22, 23)
(3, 5, 6, 7, 9, 11, 12, 13, 14, 16, 18, 19, 20, 22)
(1, 2, 4, 5, 7, 10, 11, 14, 15, 18, 20, 21, 23, 24)
(1, 2, 3, 5, 9, 11, 12, 13, 14, 16, 20, 22, 23, 24)
(2, 3, 4, 6, 9, 10, 12, 13, 15, 16, 19, 21, 22, 23)
(2, 4, 5, 6, 7, 9, 12, 13, 16, 18, 19, 20, 21, 23)
(3, 6, 7, 8, 9, 10, 11, 14, 15, 16, 17, 18, 19, 22)
(3, 4, 6, 7, 8, 10, 12, 13, 15, 17, 18, 19, 21, 22)
(1, 3, 5, 7, 8, 10, 11, 14, 15, 17, 18, 20, 22, 24)
(2, 3, 6, 7, 8, 9, 10, 15, 16, 17, 18, 19, 22, 23)
(1, 2, 3, 5, 6, 7, 11, 14, 18, 19, 20, 22, 23, 24)
(2, 4, 5, 6, 7, 9, 11, 14, 16, 18, 19, 20, 21, 23)
(1, 2, 3, 5, 6, 8, 10, 15, 17, 19, 20, 22, 23, 24)
(1, 4, 6, 7, 10, 11, 12, 13, 14, 15, 18, 19, 21, 24)
(2, 5, 7, 8, 9, 10, 12, 13, 15, 16, 17, 18, 20, 23)
(1, 2, 6, 8, 10, 11, 12, 13, 14, 15, 17, 19, 23, 24)
(2, 3, 6, 8, 9, 11, 12, 13, 14, 16, 17, 19, 22, 23)
(3, 5, 7, 8, 10, 11, 12, 13, 14, 15, 17, 18, 20, 22)
(1, 3, 5, 7, 8, 10, 12, 13, 15, 17, 18, 20, 22, 24)
(2, 5, 6, 7, 8, 10, 12, 13, 15, 17, 18, 19, 20, 23)
(1, 2, 4, 6, 7, 9, 11, 14, 16, 18, 19, 21, 23, 24)
(1, 2, 3, 4, 6, 8, 11, 14, 17, 19, 21, 22, 23, 24)
(1, 2, 4, 5, 6, 7, 12, 13, 18, 19, 20, 21, 23, 24)
(1, 2, 6, 7, 8, 9, 12, 13, 16, 17, 18, 19, 23, 24)
(1, 3, 6, 7, 8, 9, 11, 14, 16, 17, 18, 19, 22, 24)
(2, 3, 4, 8, 9, 10, 12, 13, 15, 16, 17, 21, 22, 23)
(3, 4, 5, 6, 7, 8, 11, 14, 17, 18, 19, 20, 21, 22)
(1, 2, 3, 4, 8, 10, 12, 13, 15, 17, 21, 22, 23, 24)
(1, 2, 4, 6, 8, 10, 11, 14, 15, 17, 19, 21, 23, 24)
(1, 3, 4, 5, 7, 9, 10, 15, 16, 18, 20, 21, 22, 24)
(2, 3, 5, 7, 8, 10, 12, 13, 15, 17, 18, 20, 22, 23)
(1, 4, 5, 6, 9, 10, 11, 14, 15, 16, 19, 20, 21, 24)
(1, 3, 5, 6, 7, 8, 10, 15, 17, 18, 19, 20, 22, 24)
(1, 2, 3, 5, 8, 9, 10, 15, 16, 17, 20, 22, 23, 24)
(1, 2, 3, 7, 8, 9, 12, 13, 16, 17, 18, 22, 23, 24)
(2, 3, 4, 7, 8, 11, 12, 13, 14, 17, 18, 21, 22, 23)
(2, 3, 4, 7, 8, 9, 11, 14, 16, 17, 18, 21, 22, 23)
(2, 3, 4, 5, 6, 7, 12, 13, 18, 19, 20, 21, 22, 23)
(2, 3, 4, 6, 9, 10, 11, 14, 15, 16, 19, 21, 22, 23)
(1, 2, 3, 4, 7, 8, 9, 16, 17, 18, 21, 22, 23, 24)
(2, 3, 7, 8, 9, 10, 12, 13, 15, 16, 17, 18, 22, 23)
(1, 3, 4, 6, 10, 11, 12, 13, 14, 15, 19, 21, 22, 24)
(1, 2, 3, 4, 8, 9, 10, 15, 16, 17, 21, 22, 23, 24)
(2, 4, 5, 6, 7, 10, 12, 13, 15, 18, 19, 20, 21, 23)
(2, 3, 5, 7, 8, 11, 12, 13, 14, 17, 18, 20, 22, 23)
(2, 6, 8, 9, 10, 11, 12, 13, 14, 15, 16, 17, 19, 23)
(1, 2, 4, 6, 9, 10, 11, 14, 15, 16, 19, 21, 23, 24)
(1, 2, 4, 7, 8, 9, 12, 13, 16, 17, 18, 21, 23, 24)
(1, 2, 3, 5, 7, 11, 12, 13, 14, 18, 20, 22, 23, 24)
(1, 2, 3, 5, 7, 10, 12, 13, 15, 18, 20, 22, 23, 24)
(1, 3, 4, 5, 7, 11, 12, 13, 14, 18, 20, 21, 22, 24)
(2, 3, 5, 7, 8, 10, 11, 14, 15, 17, 18, 20, 22, 23)
(4, 6, 8, 9, 10, 11, 12, 13, 14, 15, 16, 17, 19, 21)
(2, 4, 6, 7, 8, 11, 12, 13, 14, 17, 18, 19, 21, 23)
(2, 4, 6, 8, 10, 11, 12, 13, 14, 15, 17, 19, 21, 23)
(1, 5, 6, 7, 8, 9, 12, 13, 16, 17, 18, 19, 20, 24)
(1, 6, 7, 9, 10, 11, 12, 13, 14, 15, 16, 18, 19, 24)
(1, 2, 3, 5, 8, 10, 12, 13, 15, 17, 20, 22, 23, 24)
(5, 6, 7, 8, 9, 11, 12, 13, 14, 16, 17, 18, 19, 20)
(1, 2, 4, 5, 8, 9, 11, 14, 16, 17, 20, 21, 23, 24)
(1, 3, 5, 6, 9, 10, 12, 13, 15, 16, 19, 20, 22, 24)
(1, 5, 6, 7, 8, 11, 12, 13, 14, 17, 18, 19, 20, 24)
(2, 3, 4, 8, 9, 11, 12, 13, 14, 16, 17, 21, 22, 23)
(1, 3, 4, 6, 8, 10, 12, 13, 15, 17, 19, 21, 22, 24)
(1, 2, 4, 6, 10, 11, 12, 13, 14, 15, 19, 21, 23, 24)
(1, 2, 6, 7, 9, 10, 11, 14, 15, 16, 18, 19, 23, 24)
(1, 2, 5, 9, 10, 11, 12, 13, 14, 15, 16, 20, 23, 24)
(2, 5, 6, 8, 9, 10, 11, 14, 15, 16, 17, 19, 20, 23)
(1, 4, 5, 7, 10, 11, 12, 13, 14, 15, 18, 20, 21, 24)
(1, 2, 3, 4, 5, 6, 8, 17, 19, 20, 21, 22, 23, 24)
(2, 3, 4, 5, 6, 7, 11, 14, 18, 19, 20, 21, 22, 23)
(1, 5, 6, 7, 9, 10, 11, 14, 15, 16, 18, 19, 20, 24)
(1, 2, 7, 8, 9, 10, 12, 13, 15, 16, 17, 18, 23, 24)
(1, 2, 4, 5, 7, 8, 10, 15, 17, 18, 20, 21, 23, 24)
(1, 2, 3, 4, 5, 6, 12, 13, 19, 20, 21, 22, 23, 24)
(1, 4, 6, 8, 9, 11, 12, 13, 14, 16, 17, 19, 21, 24)
(1, 3, 4, 6, 8, 9, 10, 15, 16, 17, 19, 21, 22, 24)
(1, 2, 3, 5, 7, 8, 10, 15, 17, 18, 20, 22, 23, 24)
(2, 4, 5, 7, 8, 9, 10, 15, 16, 17, 18, 20, 21, 23)
(3, 4, 5, 7, 9, 11, 12, 13, 14, 16, 18, 20, 21, 22)
(1, 2, 4, 6, 7, 9, 10, 15, 16, 18, 19, 21, 23, 24)
(1, 4, 5, 6, 8, 9, 11, 14, 16, 17, 19, 20, 21, 24)
(1, 4, 5, 6, 8, 10, 11, 14, 15, 17, 19, 20, 21, 24)
(2, 3, 4, 6, 7, 10, 11, 14, 15, 18, 19, 21, 22, 23)
(4, 6, 7, 8, 9, 10, 11, 14, 15, 16, 17, 18, 19, 21)
(1, 2, 3, 8, 9, 10, 11, 14, 15, 16, 17, 22, 23, 24)
(2, 3, 4, 5, 9, 11, 12, 13, 14, 16, 20, 21, 22, 23)
(3, 4, 7, 8, 9, 11, 12, 13, 14, 16, 17, 18, 21, 22)
(3, 4, 7, 9, 10, 11, 12, 13, 14, 15, 16, 18, 21, 22)
(2, 4, 6, 7, 9, 10, 12, 13, 15, 16, 18, 19, 21, 23)
(4, 5, 7, 9, 10, 11, 12, 13, 14, 15, 16, 18, 20, 21)
(1, 2, 3, 5, 6, 8, 11, 14, 17, 19, 20, 22, 23, 24)
(2, 3, 4, 5, 6, 7, 10, 15, 18, 19, 20, 21, 22, 23)
(4, 5, 6, 7, 9, 10, 11, 14, 15, 16, 18, 19, 20, 21)
(1, 3, 4, 5, 6, 7, 11, 14, 18, 19, 20, 21, 22, 24)
(2, 3, 4, 5, 6, 10, 11, 14, 15, 19, 20, 21, 22, 23)
(2, 3, 4, 6, 7, 9, 12, 13, 16, 18, 19, 21, 22, 23)
(2, 3, 4, 5, 6, 8, 10, 15, 17, 19, 20, 21, 22, 23)
(1, 3, 7, 8, 9, 10, 12, 13, 15, 16, 17, 18, 22, 24)
(1, 3, 6, 7, 9, 10, 11, 14, 15, 16, 18, 19, 22, 24)
(1, 2, 3, 4, 7, 9, 10, 15, 16, 18, 21, 22, 23, 24)
(1, 2, 5, 7, 9, 11, 12, 13, 14, 16, 18, 20, 23, 24)
(1, 2, 3, 4, 5, 10, 12, 13, 15, 20, 21, 22, 23, 24)
(2, 3, 5, 8, 9, 10, 12, 13, 15, 16, 17, 20, 22, 23)
(2, 5, 7, 8, 10, 11, 12, 13, 14, 15, 17, 18, 20, 23)
(3, 6, 8, 9, 10, 11, 12, 13, 14, 15, 16, 17, 19, 22)
(2, 3, 4, 6, 9, 11, 12, 13, 14, 16, 19, 21, 22, 23)
(1, 2, 3, 4, 6, 11, 12, 13, 14, 19, 21, 22, 23, 24)
(1, 2, 4, 5, 8, 11, 12, 13, 14, 17, 20, 21, 23, 24)
(4, 5, 6, 7, 9, 11, 12, 13, 14, 16, 18, 19, 20, 21)
(4, 5, 6, 8, 9, 10, 11, 14, 15, 16, 17, 19, 20, 21)
(3, 4, 5, 8, 10, 11, 12, 13, 14, 15, 17, 20, 21, 22)
(1, 2, 4, 5, 6, 10, 12, 13, 15, 19, 20, 21, 23, 24)
(1, 2, 4, 5, 6, 8, 11, 14, 17, 19, 20, 21, 23, 24)
(4, 6, 7, 8, 9, 10, 12, 13, 15, 16, 17, 18, 19, 21)
}

Print some_are_pairs (contains 60 tuples): {
(3, 5, 6, 8, 9, 10, 11, 13, 14, 16, 18, 19, 20, 23)
(2, 4, 5, 6, 7, 9, 12, 15, 16, 17, 19, 20, 21, 22)
(1, 2, 4, 5, 6, 7, 12, 15, 17, 19, 20, 21, 22, 24)
(1, 2, 4, 7, 9, 11, 12, 14, 15, 16, 17, 21, 22, 24)
(1, 3, 5, 6, 8, 10, 11, 13, 14, 18, 19, 20, 23, 24)
(2, 3, 4, 5, 7, 8, 9, 14, 17, 18, 19, 22, 23, 24)
(3, 4, 6, 8, 9, 10, 11, 13, 14, 16, 18, 19, 21, 23)
(1, 3, 6, 7, 8, 10, 11, 15, 16, 17, 18, 20, 21, 22)
(2, 3, 4, 5, 8, 9, 12, 13, 14, 17, 19, 22, 23, 24)
(1, 2, 3, 6, 7, 10, 11, 15, 16, 18, 20, 21, 22, 23)
(1, 2, 4, 6, 7, 11, 12, 14, 15, 17, 19, 21, 22, 24)
(2, 4, 5, 7, 8, 9, 12, 13, 14, 17, 18, 19, 23, 24)
(2, 4, 5, 7, 9, 10, 12, 13, 14, 15, 18, 19, 23, 24)
(3, 4, 5, 8, 9, 10, 11, 13, 14, 16, 18, 20, 21, 23)
(2, 4, 6, 7, 9, 11, 12, 14, 15, 16, 17, 19, 21, 22)
(3, 4, 5, 7, 8, 9, 12, 13, 14, 17, 18, 19, 22, 24)
(1, 2, 3, 6, 7, 8, 11, 16, 17, 18, 20, 21, 22, 23)
(2, 4, 5, 6, 7, 11, 12, 14, 15, 17, 19, 20, 21, 22)
(2, 4, 5, 8, 9, 10, 12, 13, 14, 15, 17, 19, 23, 24)
(1, 2, 6, 7, 8, 11, 12, 13, 16, 17, 18, 20, 21, 23)
(1, 3, 6, 7, 8, 11, 12, 13, 16, 17, 18, 20, 21, 22)
(1, 2, 4, 6, 7, 9, 12, 15, 16, 17, 19, 21, 22, 24)
(1, 3, 4, 5, 6, 8, 10, 13, 18, 19, 20, 21, 23, 24)
(3, 4, 5, 6, 8, 9, 10, 13, 16, 18, 19, 20, 21, 23)
(2, 4, 5, 7, 8, 9, 10, 14, 15, 17, 18, 19, 23, 24)
(2, 3, 4, 5, 7, 9, 12, 13, 14, 18, 19, 22, 23, 24)
(2, 4, 5, 7, 9, 11, 12, 14, 15, 16, 17, 20, 21, 22)
(3, 4, 5, 6, 8, 10, 11, 13, 14, 18, 19, 20, 21, 23)
(1, 2, 3, 6, 8, 11, 12, 13, 16, 17, 20, 21, 22, 23)
(1, 2, 6, 7, 8, 10, 11, 15, 16, 17, 18, 20, 21, 23)
(1, 2, 3, 6, 10, 11, 12, 13, 15, 16, 20, 21, 22, 23)
(1, 2, 4, 5, 7, 9, 12, 15, 16, 17, 20, 21, 22, 24)
(2, 3, 4, 5, 7, 9, 10, 14, 15, 18, 19, 22, 23, 24)
(1, 3, 4, 6, 8, 10, 11, 13, 14, 18, 19, 21, 23, 24)
(1, 2, 5, 7, 9, 11, 12, 14, 15, 16, 17, 20, 22, 24)
(1, 3, 6, 7, 10, 11, 12, 13, 15, 16, 18, 20, 21, 22)
(1, 3, 4, 5, 8, 10, 11, 13, 14, 18, 20, 21, 23, 24)
(1, 3, 5, 8, 9, 10, 11, 13, 14, 16, 18, 20, 23, 24)
(3, 4, 5, 7, 9, 10, 12, 13, 14, 15, 18, 19, 22, 24)
(1, 2, 4, 5, 7, 11, 12, 14, 15, 17, 20, 21, 22, 24)
(2, 3, 4, 5, 9, 10, 12, 13, 14, 15, 19, 22, 23, 24)
(1, 3, 4, 8, 9, 10, 11, 13, 14, 16, 18, 21, 23, 24)
(3, 4, 5, 8, 9, 10, 12, 13, 14, 15, 17, 19, 22, 24)
(1, 2, 5, 6, 7, 11, 12, 14, 15, 17, 19, 20, 22, 24)
(1, 2, 3, 6, 8, 10, 11, 15, 16, 17, 20, 21, 22, 23)
(4, 5, 7, 8, 9, 10, 12, 13, 14, 15, 17, 18, 19, 24)
(1, 6, 7, 8, 10, 11, 12, 13, 15, 16, 17, 18, 20, 21)
(1, 3, 4, 5, 8, 9, 10, 13, 16, 18, 20, 21, 23, 24)
(2, 5, 6, 7, 9, 11, 12, 14, 15, 16, 17, 19, 20, 22)
(1, 3, 4, 6, 8, 9, 10, 13, 16, 18, 19, 21, 23, 24)
(1, 2, 6, 7, 9, 11, 12, 14, 15, 16, 17, 19, 22, 24)
(2, 3, 4, 5, 8, 9, 10, 14, 15, 17, 19, 22, 23, 24)
(1, 2, 5, 6, 7, 9, 12, 15, 16, 17, 19, 20, 22, 24)
(1, 2, 6, 8, 10, 11, 12, 13, 15, 16, 17, 20, 21, 23)
(1, 3, 6, 8, 9, 10, 11, 13, 14, 16, 18, 19, 23, 24)
(1, 3, 6, 8, 10, 11, 12, 13, 15, 16, 17, 20, 21, 22)
(1, 2, 6, 7, 10, 11, 12, 13, 15, 16, 18, 20, 21, 23)
(3, 4, 5, 7, 8, 9, 10, 14, 15, 17, 18, 19, 22, 24)
(1, 3, 5, 6, 8, 9, 10, 13, 16, 18, 19, 20, 23, 24)
(1, 2, 3, 6, 7, 11, 12, 13, 16, 18, 20, 21, 22, 23)
}

Print none_are_pairs (contains 0 tuples): {
}

Print indecomposable (contains 0 tuples): {
}

Print decomposable but no pairs (contains 0 tuples): {
}

Print exceptional cycles (contains 60 tuples): {
(3, 5, 6, 8, 9, 10, 11, 13, 14, 16, 18, 19, 20, 23)
(2, 4, 5, 6, 7, 9, 12, 15, 16, 17, 19, 20, 21, 22)
(1, 2, 4, 5, 6, 7, 12, 15, 17, 19, 20, 21, 22, 24)
(1, 2, 4, 7, 9, 11, 12, 14, 15, 16, 17, 21, 22, 24)
(1, 3, 5, 6, 8, 10, 11, 13, 14, 18, 19, 20, 23, 24)
(2, 3, 4, 5, 7, 8, 9, 14, 17, 18, 19, 22, 23, 24)
(3, 4, 6, 8, 9, 10, 11, 13, 14, 16, 18, 19, 21, 23)
(1, 3, 6, 7, 8, 10, 11, 15, 16, 17, 18, 20, 21, 22)
(2, 3, 4, 5, 8, 9, 12, 13, 14, 17, 19, 22, 23, 24)
(1, 2, 3, 6, 7, 10, 11, 15, 16, 18, 20, 21, 22, 23)
(1, 2, 4, 6, 7, 11, 12, 14, 15, 17, 19, 21, 22, 24)
(2, 4, 5, 7, 8, 9, 12, 13, 14, 17, 18, 19, 23, 24)
(2, 4, 5, 7, 9, 10, 12, 13, 14, 15, 18, 19, 23, 24)
(3, 4, 5, 8, 9, 10, 11, 13, 14, 16, 18, 20, 21, 23)
(2, 4, 6, 7, 9, 11, 12, 14, 15, 16, 17, 19, 21, 22)
(3, 4, 5, 7, 8, 9, 12, 13, 14, 17, 18, 19, 22, 24)
(1, 2, 3, 6, 7, 8, 11, 16, 17, 18, 20, 21, 22, 23)
(2, 4, 5, 6, 7, 11, 12, 14, 15, 17, 19, 20, 21, 22)
(2, 4, 5, 8, 9, 10, 12, 13, 14, 15, 17, 19, 23, 24)
(1, 2, 6, 7, 8, 11, 12, 13, 16, 17, 18, 20, 21, 23)
(1, 3, 6, 7, 8, 11, 12, 13, 16, 17, 18, 20, 21, 22)
(1, 2, 4, 6, 7, 9, 12, 15, 16, 17, 19, 21, 22, 24)
(1, 3, 4, 5, 6, 8, 10, 13, 18, 19, 20, 21, 23, 24)
(3, 4, 5, 6, 8, 9, 10, 13, 16, 18, 19, 20, 21, 23)
(2, 4, 5, 7, 8, 9, 10, 14, 15, 17, 18, 19, 23, 24)
(2, 3, 4, 5, 7, 9, 12, 13, 14, 18, 19, 22, 23, 24)
(2, 4, 5, 7, 9, 11, 12, 14, 15, 16, 17, 20, 21, 22)
(3, 4, 5, 6, 8, 10, 11, 13, 14, 18, 19, 20, 21, 23)
(1, 2, 3, 6, 8, 11, 12, 13, 16, 17, 20, 21, 22, 23)
(1, 2, 6, 7, 8, 10, 11, 15, 16, 17, 18, 20, 21, 23)
(1, 2, 3, 6, 10, 11, 12, 13, 15, 16, 20, 21, 22, 23)
(1, 2, 4, 5, 7, 9, 12, 15, 16, 17, 20, 21, 22, 24)
(2, 3, 4, 5, 7, 9, 10, 14, 15, 18, 19, 22, 23, 24)
(1, 3, 4, 6, 8, 10, 11, 13, 14, 18, 19, 21, 23, 24)
(1, 2, 5, 7, 9, 11, 12, 14, 15, 16, 17, 20, 22, 24)
(1, 3, 6, 7, 10, 11, 12, 13, 15, 16, 18, 20, 21, 22)
(1, 3, 4, 5, 8, 10, 11, 13, 14, 18, 20, 21, 23, 24)
(1, 3, 5, 8, 9, 10, 11, 13, 14, 16, 18, 20, 23, 24)
(3, 4, 5, 7, 9, 10, 12, 13, 14, 15, 18, 19, 22, 24)
(1, 2, 4, 5, 7, 11, 12, 14, 15, 17, 20, 21, 22, 24)
(2, 3, 4, 5, 9, 10, 12, 13, 14, 15, 19, 22, 23, 24)
(1, 3, 4, 8, 9, 10, 11, 13, 14, 16, 18, 21, 23, 24)
(3, 4, 5, 8, 9, 10, 12, 13, 14, 15, 17, 19, 22, 24)
(1, 2, 5, 6, 7, 11, 12, 14, 15, 17, 19, 20, 22, 24)
(1, 2, 3, 6, 8, 10, 11, 15, 16, 17, 20, 21, 22, 23)
(4, 5, 7, 8, 9, 10, 12, 13, 14, 15, 17, 18, 19, 24)
(1, 6, 7, 8, 10, 11, 12, 13, 15, 16, 17, 18, 20, 21)
(1, 3, 4, 5, 8, 9, 10, 13, 16, 18, 20, 21, 23, 24)
(2, 5, 6, 7, 9, 11, 12, 14, 15, 16, 17, 19, 20, 22)
(1, 3, 4, 6, 8, 9, 10, 13, 16, 18, 19, 21, 23, 24)
(1, 2, 6, 7, 9, 11, 12, 14, 15, 16, 17, 19, 22, 24)
(2, 3, 4, 5, 8, 9, 10, 14, 15, 17, 19, 22, 23, 24)
(1, 2, 5, 6, 7, 9, 12, 15, 16, 17, 19, 20, 22, 24)
(1, 2, 6, 8, 10, 11, 12, 13, 15, 16, 17, 20, 21, 23)
(1, 3, 6, 8, 9, 10, 11, 13, 14, 16, 18, 19, 23, 24)
(1, 3, 6, 8, 10, 11, 12, 13, 15, 16, 17, 20, 21, 22)
(1, 2, 6, 7, 10, 11, 12, 13, 15, 16, 18, 20, 21, 23)
(3, 4, 5, 7, 8, 9, 10, 14, 15, 17, 18, 19, 22, 24)
(1, 3, 5, 6, 8, 9, 10, 13, 16, 18, 19, 20, 23, 24)
(1, 2, 3, 6, 7, 11, 12, 13, 16, 18, 20, 21, 22, 23)
}

method validate_set_V(25, 7) ran to completion.
