Running method validate_set_V(m = 85, d = 3) and generating using halves:

Summary:
given m = 85, d = 3
Calculations took 0 days, 0 hours, 0 minutes, 0 seconds, 467 miliseconds, 639 microseconds, 900 nanoseconds.
Z/mZ:  [0, 1, 2, 3, 4, 5, 6, 7, 8, 9, 10, 11, 12, 13, 14, 15, 16, 17, 18, 19, 20, 21, 22, 23, 24, 25, 26, 27, 28, 29, 30, 31, 32, 33, 34, 35, 36, 37, 38, 39, 40, 41, 42, 43, 44, 45, 46, 47, 48, 49, 50, 51, 52, 53, 54, 55, 56, 57, 58, 59, 60, 61, 62, 63, 64, 65, 66, 67, 68, 69, 70, 71, 72, 73, 74, 75, 76, 77, 78, 79, 80, 81, 82, 83, 84]
Z/mZ*: [1, 2, 3, 4, 6, 7, 8, 9, 11, 12, 13, 14, 16, 18, 19, 21, 22, 23, 24, 26, 27, 28, 29, 31, 32, 33, 36, 37, 38, 39, 41, 42, 43, 44, 46, 47, 48, 49, 52, 53, 54, 56, 57, 58, 59, 61, 62, 63, 64, 66, 67, 69, 71, 72, 73, 74, 76, 77, 78, 79, 81, 82, 83, 84]
All ascending & non-repeating tuple (size 6) combinations possible for the U set: 406481544
                      V set: contains 11496 tuples
          all_are_pairs set: contains 11480 tuples
         some_are_pairs set: contains 0 tuples
         none_are_pairs set: contains 16 tuples
         indecomposable set: contains 16 tuples
decomposable & no pairs set: contains 0 tuples
     exceptional_cycles set: contains 16 tuples

Print some_are_pairs (contains 0 tuples): {
}

Print none_are_pairs (contains 16 tuples): {
(6, 23, 40, 55, 57, 74)
(2, 19, 36, 53, 70, 75)
(10, 15, 32, 49, 66, 83)
(8, 25, 42, 45, 59, 76)
(14, 15, 31, 48, 65, 82)
(5, 16, 33, 50, 67, 84)
(11, 28, 30, 45, 62, 79)
(1, 18, 35, 52, 69, 80)
(3, 20, 37, 54, 70, 71)
(12, 25, 29, 46, 63, 80)
(9, 26, 40, 43, 60, 77)
(5, 22, 39, 56, 60, 73)
(7, 24, 41, 50, 58, 75)
(13, 20, 30, 47, 64, 81)
(10, 27, 35, 44, 61, 78)
(4, 21, 38, 55, 65, 72)
}

Print indecomposable (contains 16 tuples): {
(6, 23, 40, 55, 57, 74)
(2, 19, 36, 53, 70, 75)
(10, 15, 32, 49, 66, 83)
(8, 25, 42, 45, 59, 76)
(14, 15, 31, 48, 65, 82)
(5, 16, 33, 50, 67, 84)
(11, 28, 30, 45, 62, 79)
(1, 18, 35, 52, 69, 80)
(3, 20, 37, 54, 70, 71)
(12, 25, 29, 46, 63, 80)
(9, 26, 40, 43, 60, 77)
(5, 22, 39, 56, 60, 73)
(7, 24, 41, 50, 58, 75)
(13, 20, 30, 47, 64, 81)
(10, 27, 35, 44, 61, 78)
(4, 21, 38, 55, 65, 72)
}

Print decomposable but no pairs (contains 0 tuples): {
}

Print exceptional cycles (contains 16 tuples): {
(6, 23, 40, 55, 57, 74)
(2, 19, 36, 53, 70, 75)
(10, 15, 32, 49, 66, 83)
(8, 25, 42, 45, 59, 76)
(14, 15, 31, 48, 65, 82)
(5, 16, 33, 50, 67, 84)
(11, 28, 30, 45, 62, 79)
(1, 18, 35, 52, 69, 80)
(3, 20, 37, 54, 70, 71)
(12, 25, 29, 46, 63, 80)
(9, 26, 40, 43, 60, 77)
(5, 22, 39, 56, 60, 73)
(7, 24, 41, 50, 58, 75)
(13, 20, 30, 47, 64, 81)
(10, 27, 35, 44, 61, 78)
(4, 21, 38, 55, 65, 72)
}

method validate_set_V(85, 3) ran to completion.
