Running method validate_set_V(m = 85, d = 2) and generating using halves:

Summary:
given m = 85, d = 2
Calculations took 0 days, 0 hours, 0 minutes, 0 seconds, 3 miliseconds, 523 microseconds, 400 nanoseconds.
Z/mZ:  [0, 1, 2, 3, 4, 5, 6, 7, 8, 9, 10, 11, 12, 13, 14, 15, 16, 17, 18, 19, 20, 21, 22, 23, 24, 25, 26, 27, 28, 29, 30, 31, 32, 33, 34, 35, 36, 37, 38, 39, 40, 41, 42, 43, 44, 45, 46, 47, 48, 49, 50, 51, 52, 53, 54, 55, 56, 57, 58, 59, 60, 61, 62, 63, 64, 65, 66, 67, 68, 69, 70, 71, 72, 73, 74, 75, 76, 77, 78, 79, 80, 81, 82, 83, 84]
Z/mZ*: [1, 2, 3, 4, 6, 7, 8, 9, 11, 12, 13, 14, 16, 18, 19, 21, 22, 23, 24, 26, 27, 28, 29, 31, 32, 33, 36, 37, 38, 39, 41, 42, 43, 44, 46, 47, 48, 49, 52, 53, 54, 56, 57, 58, 59, 61, 62, 63, 64, 66, 67, 69, 71, 72, 73, 74, 76, 77, 78, 79, 81, 82, 83, 84]
All ascending & non-repeating tuple (size 4) combinations possible for the U set: 1929501
                      V set: contains 861 tuples
          all_are_pairs set: contains 861 tuples
         some_are_pairs set: contains 0 tuples
         none_are_pairs set: contains 0 tuples
         indecomposable set: contains 0 tuples
decomposable & no pairs set: contains 0 tuples
     exceptional_cycles set: contains 0 tuples

Print V set (contains 861 tuples): {
(1, 2, 83, 84)
(1, 3, 82, 84)
(1, 4, 81, 84)
(1, 5, 80, 84)
(1, 6, 79, 84)
(1, 7, 78, 84)
(1, 8, 77, 84)
(1, 9, 76, 84)
(1, 10, 75, 84)
(1, 11, 74, 84)
(1, 12, 73, 84)
(1, 13, 72, 84)
(1, 14, 71, 84)
(1, 15, 70, 84)
(1, 16, 69, 84)
(1, 17, 68, 84)
(1, 18, 67, 84)
(1, 19, 66, 84)
(1, 20, 65, 84)
(1, 21, 64, 84)
(1, 22, 63, 84)
(1, 23, 62, 84)
(1, 24, 61, 84)
(1, 25, 60, 84)
(1, 26, 59, 84)
(1, 27, 58, 84)
(1, 28, 57, 84)
(1, 29, 56, 84)
(1, 30, 55, 84)
(1, 31, 54, 84)
(1, 32, 53, 84)
(1, 33, 52, 84)
(1, 34, 51, 84)
(1, 35, 50, 84)
(1, 36, 49, 84)
(1, 37, 48, 84)
(1, 38, 47, 84)
(1, 39, 46, 84)
(1, 40, 45, 84)
(1, 41, 44, 84)
(1, 42, 43, 84)
(2, 3, 82, 83)
(2, 4, 81, 83)
(2, 5, 80, 83)
(2, 6, 79, 83)
(2, 7, 78, 83)
(2, 8, 77, 83)
(2, 9, 76, 83)
(2, 10, 75, 83)
(2, 11, 74, 83)
(2, 12, 73, 83)
(2, 13, 72, 83)
(2, 14, 71, 83)
(2, 15, 70, 83)
(2, 16, 69, 83)
(2, 17, 68, 83)
(2, 18, 67, 83)
(2, 19, 66, 83)
(2, 20, 65, 83)
(2, 21, 64, 83)
(2, 22, 63, 83)
(2, 23, 62, 83)
(2, 24, 61, 83)
(2, 25, 60, 83)
(2, 26, 59, 83)
(2, 27, 58, 83)
(2, 28, 57, 83)
(2, 29, 56, 83)
(2, 30, 55, 83)
(2, 31, 54, 83)
(2, 32, 53, 83)
(2, 33, 52, 83)
(2, 34, 51, 83)
(2, 35, 50, 83)
(2, 36, 49, 83)
(2, 37, 48, 83)
(2, 38, 47, 83)
(2, 39, 46, 83)
(2, 40, 45, 83)
(2, 41, 44, 83)
(2, 42, 43, 83)
(3, 4, 81, 82)
(3, 5, 80, 82)
(3, 6, 79, 82)
(3, 7, 78, 82)
(3, 8, 77, 82)
(3, 9, 76, 82)
(3, 10, 75, 82)
(3, 11, 74, 82)
(3, 12, 73, 82)
(3, 13, 72, 82)
(3, 14, 71, 82)
(3, 15, 70, 82)
(3, 16, 69, 82)
(3, 17, 68, 82)
(3, 18, 67, 82)
(3, 19, 66, 82)
(3, 20, 65, 82)
(3, 21, 64, 82)
(3, 22, 63, 82)
(3, 23, 62, 82)
(3, 24, 61, 82)
(3, 25, 60, 82)
(3, 26, 59, 82)
(3, 27, 58, 82)
(3, 28, 57, 82)
(3, 29, 56, 82)
(3, 30, 55, 82)
(3, 31, 54, 82)
(3, 32, 53, 82)
(3, 33, 52, 82)
(3, 34, 51, 82)
(3, 35, 50, 82)
(3, 36, 49, 82)
(3, 37, 48, 82)
(3, 38, 47, 82)
(3, 39, 46, 82)
(3, 40, 45, 82)
(3, 41, 44, 82)
(3, 42, 43, 82)
(4, 5, 80, 81)
(4, 6, 79, 81)
(4, 7, 78, 81)
(4, 8, 77, 81)
(4, 9, 76, 81)
(4, 10, 75, 81)
(4, 11, 74, 81)
(4, 12, 73, 81)
(4, 13, 72, 81)
(4, 14, 71, 81)
(4, 15, 70, 81)
(4, 16, 69, 81)
(4, 17, 68, 81)
(4, 18, 67, 81)
(4, 19, 66, 81)
(4, 20, 65, 81)
(4, 21, 64, 81)
(4, 22, 63, 81)
(4, 23, 62, 81)
(4, 24, 61, 81)
(4, 25, 60, 81)
(4, 26, 59, 81)
(4, 27, 58, 81)
(4, 28, 57, 81)
(4, 29, 56, 81)
(4, 30, 55, 81)
(4, 31, 54, 81)
(4, 32, 53, 81)
(4, 33, 52, 81)
(4, 34, 51, 81)
(4, 35, 50, 81)
(4, 36, 49, 81)
(4, 37, 48, 81)
(4, 38, 47, 81)
(4, 39, 46, 81)
(4, 40, 45, 81)
(4, 41, 44, 81)
(4, 42, 43, 81)
(5, 6, 79, 80)
(5, 7, 78, 80)
(5, 8, 77, 80)
(5, 9, 76, 80)
(5, 10, 75, 80)
(5, 11, 74, 80)
(5, 12, 73, 80)
(5, 13, 72, 80)
(5, 14, 71, 80)
(5, 15, 70, 80)
(5, 16, 69, 80)
(5, 17, 68, 80)
(5, 18, 67, 80)
(5, 19, 66, 80)
(5, 20, 65, 80)
(5, 21, 64, 80)
(5, 22, 63, 80)
(5, 23, 62, 80)
(5, 24, 61, 80)
(5, 25, 60, 80)
(5, 26, 59, 80)
(5, 27, 58, 80)
(5, 28, 57, 80)
(5, 29, 56, 80)
(5, 30, 55, 80)
(5, 31, 54, 80)
(5, 32, 53, 80)
(5, 33, 52, 80)
(5, 34, 51, 80)
(5, 35, 50, 80)
(5, 36, 49, 80)
(5, 37, 48, 80)
(5, 38, 47, 80)
(5, 39, 46, 80)
(5, 40, 45, 80)
(5, 41, 44, 80)
(5, 42, 43, 80)
(6, 7, 78, 79)
(6, 8, 77, 79)
(6, 9, 76, 79)
(6, 10, 75, 79)
(6, 11, 74, 79)
(6, 12, 73, 79)
(6, 13, 72, 79)
(6, 14, 71, 79)
(6, 15, 70, 79)
(6, 16, 69, 79)
(6, 17, 68, 79)
(6, 18, 67, 79)
(6, 19, 66, 79)
(6, 20, 65, 79)
(6, 21, 64, 79)
(6, 22, 63, 79)
(6, 23, 62, 79)
(6, 24, 61, 79)
(6, 25, 60, 79)
(6, 26, 59, 79)
(6, 27, 58, 79)
(6, 28, 57, 79)
(6, 29, 56, 79)
(6, 30, 55, 79)
(6, 31, 54, 79)
(6, 32, 53, 79)
(6, 33, 52, 79)
(6, 34, 51, 79)
(6, 35, 50, 79)
(6, 36, 49, 79)
(6, 37, 48, 79)
(6, 38, 47, 79)
(6, 39, 46, 79)
(6, 40, 45, 79)
(6, 41, 44, 79)
(6, 42, 43, 79)
(7, 8, 77, 78)
(7, 9, 76, 78)
(7, 10, 75, 78)
(7, 11, 74, 78)
(7, 12, 73, 78)
(7, 13, 72, 78)
(7, 14, 71, 78)
(7, 15, 70, 78)
(7, 16, 69, 78)
(7, 17, 68, 78)
(7, 18, 67, 78)
(7, 19, 66, 78)
(7, 20, 65, 78)
(7, 21, 64, 78)
(7, 22, 63, 78)
(7, 23, 62, 78)
(7, 24, 61, 78)
(7, 25, 60, 78)
(7, 26, 59, 78)
(7, 27, 58, 78)
(7, 28, 57, 78)
(7, 29, 56, 78)
(7, 30, 55, 78)
(7, 31, 54, 78)
(7, 32, 53, 78)
(7, 33, 52, 78)
(7, 34, 51, 78)
(7, 35, 50, 78)
(7, 36, 49, 78)
(7, 37, 48, 78)
(7, 38, 47, 78)
(7, 39, 46, 78)
(7, 40, 45, 78)
(7, 41, 44, 78)
(7, 42, 43, 78)
(8, 9, 76, 77)
(8, 10, 75, 77)
(8, 11, 74, 77)
(8, 12, 73, 77)
(8, 13, 72, 77)
(8, 14, 71, 77)
(8, 15, 70, 77)
(8, 16, 69, 77)
(8, 17, 68, 77)
(8, 18, 67, 77)
(8, 19, 66, 77)
(8, 20, 65, 77)
(8, 21, 64, 77)
(8, 22, 63, 77)
(8, 23, 62, 77)
(8, 24, 61, 77)
(8, 25, 60, 77)
(8, 26, 59, 77)
(8, 27, 58, 77)
(8, 28, 57, 77)
(8, 29, 56, 77)
(8, 30, 55, 77)
(8, 31, 54, 77)
(8, 32, 53, 77)
(8, 33, 52, 77)
(8, 34, 51, 77)
(8, 35, 50, 77)
(8, 36, 49, 77)
(8, 37, 48, 77)
(8, 38, 47, 77)
(8, 39, 46, 77)
(8, 40, 45, 77)
(8, 41, 44, 77)
(8, 42, 43, 77)
(9, 10, 75, 76)
(9, 11, 74, 76)
(9, 12, 73, 76)
(9, 13, 72, 76)
(9, 14, 71, 76)
(9, 15, 70, 76)
(9, 16, 69, 76)
(9, 17, 68, 76)
(9, 18, 67, 76)
(9, 19, 66, 76)
(9, 20, 65, 76)
(9, 21, 64, 76)
(9, 22, 63, 76)
(9, 23, 62, 76)
(9, 24, 61, 76)
(9, 25, 60, 76)
(9, 26, 59, 76)
(9, 27, 58, 76)
(9, 28, 57, 76)
(9, 29, 56, 76)
(9, 30, 55, 76)
(9, 31, 54, 76)
(9, 32, 53, 76)
(9, 33, 52, 76)
(9, 34, 51, 76)
(9, 35, 50, 76)
(9, 36, 49, 76)
(9, 37, 48, 76)
(9, 38, 47, 76)
(9, 39, 46, 76)
(9, 40, 45, 76)
(9, 41, 44, 76)
(9, 42, 43, 76)
(10, 11, 74, 75)
(10, 12, 73, 75)
(10, 13, 72, 75)
(10, 14, 71, 75)
(10, 15, 70, 75)
(10, 16, 69, 75)
(10, 17, 68, 75)
(10, 18, 67, 75)
(10, 19, 66, 75)
(10, 20, 65, 75)
(10, 21, 64, 75)
(10, 22, 63, 75)
(10, 23, 62, 75)
(10, 24, 61, 75)
(10, 25, 60, 75)
(10, 26, 59, 75)
(10, 27, 58, 75)
(10, 28, 57, 75)
(10, 29, 56, 75)
(10, 30, 55, 75)
(10, 31, 54, 75)
(10, 32, 53, 75)
(10, 33, 52, 75)
(10, 34, 51, 75)
(10, 35, 50, 75)
(10, 36, 49, 75)
(10, 37, 48, 75)
(10, 38, 47, 75)
(10, 39, 46, 75)
(10, 40, 45, 75)
(10, 41, 44, 75)
(10, 42, 43, 75)
(11, 12, 73, 74)
(11, 13, 72, 74)
(11, 14, 71, 74)
(11, 15, 70, 74)
(11, 16, 69, 74)
(11, 17, 68, 74)
(11, 18, 67, 74)
(11, 19, 66, 74)
(11, 20, 65, 74)
(11, 21, 64, 74)
(11, 22, 63, 74)
(11, 23, 62, 74)
(11, 24, 61, 74)
(11, 25, 60, 74)
(11, 26, 59, 74)
(11, 27, 58, 74)
(11, 28, 57, 74)
(11, 29, 56, 74)
(11, 30, 55, 74)
(11, 31, 54, 74)
(11, 32, 53, 74)
(11, 33, 52, 74)
(11, 34, 51, 74)
(11, 35, 50, 74)
(11, 36, 49, 74)
(11, 37, 48, 74)
(11, 38, 47, 74)
(11, 39, 46, 74)
(11, 40, 45, 74)
(11, 41, 44, 74)
(11, 42, 43, 74)
(12, 13, 72, 73)
(12, 14, 71, 73)
(12, 15, 70, 73)
(12, 16, 69, 73)
(12, 17, 68, 73)
(12, 18, 67, 73)
(12, 19, 66, 73)
(12, 20, 65, 73)
(12, 21, 64, 73)
(12, 22, 63, 73)
(12, 23, 62, 73)
(12, 24, 61, 73)
(12, 25, 60, 73)
(12, 26, 59, 73)
(12, 27, 58, 73)
(12, 28, 57, 73)
(12, 29, 56, 73)
(12, 30, 55, 73)
(12, 31, 54, 73)
(12, 32, 53, 73)
(12, 33, 52, 73)
(12, 34, 51, 73)
(12, 35, 50, 73)
(12, 36, 49, 73)
(12, 37, 48, 73)
(12, 38, 47, 73)
(12, 39, 46, 73)
(12, 40, 45, 73)
(12, 41, 44, 73)
(12, 42, 43, 73)
(13, 14, 71, 72)
(13, 15, 70, 72)
(13, 16, 69, 72)
(13, 17, 68, 72)
(13, 18, 67, 72)
(13, 19, 66, 72)
(13, 20, 65, 72)
(13, 21, 64, 72)
(13, 22, 63, 72)
(13, 23, 62, 72)
(13, 24, 61, 72)
(13, 25, 60, 72)
(13, 26, 59, 72)
(13, 27, 58, 72)
(13, 28, 57, 72)
(13, 29, 56, 72)
(13, 30, 55, 72)
(13, 31, 54, 72)
(13, 32, 53, 72)
(13, 33, 52, 72)
(13, 34, 51, 72)
(13, 35, 50, 72)
(13, 36, 49, 72)
(13, 37, 48, 72)
(13, 38, 47, 72)
(13, 39, 46, 72)
(13, 40, 45, 72)
(13, 41, 44, 72)
(13, 42, 43, 72)
(14, 15, 70, 71)
(14, 16, 69, 71)
(14, 17, 68, 71)
(14, 18, 67, 71)
(14, 19, 66, 71)
(14, 20, 65, 71)
(14, 21, 64, 71)
(14, 22, 63, 71)
(14, 23, 62, 71)
(14, 24, 61, 71)
(14, 25, 60, 71)
(14, 26, 59, 71)
(14, 27, 58, 71)
(14, 28, 57, 71)
(14, 29, 56, 71)
(14, 30, 55, 71)
(14, 31, 54, 71)
(14, 32, 53, 71)
(14, 33, 52, 71)
(14, 34, 51, 71)
(14, 35, 50, 71)
(14, 36, 49, 71)
(14, 37, 48, 71)
(14, 38, 47, 71)
(14, 39, 46, 71)
(14, 40, 45, 71)
(14, 41, 44, 71)
(14, 42, 43, 71)
(15, 16, 69, 70)
(15, 17, 68, 70)
(15, 18, 67, 70)
(15, 19, 66, 70)
(15, 20, 65, 70)
(15, 21, 64, 70)
(15, 22, 63, 70)
(15, 23, 62, 70)
(15, 24, 61, 70)
(15, 25, 60, 70)
(15, 26, 59, 70)
(15, 27, 58, 70)
(15, 28, 57, 70)
(15, 29, 56, 70)
(15, 30, 55, 70)
(15, 31, 54, 70)
(15, 32, 53, 70)
(15, 33, 52, 70)
(15, 34, 51, 70)
(15, 35, 50, 70)
(15, 36, 49, 70)
(15, 37, 48, 70)
(15, 38, 47, 70)
(15, 39, 46, 70)
(15, 40, 45, 70)
(15, 41, 44, 70)
(15, 42, 43, 70)
(16, 17, 68, 69)
(16, 18, 67, 69)
(16, 19, 66, 69)
(16, 20, 65, 69)
(16, 21, 64, 69)
(16, 22, 63, 69)
(16, 23, 62, 69)
(16, 24, 61, 69)
(16, 25, 60, 69)
(16, 26, 59, 69)
(16, 27, 58, 69)
(16, 28, 57, 69)
(16, 29, 56, 69)
(16, 30, 55, 69)
(16, 31, 54, 69)
(16, 32, 53, 69)
(16, 33, 52, 69)
(16, 34, 51, 69)
(16, 35, 50, 69)
(16, 36, 49, 69)
(16, 37, 48, 69)
(16, 38, 47, 69)
(16, 39, 46, 69)
(16, 40, 45, 69)
(16, 41, 44, 69)
(16, 42, 43, 69)
(17, 18, 67, 68)
(17, 19, 66, 68)
(17, 20, 65, 68)
(17, 21, 64, 68)
(17, 22, 63, 68)
(17, 23, 62, 68)
(17, 24, 61, 68)
(17, 25, 60, 68)
(17, 26, 59, 68)
(17, 27, 58, 68)
(17, 28, 57, 68)
(17, 29, 56, 68)
(17, 30, 55, 68)
(17, 31, 54, 68)
(17, 32, 53, 68)
(17, 33, 52, 68)
(17, 34, 51, 68)
(17, 35, 50, 68)
(17, 36, 49, 68)
(17, 37, 48, 68)
(17, 38, 47, 68)
(17, 39, 46, 68)
(17, 40, 45, 68)
(17, 41, 44, 68)
(17, 42, 43, 68)
(18, 19, 66, 67)
(18, 20, 65, 67)
(18, 21, 64, 67)
(18, 22, 63, 67)
(18, 23, 62, 67)
(18, 24, 61, 67)
(18, 25, 60, 67)
(18, 26, 59, 67)
(18, 27, 58, 67)
(18, 28, 57, 67)
(18, 29, 56, 67)
(18, 30, 55, 67)
(18, 31, 54, 67)
(18, 32, 53, 67)
(18, 33, 52, 67)
(18, 34, 51, 67)
(18, 35, 50, 67)
(18, 36, 49, 67)
(18, 37, 48, 67)
(18, 38, 47, 67)
(18, 39, 46, 67)
(18, 40, 45, 67)
(18, 41, 44, 67)
(18, 42, 43, 67)
(19, 20, 65, 66)
(19, 21, 64, 66)
(19, 22, 63, 66)
(19, 23, 62, 66)
(19, 24, 61, 66)
(19, 25, 60, 66)
(19, 26, 59, 66)
(19, 27, 58, 66)
(19, 28, 57, 66)
(19, 29, 56, 66)
(19, 30, 55, 66)
(19, 31, 54, 66)
(19, 32, 53, 66)
(19, 33, 52, 66)
(19, 34, 51, 66)
(19, 35, 50, 66)
(19, 36, 49, 66)
(19, 37, 48, 66)
(19, 38, 47, 66)
(19, 39, 46, 66)
(19, 40, 45, 66)
(19, 41, 44, 66)
(19, 42, 43, 66)
(20, 21, 64, 65)
(20, 22, 63, 65)
(20, 23, 62, 65)
(20, 24, 61, 65)
(20, 25, 60, 65)
(20, 26, 59, 65)
(20, 27, 58, 65)
(20, 28, 57, 65)
(20, 29, 56, 65)
(20, 30, 55, 65)
(20, 31, 54, 65)
(20, 32, 53, 65)
(20, 33, 52, 65)
(20, 34, 51, 65)
(20, 35, 50, 65)
(20, 36, 49, 65)
(20, 37, 48, 65)
(20, 38, 47, 65)
(20, 39, 46, 65)
(20, 40, 45, 65)
(20, 41, 44, 65)
(20, 42, 43, 65)
(21, 22, 63, 64)
(21, 23, 62, 64)
(21, 24, 61, 64)
(21, 25, 60, 64)
(21, 26, 59, 64)
(21, 27, 58, 64)
(21, 28, 57, 64)
(21, 29, 56, 64)
(21, 30, 55, 64)
(21, 31, 54, 64)
(21, 32, 53, 64)
(21, 33, 52, 64)
(21, 34, 51, 64)
(21, 35, 50, 64)
(21, 36, 49, 64)
(21, 37, 48, 64)
(21, 38, 47, 64)
(21, 39, 46, 64)
(21, 40, 45, 64)
(21, 41, 44, 64)
(21, 42, 43, 64)
(22, 23, 62, 63)
(22, 24, 61, 63)
(22, 25, 60, 63)
(22, 26, 59, 63)
(22, 27, 58, 63)
(22, 28, 57, 63)
(22, 29, 56, 63)
(22, 30, 55, 63)
(22, 31, 54, 63)
(22, 32, 53, 63)
(22, 33, 52, 63)
(22, 34, 51, 63)
(22, 35, 50, 63)
(22, 36, 49, 63)
(22, 37, 48, 63)
(22, 38, 47, 63)
(22, 39, 46, 63)
(22, 40, 45, 63)
(22, 41, 44, 63)
(22, 42, 43, 63)
(23, 24, 61, 62)
(23, 25, 60, 62)
(23, 26, 59, 62)
(23, 27, 58, 62)
(23, 28, 57, 62)
(23, 29, 56, 62)
(23, 30, 55, 62)
(23, 31, 54, 62)
(23, 32, 53, 62)
(23, 33, 52, 62)
(23, 34, 51, 62)
(23, 35, 50, 62)
(23, 36, 49, 62)
(23, 37, 48, 62)
(23, 38, 47, 62)
(23, 39, 46, 62)
(23, 40, 45, 62)
(23, 41, 44, 62)
(23, 42, 43, 62)
(24, 25, 60, 61)
(24, 26, 59, 61)
(24, 27, 58, 61)
(24, 28, 57, 61)
(24, 29, 56, 61)
(24, 30, 55, 61)
(24, 31, 54, 61)
(24, 32, 53, 61)
(24, 33, 52, 61)
(24, 34, 51, 61)
(24, 35, 50, 61)
(24, 36, 49, 61)
(24, 37, 48, 61)
(24, 38, 47, 61)
(24, 39, 46, 61)
(24, 40, 45, 61)
(24, 41, 44, 61)
(24, 42, 43, 61)
(25, 26, 59, 60)
(25, 27, 58, 60)
(25, 28, 57, 60)
(25, 29, 56, 60)
(25, 30, 55, 60)
(25, 31, 54, 60)
(25, 32, 53, 60)
(25, 33, 52, 60)
(25, 34, 51, 60)
(25, 35, 50, 60)
(25, 36, 49, 60)
(25, 37, 48, 60)
(25, 38, 47, 60)
(25, 39, 46, 60)
(25, 40, 45, 60)
(25, 41, 44, 60)
(25, 42, 43, 60)
(26, 27, 58, 59)
(26, 28, 57, 59)
(26, 29, 56, 59)
(26, 30, 55, 59)
(26, 31, 54, 59)
(26, 32, 53, 59)
(26, 33, 52, 59)
(26, 34, 51, 59)
(26, 35, 50, 59)
(26, 36, 49, 59)
(26, 37, 48, 59)
(26, 38, 47, 59)
(26, 39, 46, 59)
(26, 40, 45, 59)
(26, 41, 44, 59)
(26, 42, 43, 59)
(27, 28, 57, 58)
(27, 29, 56, 58)
(27, 30, 55, 58)
(27, 31, 54, 58)
(27, 32, 53, 58)
(27, 33, 52, 58)
(27, 34, 51, 58)
(27, 35, 50, 58)
(27, 36, 49, 58)
(27, 37, 48, 58)
(27, 38, 47, 58)
(27, 39, 46, 58)
(27, 40, 45, 58)
(27, 41, 44, 58)
(27, 42, 43, 58)
(28, 29, 56, 57)
(28, 30, 55, 57)
(28, 31, 54, 57)
(28, 32, 53, 57)
(28, 33, 52, 57)
(28, 34, 51, 57)
(28, 35, 50, 57)
(28, 36, 49, 57)
(28, 37, 48, 57)
(28, 38, 47, 57)
(28, 39, 46, 57)
(28, 40, 45, 57)
(28, 41, 44, 57)
(28, 42, 43, 57)
(29, 30, 55, 56)
(29, 31, 54, 56)
(29, 32, 53, 56)
(29, 33, 52, 56)
(29, 34, 51, 56)
(29, 35, 50, 56)
(29, 36, 49, 56)
(29, 37, 48, 56)
(29, 38, 47, 56)
(29, 39, 46, 56)
(29, 40, 45, 56)
(29, 41, 44, 56)
(29, 42, 43, 56)
(30, 31, 54, 55)
(30, 32, 53, 55)
(30, 33, 52, 55)
(30, 34, 51, 55)
(30, 35, 50, 55)
(30, 36, 49, 55)
(30, 37, 48, 55)
(30, 38, 47, 55)
(30, 39, 46, 55)
(30, 40, 45, 55)
(30, 41, 44, 55)
(30, 42, 43, 55)
(31, 32, 53, 54)
(31, 33, 52, 54)
(31, 34, 51, 54)
(31, 35, 50, 54)
(31, 36, 49, 54)
(31, 37, 48, 54)
(31, 38, 47, 54)
(31, 39, 46, 54)
(31, 40, 45, 54)
(31, 41, 44, 54)
(31, 42, 43, 54)
(32, 33, 52, 53)
(32, 34, 51, 53)
(32, 35, 50, 53)
(32, 36, 49, 53)
(32, 37, 48, 53)
(32, 38, 47, 53)
(32, 39, 46, 53)
(32, 40, 45, 53)
(32, 41, 44, 53)
(32, 42, 43, 53)
(33, 34, 51, 52)
(33, 35, 50, 52)
(33, 36, 49, 52)
(33, 37, 48, 52)
(33, 38, 47, 52)
(33, 39, 46, 52)
(33, 40, 45, 52)
(33, 41, 44, 52)
(33, 42, 43, 52)
(34, 35, 50, 51)
(34, 36, 49, 51)
(34, 37, 48, 51)
(34, 38, 47, 51)
(34, 39, 46, 51)
(34, 40, 45, 51)
(34, 41, 44, 51)
(34, 42, 43, 51)
(35, 36, 49, 50)
(35, 37, 48, 50)
(35, 38, 47, 50)
(35, 39, 46, 50)
(35, 40, 45, 50)
(35, 41, 44, 50)
(35, 42, 43, 50)
(36, 37, 48, 49)
(36, 38, 47, 49)
(36, 39, 46, 49)
(36, 40, 45, 49)
(36, 41, 44, 49)
(36, 42, 43, 49)
(37, 38, 47, 48)
(37, 39, 46, 48)
(37, 40, 45, 48)
(37, 41, 44, 48)
(37, 42, 43, 48)
(38, 39, 46, 47)
(38, 40, 45, 47)
(38, 41, 44, 47)
(38, 42, 43, 47)
(39, 40, 45, 46)
(39, 41, 44, 46)
(39, 42, 43, 46)
(40, 41, 44, 45)
(40, 42, 43, 45)
(41, 42, 43, 44)
}

Print all_are_pairs (contains 861 tuples): {
(18, 20, 65, 67)
(29, 40, 45, 56)
(9, 21, 64, 76)
(33, 36, 49, 52)
(3, 12, 73, 82)
(8, 26, 59, 77)
(3, 18, 67, 82)
(6, 23, 62, 79)
(40, 41, 44, 45)
(11, 23, 62, 74)
(18, 40, 45, 67)
(11, 32, 53, 74)
(5, 40, 45, 80)
(9, 19, 66, 76)
(17, 34, 51, 68)
(9, 39, 46, 76)
(17, 27, 58, 68)
(21, 31, 54, 64)
(25, 41, 44, 60)
(17, 25, 60, 68)
(12, 42, 43, 73)
(15, 31, 54, 70)
(23, 42, 43, 62)
(20, 38, 47, 65)
(32, 39, 46, 53)
(10, 14, 71, 75)
(14, 24, 61, 71)
(8, 28, 57, 77)
(7, 40, 45, 78)
(25, 35, 50, 60)
(12, 32, 53, 73)
(16, 30, 55, 69)
(11, 40, 45, 74)
(5, 15, 70, 80)
(13, 33, 52, 72)
(16, 40, 45, 69)
(14, 17, 68, 71)
(1, 39, 46, 84)
(10, 15, 70, 75)
(10, 42, 43, 75)
(25, 34, 51, 60)
(21, 35, 50, 64)
(7, 15, 70, 78)
(30, 40, 45, 55)
(6, 38, 47, 79)
(22, 38, 47, 63)
(19, 36, 49, 66)
(9, 26, 59, 76)
(17, 21, 64, 68)
(18, 35, 50, 67)
(5, 8, 77, 80)
(10, 31, 54, 75)
(2, 25, 60, 83)
(5, 10, 75, 80)
(1, 21, 64, 84)
(12, 27, 58, 73)
(22, 31, 54, 63)
(8, 39, 46, 77)
(1, 20, 65, 84)
(1, 35, 50, 84)
(22, 26, 59, 63)
(2, 32, 53, 83)
(16, 18, 67, 69)
(21, 25, 60, 64)
(21, 37, 48, 64)
(26, 32, 53, 59)
(2, 36, 49, 83)
(3, 7, 78, 82)
(31, 42, 43, 54)
(30, 37, 48, 55)
(2, 24, 61, 83)
(16, 33, 52, 69)
(7, 37, 48, 78)
(8, 10, 75, 77)
(5, 41, 44, 80)
(13, 32, 53, 72)
(27, 34, 51, 58)
(1, 15, 70, 84)
(8, 9, 76, 77)
(8, 38, 47, 77)
(18, 41, 44, 67)
(1, 19, 66, 84)
(12, 34, 51, 73)
(21, 32, 53, 64)
(3, 10, 75, 82)
(3, 6, 79, 82)
(20, 25, 60, 65)
(1, 31, 54, 84)
(31, 38, 47, 54)
(33, 40, 45, 52)
(11, 39, 46, 74)
(1, 13, 72, 84)
(13, 26, 59, 72)
(25, 32, 53, 60)
(8, 34, 51, 77)
(2, 7, 78, 83)
(3, 16, 69, 82)
(18, 38, 47, 67)
(11, 30, 55, 74)
(22, 36, 49, 63)
(16, 36, 49, 69)
(39, 41, 44, 46)
(12, 20, 65, 73)
(2, 6, 79, 83)
(2, 23, 62, 83)
(9, 29, 56, 76)
(19, 20, 65, 66)
(27, 36, 49, 58)
(6, 11, 74, 79)
(9, 28, 57, 76)
(1, 10, 75, 84)
(34, 37, 48, 51)
(19, 26, 59, 66)
(5, 20, 65, 80)
(6, 32, 53, 79)
(13, 30, 55, 72)
(22, 30, 55, 63)
(14, 30, 55, 71)
(3, 22, 63, 82)
(28, 37, 48, 57)
(36, 40, 45, 49)
(22, 34, 51, 63)
(3, 34, 51, 82)
(11, 19, 66, 74)
(24, 33, 52, 61)
(16, 32, 53, 69)
(23, 41, 44, 62)
(14, 26, 59, 71)
(10, 37, 48, 75)
(3, 42, 43, 82)
(7, 8, 77, 78)
(16, 31, 54, 69)
(14, 37, 48, 71)
(7, 35, 50, 78)
(27, 37, 48, 58)
(12, 14, 71, 73)
(8, 20, 65, 77)
(1, 37, 48, 84)
(19, 35, 50, 66)
(14, 23, 62, 71)
(20, 23, 62, 65)
(6, 42, 43, 79)
(2, 41, 44, 83)
(22, 42, 43, 63)
(7, 21, 64, 78)
(18, 42, 43, 67)
(26, 39, 46, 59)
(8, 27, 58, 77)
(13, 39, 46, 72)
(5, 14, 71, 80)
(6, 18, 67, 79)
(14, 42, 43, 71)
(11, 41, 44, 74)
(26, 40, 45, 59)
(24, 42, 43, 61)
(31, 40, 45, 54)
(3, 23, 62, 82)
(27, 41, 44, 58)
(10, 36, 49, 75)
(20, 36, 49, 65)
(9, 20, 65, 76)
(16, 41, 44, 69)
(31, 41, 44, 54)
(3, 28, 57, 82)
(5, 19, 66, 80)
(5, 30, 55, 80)
(12, 21, 64, 73)
(37, 38, 47, 48)
(15, 22, 63, 70)
(4, 7, 78, 81)
(6, 10, 75, 79)
(13, 27, 58, 72)
(12, 31, 54, 73)
(15, 30, 55, 70)
(9, 22, 63, 76)
(30, 32, 53, 55)
(6, 9, 76, 79)
(5, 31, 54, 80)
(11, 12, 73, 74)
(22, 35, 50, 63)
(7, 28, 57, 78)
(1, 28, 57, 84)
(4, 8, 77, 81)
(23, 34, 51, 62)
(24, 29, 56, 61)
(14, 25, 60, 71)
(11, 37, 48, 74)
(13, 23, 62, 72)
(25, 38, 47, 60)
(26, 41, 44, 59)
(5, 26, 59, 80)
(12, 24, 61, 73)
(1, 27, 58, 84)
(18, 32, 53, 67)
(19, 27, 58, 66)
(2, 34, 51, 83)
(11, 33, 52, 74)
(32, 34, 51, 53)
(23, 32, 53, 62)
(26, 31, 54, 59)
(24, 35, 50, 61)
(13, 21, 64, 72)
(36, 38, 47, 49)
(24, 30, 55, 61)
(29, 39, 46, 56)
(1, 4, 81, 84)
(21, 26, 59, 64)
(1, 22, 63, 84)
(41, 42, 43, 44)
(24, 34, 51, 61)
(10, 21, 64, 75)
(18, 30, 55, 67)
(19, 30, 55, 66)
(1, 23, 62, 84)
(28, 36, 49, 57)
(7, 32, 53, 78)
(26, 35, 50, 59)
(31, 32, 53, 54)
(16, 35, 50, 69)
(7, 19, 66, 78)
(17, 23, 62, 68)
(29, 32, 53, 56)
(12, 23, 62, 73)
(6, 16, 69, 79)
(23, 26, 59, 62)
(30, 38, 47, 55)
(32, 38, 47, 53)
(25, 29, 56, 60)
(38, 42, 43, 47)
(20, 39, 46, 65)
(3, 25, 60, 82)
(13, 42, 43, 72)
(21, 33, 52, 64)
(15, 41, 44, 70)
(3, 27, 58, 82)
(27, 38, 47, 58)
(15, 27, 58, 70)
(10, 23, 62, 75)
(6, 13, 72, 79)
(20, 33, 52, 65)
(5, 27, 58, 80)
(6, 35, 50, 79)
(2, 22, 63, 83)
(3, 19, 66, 82)
(19, 40, 45, 66)
(13, 29, 56, 72)
(4, 35, 50, 81)
(8, 29, 56, 77)
(5, 42, 43, 80)
(8, 35, 50, 77)
(1, 36, 49, 84)
(7, 26, 59, 78)
(15, 18, 67, 70)
(2, 28, 57, 83)
(5, 35, 50, 80)
(2, 27, 58, 83)
(23, 27, 58, 62)
(4, 26, 59, 81)
(12, 28, 57, 73)
(9, 27, 58, 76)
(17, 41, 44, 68)
(28, 30, 55, 57)
(29, 42, 43, 56)
(15, 34, 51, 70)
(17, 39, 46, 68)
(32, 33, 52, 53)
(26, 33, 52, 59)
(4, 12, 73, 81)
(15, 29, 56, 70)
(9, 11, 74, 76)
(20, 24, 61, 65)
(10, 32, 53, 75)
(11, 17, 68, 74)
(6, 27, 58, 79)
(10, 11, 74, 75)
(19, 28, 57, 66)
(7, 22, 63, 78)
(2, 3, 82, 83)
(15, 37, 48, 70)
(23, 33, 52, 62)
(28, 42, 43, 57)
(3, 20, 65, 82)
(23, 29, 56, 62)
(23, 30, 55, 62)
(2, 18, 67, 83)
(16, 19, 66, 69)
(26, 38, 47, 59)
(5, 17, 68, 80)
(6, 7, 78, 79)
(5, 22, 63, 80)
(4, 39, 46, 81)
(5, 36, 49, 80)
(14, 27, 58, 71)
(9, 13, 72, 76)
(9, 33, 52, 76)
(13, 37, 48, 72)
(11, 15, 70, 74)
(22, 41, 44, 63)
(1, 41, 44, 84)
(15, 39, 46, 70)
(4, 16, 69, 81)
(10, 33, 52, 75)
(24, 40, 45, 61)
(31, 34, 51, 54)
(8, 15, 70, 77)
(14, 20, 65, 71)
(14, 22, 63, 71)
(20, 30, 55, 65)
(12, 36, 49, 73)
(16, 22, 63, 69)
(23, 40, 45, 62)
(27, 30, 55, 58)
(18, 21, 64, 67)
(15, 35, 50, 70)
(14, 16, 69, 71)
(19, 41, 44, 66)
(34, 38, 47, 51)
(20, 41, 44, 65)
(14, 15, 70, 71)
(5, 32, 53, 80)
(2, 5, 80, 83)
(11, 14, 71, 74)
(18, 19, 66, 67)
(23, 36, 49, 62)
(18, 37, 48, 67)
(25, 40, 45, 60)
(25, 36, 49, 60)
(7, 29, 56, 78)
(9, 17, 68, 76)
(1, 33, 52, 84)
(21, 28, 57, 64)
(9, 25, 60, 76)
(22, 40, 45, 63)
(5, 29, 56, 80)
(4, 10, 75, 81)
(2, 4, 81, 83)
(27, 31, 54, 58)
(24, 36, 49, 61)
(28, 32, 53, 57)
(3, 15, 70, 82)
(2, 30, 55, 83)
(8, 32, 53, 77)
(22, 24, 61, 63)
(9, 18, 67, 76)
(9, 35, 50, 76)
(6, 8, 77, 79)
(14, 18, 67, 71)
(20, 42, 43, 65)
(27, 35, 50, 58)
(9, 24, 61, 76)
(2, 21, 64, 83)
(2, 31, 54, 83)
(4, 37, 48, 81)
(6, 19, 66, 79)
(6, 12, 73, 79)
(3, 24, 61, 82)
(39, 40, 45, 46)
(2, 37, 48, 83)
(27, 33, 52, 58)
(6, 33, 52, 79)
(16, 37, 48, 69)
(25, 30, 55, 60)
(24, 26, 59, 61)
(12, 29, 56, 73)
(33, 41, 44, 52)
(25, 26, 59, 60)
(4, 6, 79, 81)
(14, 29, 56, 71)
(17, 29, 56, 68)
(5, 25, 60, 80)
(8, 18, 67, 77)
(15, 40, 45, 70)
(29, 41, 44, 56)
(10, 13, 72, 75)
(8, 11, 74, 77)
(20, 26, 59, 65)
(5, 34, 51, 80)
(18, 31, 54, 67)
(16, 17, 68, 69)
(32, 41, 44, 53)
(26, 42, 43, 59)
(13, 19, 66, 72)
(5, 6, 79, 80)
(15, 32, 53, 70)
(16, 20, 65, 69)
(10, 27, 58, 75)
(17, 38, 47, 68)
(5, 24, 61, 80)
(4, 13, 72, 81)
(10, 39, 46, 75)
(9, 23, 62, 76)
(7, 14, 71, 78)
(36, 42, 43, 49)
(9, 34, 51, 76)
(24, 25, 60, 61)
(6, 39, 46, 79)
(17, 40, 45, 68)
(3, 8, 77, 82)
(8, 37, 48, 77)
(5, 33, 52, 80)
(2, 8, 77, 83)
(8, 16, 69, 77)
(8, 21, 64, 77)
(10, 25, 60, 75)
(19, 31, 54, 66)
(7, 31, 54, 78)
(12, 25, 60, 73)
(2, 33, 52, 83)
(8, 22, 63, 77)
(14, 38, 47, 71)
(2, 40, 45, 83)
(25, 33, 52, 60)
(6, 17, 68, 79)
(12, 18, 67, 73)
(37, 42, 43, 48)
(4, 23, 62, 81)
(11, 24, 61, 74)
(3, 33, 52, 82)
(5, 12, 73, 80)
(11, 16, 69, 74)
(35, 40, 45, 50)
(26, 30, 55, 59)
(3, 32, 53, 82)
(11, 18, 67, 74)
(19, 39, 46, 66)
(19, 38, 47, 66)
(23, 35, 50, 62)
(4, 38, 47, 81)
(9, 12, 73, 76)
(33, 37, 48, 52)
(13, 31, 54, 72)
(1, 24, 61, 84)
(8, 24, 61, 77)
(21, 22, 63, 64)
(24, 28, 57, 61)
(29, 36, 49, 56)
(15, 20, 65, 70)
(15, 36, 49, 70)
(33, 35, 50, 52)
(23, 25, 60, 62)
(23, 24, 61, 62)
(29, 34, 51, 56)
(10, 38, 47, 75)
(10, 29, 56, 75)
(14, 21, 64, 71)
(21, 27, 58, 64)
(4, 33, 52, 81)
(6, 28, 57, 79)
(14, 35, 50, 71)
(12, 37, 48, 73)
(32, 36, 49, 53)
(13, 41, 44, 72)
(3, 36, 49, 82)
(2, 38, 47, 83)
(20, 35, 50, 65)
(3, 17, 68, 82)
(4, 21, 64, 81)
(6, 37, 48, 79)
(8, 12, 73, 77)
(5, 16, 69, 80)
(17, 19, 66, 68)
(1, 38, 47, 84)
(11, 26, 59, 74)
(33, 42, 43, 52)
(15, 17, 68, 70)
(8, 41, 44, 77)
(8, 36, 49, 77)
(7, 27, 58, 78)
(29, 33, 52, 56)
(7, 39, 46, 78)
(6, 24, 61, 79)
(38, 41, 44, 47)
(4, 25, 60, 81)
(10, 30, 55, 75)
(28, 38, 47, 57)
(37, 40, 45, 48)
(18, 25, 60, 67)
(31, 39, 46, 54)
(37, 41, 44, 48)
(14, 19, 66, 71)
(3, 26, 59, 82)
(8, 13, 72, 77)
(22, 39, 46, 63)
(13, 22, 63, 72)
(15, 38, 47, 70)
(33, 38, 47, 52)
(3, 37, 48, 82)
(19, 21, 64, 66)
(18, 26, 59, 67)
(9, 42, 43, 76)
(11, 22, 63, 74)
(21, 29, 56, 64)
(24, 37, 48, 61)
(1, 16, 69, 84)
(7, 34, 51, 78)
(16, 28, 57, 69)
(27, 39, 46, 58)
(21, 42, 43, 64)
(17, 22, 63, 68)
(22, 23, 62, 63)
(12, 17, 68, 73)
(8, 40, 45, 77)
(22, 33, 52, 63)
(21, 30, 55, 64)
(3, 29, 56, 82)
(13, 28, 57, 72)
(11, 13, 72, 74)
(11, 20, 65, 74)
(30, 36, 49, 55)
(1, 32, 53, 84)
(34, 39, 46, 51)
(1, 42, 43, 84)
(16, 26, 59, 69)
(17, 31, 54, 68)
(30, 33, 52, 55)
(8, 19, 66, 77)
(16, 42, 43, 69)
(34, 42, 43, 51)
(13, 40, 45, 72)
(1, 6, 79, 84)
(14, 28, 57, 71)
(13, 14, 71, 72)
(23, 39, 46, 62)
(25, 39, 46, 60)
(20, 34, 51, 65)
(35, 42, 43, 50)
(4, 30, 55, 81)
(15, 26, 59, 70)
(3, 21, 64, 82)
(5, 28, 57, 80)
(20, 40, 45, 65)
(4, 31, 54, 81)
(21, 34, 51, 64)
(8, 33, 52, 77)
(5, 7, 78, 80)
(16, 27, 58, 69)
(14, 31, 54, 71)
(2, 26, 59, 83)
(25, 37, 48, 60)
(6, 22, 63, 79)
(15, 19, 66, 70)
(4, 18, 67, 81)
(6, 20, 65, 79)
(4, 32, 53, 81)
(1, 17, 68, 84)
(6, 34, 51, 79)
(34, 36, 49, 51)
(17, 20, 65, 68)
(20, 32, 53, 65)
(13, 16, 69, 72)
(8, 17, 68, 77)
(17, 26, 59, 68)
(6, 40, 45, 79)
(12, 13, 72, 73)
(5, 38, 47, 80)
(12, 15, 70, 73)
(20, 29, 56, 65)
(25, 27, 58, 60)
(16, 34, 51, 69)
(27, 40, 45, 58)
(14, 33, 52, 71)
(1, 9, 76, 84)
(22, 27, 58, 63)
(10, 20, 65, 75)
(5, 9, 76, 80)
(28, 29, 56, 57)
(20, 27, 58, 65)
(9, 14, 71, 76)
(9, 16, 69, 76)
(10, 17, 68, 75)
(30, 41, 44, 55)
(18, 39, 46, 67)
(1, 8, 77, 84)
(7, 41, 44, 78)
(8, 14, 71, 77)
(20, 28, 57, 65)
(8, 42, 43, 77)
(9, 15, 70, 76)
(35, 41, 44, 50)
(4, 36, 49, 81)
(12, 22, 63, 73)
(19, 25, 60, 66)
(18, 23, 62, 67)
(28, 41, 44, 57)
(30, 35, 50, 55)
(6, 29, 56, 79)
(40, 42, 43, 45)
(9, 41, 44, 76)
(3, 31, 54, 82)
(5, 23, 62, 80)
(1, 12, 73, 84)
(21, 39, 46, 64)
(37, 39, 46, 48)
(2, 12, 73, 83)
(2, 29, 56, 83)
(11, 35, 50, 74)
(14, 39, 46, 71)
(16, 29, 56, 69)
(9, 32, 53, 76)
(3, 9, 76, 82)
(14, 41, 44, 71)
(19, 33, 52, 66)
(14, 36, 49, 71)
(4, 27, 58, 81)
(15, 21, 64, 70)
(4, 14, 71, 81)
(26, 28, 57, 59)
(21, 23, 62, 64)
(35, 37, 48, 50)
(1, 26, 59, 84)
(3, 41, 44, 82)
(1, 14, 71, 84)
(12, 16, 69, 73)
(29, 38, 47, 56)
(22, 32, 53, 63)
(9, 30, 55, 76)
(27, 32, 53, 58)
(24, 41, 44, 61)
(8, 23, 62, 77)
(10, 41, 44, 75)
(33, 34, 51, 52)
(8, 30, 55, 77)
(26, 37, 48, 59)
(24, 38, 47, 61)
(9, 37, 48, 76)
(10, 22, 63, 75)
(17, 42, 43, 68)
(16, 24, 61, 69)
(13, 15, 70, 72)
(31, 37, 48, 54)
(12, 33, 52, 73)
(7, 30, 55, 78)
(5, 39, 46, 80)
(13, 36, 49, 72)
(13, 24, 61, 72)
(21, 41, 44, 64)
(1, 34, 51, 84)
(2, 10, 75, 83)
(12, 30, 55, 73)
(4, 5, 80, 81)
(16, 23, 62, 69)
(15, 28, 57, 70)
(11, 27, 58, 74)
(3, 14, 71, 82)
(28, 40, 45, 57)
(18, 27, 58, 67)
(1, 18, 67, 84)
(3, 30, 55, 82)
(2, 11, 74, 83)
(14, 40, 45, 71)
(19, 32, 53, 66)
(11, 28, 57, 74)
(23, 31, 54, 62)
(19, 37, 48, 66)
(15, 24, 61, 70)
(6, 15, 70, 79)
(24, 31, 54, 61)
(2, 20, 65, 83)
(29, 37, 48, 56)
(4, 20, 65, 81)
(4, 42, 43, 81)
(7, 10, 75, 78)
(15, 42, 43, 70)
(19, 42, 43, 66)
(21, 40, 45, 64)
(3, 13, 72, 82)
(3, 5, 80, 82)
(4, 15, 70, 81)
(1, 5, 80, 84)
(1, 30, 55, 84)
(17, 28, 57, 68)
(35, 36, 49, 50)
(5, 21, 64, 80)
(30, 42, 43, 55)
(10, 35, 50, 75)
(6, 36, 49, 79)
(2, 35, 50, 83)
(36, 37, 48, 49)
(38, 40, 45, 47)
(12, 35, 50, 73)
(26, 29, 56, 59)
(11, 42, 43, 74)
(7, 18, 67, 78)
(6, 14, 71, 79)
(9, 38, 47, 76)
(34, 41, 44, 51)
(15, 23, 62, 70)
(17, 37, 48, 68)
(18, 22, 63, 67)
(20, 37, 48, 65)
(12, 39, 46, 73)
(2, 16, 69, 83)
(12, 38, 47, 73)
(3, 38, 47, 82)
(24, 39, 46, 61)
(1, 3, 82, 84)
(18, 33, 52, 67)
(3, 40, 45, 82)
(5, 11, 74, 80)
(1, 40, 45, 84)
(4, 17, 68, 81)
(13, 25, 60, 72)
(3, 39, 46, 82)
(31, 36, 49, 54)
(35, 38, 47, 50)
(10, 16, 69, 75)
(11, 25, 60, 74)
(1, 29, 56, 84)
(24, 27, 58, 61)
(2, 9, 76, 83)
(10, 19, 66, 75)
(7, 20, 65, 78)
(32, 42, 43, 53)
(22, 37, 48, 63)
(5, 13, 72, 80)
(13, 18, 67, 72)
(36, 41, 44, 49)
(1, 2, 83, 84)
(4, 11, 74, 81)
(25, 42, 43, 60)
(14, 32, 53, 71)
(9, 31, 54, 76)
(20, 31, 54, 65)
(7, 33, 52, 78)
(27, 28, 57, 58)
(22, 28, 57, 63)
(31, 35, 50, 54)
(28, 34, 51, 57)
(17, 30, 55, 68)
(19, 23, 62, 66)
(6, 31, 54, 79)
(26, 34, 51, 59)
(28, 39, 46, 57)
(14, 34, 51, 71)
(23, 38, 47, 62)
(16, 25, 60, 69)
(13, 17, 68, 72)
(18, 24, 61, 67)
(7, 17, 68, 78)
(9, 40, 45, 76)
(3, 35, 50, 82)
(16, 21, 64, 69)
(11, 34, 51, 74)
(7, 13, 72, 78)
(20, 22, 63, 65)
(29, 30, 55, 56)
(4, 29, 56, 81)
(7, 12, 73, 78)
(10, 12, 73, 75)
(17, 18, 67, 68)
(12, 26, 59, 73)
(18, 36, 49, 67)
(2, 15, 70, 83)
(23, 28, 57, 62)
(19, 22, 63, 66)
(10, 24, 61, 75)
(18, 29, 56, 67)
(13, 35, 50, 72)
(6, 21, 64, 79)
(6, 30, 55, 79)
(4, 24, 61, 81)
(3, 4, 81, 82)
(19, 24, 61, 66)
(36, 39, 46, 49)
(16, 38, 47, 69)
(8, 25, 60, 77)
(4, 40, 45, 81)
(29, 35, 50, 56)
(27, 42, 43, 58)
(11, 29, 56, 74)
(1, 25, 60, 84)
(7, 36, 49, 78)
(6, 41, 44, 79)
(11, 38, 47, 74)
(15, 16, 69, 70)
(9, 36, 49, 76)
(30, 39, 46, 55)
(18, 28, 57, 67)
(28, 33, 52, 57)
(25, 31, 54, 60)
(5, 18, 67, 80)
(4, 34, 51, 81)
(15, 25, 60, 70)
(3, 11, 74, 82)
(19, 29, 56, 66)
(13, 34, 51, 72)
(18, 34, 51, 67)
(4, 41, 44, 81)
(25, 28, 57, 60)
(34, 35, 50, 51)
(10, 18, 67, 75)
(2, 19, 66, 83)
(6, 25, 60, 79)
(4, 19, 66, 81)
(7, 42, 43, 78)
(21, 38, 47, 64)
(32, 37, 48, 53)
(21, 24, 61, 64)
(21, 36, 49, 64)
(28, 35, 50, 57)
(26, 27, 58, 59)
(39, 42, 43, 46)
(4, 22, 63, 81)
(17, 32, 53, 68)
(5, 37, 48, 80)
(7, 11, 74, 78)
(1, 7, 78, 84)
(28, 31, 54, 57)
(29, 31, 54, 56)
(27, 29, 56, 58)
(24, 32, 53, 61)
(9, 10, 75, 76)
(30, 34, 51, 55)
(7, 24, 61, 78)
(34, 40, 45, 51)
(2, 14, 71, 83)
(10, 34, 51, 75)
(20, 21, 64, 65)
(10, 40, 45, 75)
(7, 38, 47, 78)
(12, 19, 66, 73)
(32, 35, 50, 53)
(22, 25, 60, 63)
(26, 36, 49, 59)
(11, 21, 64, 74)
(7, 16, 69, 78)
(2, 42, 43, 83)
(16, 39, 46, 69)
(10, 28, 57, 75)
(7, 23, 62, 78)
(2, 39, 46, 83)
(11, 31, 54, 74)
(7, 25, 60, 78)
(12, 40, 45, 73)
(17, 35, 50, 68)
(11, 36, 49, 74)
(7, 9, 76, 78)
(12, 41, 44, 73)
(19, 34, 51, 66)
(13, 38, 47, 72)
(4, 9, 76, 81)
(10, 26, 59, 75)
(23, 37, 48, 62)
(2, 17, 68, 83)
(15, 33, 52, 70)
(2, 13, 72, 83)
(30, 31, 54, 55)
(33, 39, 46, 52)
(8, 31, 54, 77)
(38, 39, 46, 47)
(4, 28, 57, 81)
(17, 33, 52, 68)
(17, 36, 49, 68)
(22, 29, 56, 63)
(31, 33, 52, 54)
(35, 39, 46, 50)
(32, 40, 45, 53)
(6, 26, 59, 79)
(17, 24, 61, 68)
(1, 11, 74, 84)
(13, 20, 65, 72)
}

Print some_are_pairs (contains 0 tuples): {
}

Print none_are_pairs (contains 0 tuples): {
}

Print indecomposable (contains 0 tuples): {
}

Print decomposable but no pairs (contains 0 tuples): {
}

Print exceptional cycles (contains 0 tuples): {
}

method validate_set_V(85, 2) ran to completion.
