Running method validate_set_V(m = 21, d = 8) and generating using halves:

Summary:
given m = 21, d = 8
Calculations took 0 days, 0 hours, 0 minutes, 0 seconds, 5 miliseconds, 93 microseconds, 500 nanoseconds.
Z/mZ:  [0, 1, 2, 3, 4, 5, 6, 7, 8, 9, 10, 11, 12, 13, 14, 15, 16, 17, 18, 19, 20]
Z/mZ*: [16, 1, 17, 2, 19, 4, 20, 5, 8, 10, 11, 13]
All ascending & non-repeating tuple (size 16) combinations possible for the U set: 4845
                      V set: contains 63 tuples
          all_are_pairs set: contains 45 tuples
         some_are_pairs set: contains 18 tuples
         none_are_pairs set: contains 0 tuples
         indecomposable set: contains 0 tuples
decomposable & no pairs set: contains 0 tuples
     exceptional_cycles set: contains 18 tuples

Print V set (contains 63 tuples): {
(1, 2, 3, 4, 5, 6, 7, 8, 13, 14, 15, 16, 17, 18, 19, 20)
(1, 2, 3, 4, 5, 6, 7, 9, 12, 14, 15, 16, 17, 18, 19, 20)
(1, 2, 3, 4, 5, 6, 7, 10, 11, 14, 15, 16, 17, 18, 19, 20)
(1, 2, 3, 4, 5, 6, 8, 9, 12, 13, 15, 16, 17, 18, 19, 20)
(1, 2, 3, 4, 5, 6, 8, 10, 11, 13, 15, 16, 17, 18, 19, 20)
(1, 2, 3, 4, 5, 6, 9, 10, 11, 12, 15, 16, 17, 18, 19, 20)
(1, 2, 3, 4, 5, 7, 8, 9, 12, 13, 14, 16, 17, 18, 19, 20)
(1, 2, 3, 4, 5, 7, 8, 10, 11, 13, 14, 16, 17, 18, 19, 20)
(1, 2, 3, 4, 5, 7, 9, 10, 11, 12, 14, 16, 17, 18, 19, 20)
(1, 2, 3, 4, 5, 8, 9, 10, 11, 12, 13, 16, 17, 18, 19, 20)
(1, 2, 3, 4, 6, 7, 8, 9, 12, 13, 14, 15, 17, 18, 19, 20)
(1, 2, 3, 4, 6, 7, 8, 10, 11, 13, 14, 15, 17, 18, 19, 20)
(1, 2, 3, 4, 6, 7, 9, 10, 11, 12, 14, 15, 17, 18, 19, 20)
(1, 2, 3, 4, 6, 7, 9, 10, 11, 13, 14, 15, 16, 18, 19, 20)
(1, 2, 3, 4, 6, 7, 9, 10, 12, 13, 14, 15, 16, 17, 19, 20)
(1, 2, 3, 4, 6, 8, 9, 10, 11, 12, 13, 15, 17, 18, 19, 20)
(1, 2, 3, 4, 7, 8, 9, 10, 11, 12, 13, 14, 17, 18, 19, 20)
(1, 2, 3, 4, 7, 8, 9, 10, 11, 13, 14, 15, 16, 17, 18, 20)
(1, 2, 3, 4, 7, 8, 9, 10, 12, 13, 14, 15, 16, 17, 18, 19)
(1, 2, 3, 5, 6, 7, 8, 9, 12, 13, 14, 15, 16, 18, 19, 20)
(1, 2, 3, 5, 6, 7, 8, 10, 11, 12, 14, 15, 17, 18, 19, 20)
(1, 2, 3, 5, 6, 7, 8, 10, 11, 13, 14, 15, 16, 18, 19, 20)
(1, 2, 3, 5, 6, 7, 8, 10, 12, 13, 14, 15, 16, 17, 19, 20)
(1, 2, 3, 5, 6, 7, 9, 10, 11, 12, 14, 15, 16, 18, 19, 20)
(1, 2, 3, 5, 6, 8, 9, 10, 11, 12, 13, 15, 16, 18, 19, 20)
(1, 2, 3, 5, 7, 8, 9, 10, 11, 12, 13, 14, 16, 18, 19, 20)
(1, 2, 3, 5, 7, 8, 9, 10, 11, 12, 14, 15, 16, 17, 18, 20)
(1, 2, 3, 6, 7, 8, 9, 10, 11, 12, 13, 14, 15, 18, 19, 20)
(1, 2, 4, 5, 6, 7, 8, 9, 11, 12, 14, 15, 17, 18, 19, 20)
(1, 2, 4, 5, 6, 7, 8, 9, 11, 13, 14, 15, 16, 18, 19, 20)
(1, 2, 4, 5, 6, 7, 8, 9, 12, 13, 14, 15, 16, 17, 19, 20)
(1, 2, 4, 5, 6, 7, 8, 10, 11, 13, 14, 15, 16, 17, 19, 20)
(1, 2, 4, 5, 6, 7, 9, 10, 11, 12, 14, 15, 16, 17, 19, 20)
(1, 2, 4, 5, 6, 8, 9, 10, 11, 12, 13, 15, 16, 17, 19, 20)
(1, 2, 4, 5, 7, 8, 9, 10, 11, 12, 13, 14, 16, 17, 19, 20)
(1, 2, 4, 5, 7, 8, 9, 10, 11, 12, 14, 15, 16, 17, 18, 19)
(1, 2, 4, 6, 7, 8, 9, 10, 11, 12, 13, 14, 15, 17, 19, 20)
(1, 2, 5, 6, 7, 8, 9, 10, 11, 12, 13, 14, 15, 16, 19, 20)
(1, 3, 4, 5, 6, 7, 8, 9, 12, 13, 14, 15, 16, 17, 18, 20)
(1, 3, 4, 5, 6, 7, 8, 10, 11, 12, 13, 14, 17, 18, 19, 20)
(1, 3, 4, 5, 6, 7, 8, 10, 11, 13, 14, 15, 16, 17, 18, 20)
(1, 3, 4, 5, 6, 7, 8, 10, 12, 13, 14, 15, 16, 17, 18, 19)
(1, 3, 4, 5, 6, 7, 9, 10, 11, 12, 13, 14, 16, 18, 19, 20)
(1, 3, 4, 5, 6, 7, 9, 10, 11, 12, 14, 15, 16, 17, 18, 20)
(1, 3, 4, 5, 6, 8, 9, 10, 11, 12, 13, 15, 16, 17, 18, 20)
(1, 3, 4, 5, 7, 8, 9, 10, 11, 12, 13, 14, 16, 17, 18, 20)
(1, 3, 4, 6, 7, 8, 9, 10, 11, 12, 13, 14, 15, 17, 18, 20)
(1, 3, 5, 6, 7, 8, 9, 10, 11, 12, 13, 14, 15, 16, 18, 20)
(1, 4, 5, 6, 7, 8, 9, 10, 11, 12, 13, 14, 15, 16, 17, 20)
(1, 4, 5, 6, 7, 8, 9, 10, 11, 12, 13, 14, 15, 16, 18, 19)
(2, 3, 4, 5, 6, 7, 8, 9, 11, 12, 13, 14, 17, 18, 19, 20)
(2, 3, 4, 5, 6, 7, 8, 9, 11, 13, 14, 15, 16, 17, 18, 20)
(2, 3, 4, 5, 6, 7, 8, 9, 12, 13, 14, 15, 16, 17, 18, 19)
(2, 3, 4, 5, 6, 7, 8, 10, 11, 13, 14, 15, 16, 17, 18, 19)
(2, 3, 4, 5, 6, 7, 9, 10, 11, 12, 13, 14, 16, 17, 19, 20)
(2, 3, 4, 5, 6, 7, 9, 10, 11, 12, 14, 15, 16, 17, 18, 19)
(2, 3, 4, 5, 6, 8, 9, 10, 11, 12, 13, 15, 16, 17, 18, 19)
(2, 3, 4, 5, 7, 8, 9, 10, 11, 12, 13, 14, 16, 17, 18, 19)
(2, 3, 4, 6, 7, 8, 9, 10, 11, 12, 13, 14, 15, 17, 18, 19)
(2, 3, 5, 6, 7, 8, 9, 10, 11, 12, 13, 14, 15, 16, 17, 20)
(2, 3, 5, 6, 7, 8, 9, 10, 11, 12, 13, 14, 15, 16, 18, 19)
(2, 4, 5, 6, 7, 8, 9, 10, 11, 12, 13, 14, 15, 16, 17, 19)
(3, 4, 5, 6, 7, 8, 9, 10, 11, 12, 13, 14, 15, 16, 17, 18)
}

Print all_are_pairs (contains 45 tuples): {
(1, 2, 3, 4, 5, 7, 8, 9, 12, 13, 14, 16, 17, 18, 19, 20)
(1, 2, 3, 4, 6, 7, 9, 10, 11, 12, 14, 15, 17, 18, 19, 20)
(1, 2, 3, 5, 6, 7, 9, 10, 11, 12, 14, 15, 16, 18, 19, 20)
(1, 3, 4, 5, 6, 7, 8, 10, 11, 13, 14, 15, 16, 17, 18, 20)
(1, 3, 4, 5, 6, 7, 9, 10, 11, 12, 14, 15, 16, 17, 18, 20)
(1, 2, 3, 4, 6, 8, 9, 10, 11, 12, 13, 15, 17, 18, 19, 20)
(1, 2, 4, 5, 6, 8, 9, 10, 11, 12, 13, 15, 16, 17, 19, 20)
(1, 2, 3, 4, 5, 6, 7, 8, 13, 14, 15, 16, 17, 18, 19, 20)
(1, 2, 3, 5, 6, 7, 8, 9, 12, 13, 14, 15, 16, 18, 19, 20)
(2, 3, 5, 6, 7, 8, 9, 10, 11, 12, 13, 14, 15, 16, 18, 19)
(1, 2, 3, 4, 5, 6, 8, 9, 12, 13, 15, 16, 17, 18, 19, 20)
(1, 2, 4, 5, 6, 7, 8, 9, 12, 13, 14, 15, 16, 17, 19, 20)
(1, 3, 4, 5, 6, 8, 9, 10, 11, 12, 13, 15, 16, 17, 18, 20)
(1, 2, 3, 4, 6, 7, 8, 9, 12, 13, 14, 15, 17, 18, 19, 20)
(1, 2, 3, 4, 7, 8, 9, 10, 11, 12, 13, 14, 17, 18, 19, 20)
(2, 4, 5, 6, 7, 8, 9, 10, 11, 12, 13, 14, 15, 16, 17, 19)
(2, 3, 4, 5, 6, 7, 8, 10, 11, 13, 14, 15, 16, 17, 18, 19)
(2, 3, 4, 5, 7, 8, 9, 10, 11, 12, 13, 14, 16, 17, 18, 19)
(1, 3, 4, 5, 7, 8, 9, 10, 11, 12, 13, 14, 16, 17, 18, 20)
(1, 2, 4, 6, 7, 8, 9, 10, 11, 12, 13, 14, 15, 17, 19, 20)
(1, 2, 3, 5, 6, 8, 9, 10, 11, 12, 13, 15, 16, 18, 19, 20)
(3, 4, 5, 6, 7, 8, 9, 10, 11, 12, 13, 14, 15, 16, 17, 18)
(2, 3, 4, 5, 6, 7, 8, 9, 12, 13, 14, 15, 16, 17, 18, 19)
(1, 2, 3, 4, 5, 6, 9, 10, 11, 12, 15, 16, 17, 18, 19, 20)
(1, 2, 3, 6, 7, 8, 9, 10, 11, 12, 13, 14, 15, 18, 19, 20)
(1, 3, 4, 6, 7, 8, 9, 10, 11, 12, 13, 14, 15, 17, 18, 20)
(1, 2, 4, 5, 6, 7, 8, 10, 11, 13, 14, 15, 16, 17, 19, 20)
(1, 2, 4, 5, 7, 8, 9, 10, 11, 12, 13, 14, 16, 17, 19, 20)
(2, 3, 4, 6, 7, 8, 9, 10, 11, 12, 13, 14, 15, 17, 18, 19)
(1, 2, 3, 4, 5, 6, 7, 9, 12, 14, 15, 16, 17, 18, 19, 20)
(1, 2, 5, 6, 7, 8, 9, 10, 11, 12, 13, 14, 15, 16, 19, 20)
(1, 2, 3, 5, 7, 8, 9, 10, 11, 12, 13, 14, 16, 18, 19, 20)
(1, 2, 3, 5, 6, 7, 8, 10, 11, 13, 14, 15, 16, 18, 19, 20)
(1, 2, 3, 4, 5, 6, 7, 10, 11, 14, 15, 16, 17, 18, 19, 20)
(1, 3, 5, 6, 7, 8, 9, 10, 11, 12, 13, 14, 15, 16, 18, 20)
(2, 3, 4, 5, 6, 8, 9, 10, 11, 12, 13, 15, 16, 17, 18, 19)
(1, 3, 4, 5, 6, 7, 8, 9, 12, 13, 14, 15, 16, 17, 18, 20)
(1, 4, 5, 6, 7, 8, 9, 10, 11, 12, 13, 14, 15, 16, 17, 20)
(1, 2, 3, 4, 6, 7, 8, 10, 11, 13, 14, 15, 17, 18, 19, 20)
(1, 2, 3, 4, 5, 8, 9, 10, 11, 12, 13, 16, 17, 18, 19, 20)
(2, 3, 4, 5, 6, 7, 9, 10, 11, 12, 14, 15, 16, 17, 18, 19)
(1, 2, 4, 5, 6, 7, 9, 10, 11, 12, 14, 15, 16, 17, 19, 20)
(1, 2, 3, 4, 5, 7, 8, 10, 11, 13, 14, 16, 17, 18, 19, 20)
(1, 2, 3, 4, 5, 6, 8, 10, 11, 13, 15, 16, 17, 18, 19, 20)
(1, 2, 3, 4, 5, 7, 9, 10, 11, 12, 14, 16, 17, 18, 19, 20)
}

Print some_are_pairs (contains 18 tuples): {
(2, 3, 4, 5, 6, 7, 9, 10, 11, 12, 13, 14, 16, 17, 19, 20)
(1, 2, 3, 5, 7, 8, 9, 10, 11, 12, 14, 15, 16, 17, 18, 20)
(1, 2, 3, 5, 6, 7, 8, 10, 12, 13, 14, 15, 16, 17, 19, 20)
(1, 3, 4, 5, 6, 7, 9, 10, 11, 12, 13, 14, 16, 18, 19, 20)
(1, 3, 4, 5, 6, 7, 8, 10, 12, 13, 14, 15, 16, 17, 18, 19)
(1, 4, 5, 6, 7, 8, 9, 10, 11, 12, 13, 14, 15, 16, 18, 19)
(1, 2, 3, 4, 6, 7, 9, 10, 11, 13, 14, 15, 16, 18, 19, 20)
(2, 3, 4, 5, 6, 7, 8, 9, 11, 12, 13, 14, 17, 18, 19, 20)
(1, 3, 4, 5, 6, 7, 8, 10, 11, 12, 13, 14, 17, 18, 19, 20)
(1, 2, 3, 4, 7, 8, 9, 10, 12, 13, 14, 15, 16, 17, 18, 19)
(1, 2, 3, 4, 6, 7, 9, 10, 12, 13, 14, 15, 16, 17, 19, 20)
(2, 3, 4, 5, 6, 7, 8, 9, 11, 13, 14, 15, 16, 17, 18, 20)
(1, 2, 3, 4, 7, 8, 9, 10, 11, 13, 14, 15, 16, 17, 18, 20)
(1, 2, 4, 5, 7, 8, 9, 10, 11, 12, 14, 15, 16, 17, 18, 19)
(1, 2, 4, 5, 6, 7, 8, 9, 11, 13, 14, 15, 16, 18, 19, 20)
(2, 3, 5, 6, 7, 8, 9, 10, 11, 12, 13, 14, 15, 16, 17, 20)
(1, 2, 3, 5, 6, 7, 8, 10, 11, 12, 14, 15, 17, 18, 19, 20)
(1, 2, 4, 5, 6, 7, 8, 9, 11, 12, 14, 15, 17, 18, 19, 20)
}

Print none_are_pairs (contains 0 tuples): {
}

Print indecomposable (contains 0 tuples): {
}

Print decomposable but no pairs (contains 0 tuples): {
}

Print exceptional cycles (contains 18 tuples): {
(2, 3, 4, 5, 6, 7, 9, 10, 11, 12, 13, 14, 16, 17, 19, 20)
(1, 2, 3, 5, 7, 8, 9, 10, 11, 12, 14, 15, 16, 17, 18, 20)
(1, 2, 3, 5, 6, 7, 8, 10, 12, 13, 14, 15, 16, 17, 19, 20)
(1, 3, 4, 5, 6, 7, 9, 10, 11, 12, 13, 14, 16, 18, 19, 20)
(1, 3, 4, 5, 6, 7, 8, 10, 12, 13, 14, 15, 16, 17, 18, 19)
(1, 4, 5, 6, 7, 8, 9, 10, 11, 12, 13, 14, 15, 16, 18, 19)
(1, 2, 3, 4, 6, 7, 9, 10, 11, 13, 14, 15, 16, 18, 19, 20)
(2, 3, 4, 5, 6, 7, 8, 9, 11, 12, 13, 14, 17, 18, 19, 20)
(1, 3, 4, 5, 6, 7, 8, 10, 11, 12, 13, 14, 17, 18, 19, 20)
(1, 2, 3, 4, 7, 8, 9, 10, 12, 13, 14, 15, 16, 17, 18, 19)
(1, 2, 3, 4, 6, 7, 9, 10, 12, 13, 14, 15, 16, 17, 19, 20)
(2, 3, 4, 5, 6, 7, 8, 9, 11, 13, 14, 15, 16, 17, 18, 20)
(1, 2, 3, 4, 7, 8, 9, 10, 11, 13, 14, 15, 16, 17, 18, 20)
(1, 2, 4, 5, 7, 8, 9, 10, 11, 12, 14, 15, 16, 17, 18, 19)
(1, 2, 4, 5, 6, 7, 8, 9, 11, 13, 14, 15, 16, 18, 19, 20)
(2, 3, 5, 6, 7, 8, 9, 10, 11, 12, 13, 14, 15, 16, 17, 20)
(1, 2, 3, 5, 6, 7, 8, 10, 11, 12, 14, 15, 17, 18, 19, 20)
(1, 2, 4, 5, 6, 7, 8, 9, 11, 12, 14, 15, 17, 18, 19, 20)
}

method validate_set_V(21, 8) ran to completion.
