For m = 121 and d = 2
These are integers in the z mod m z star set for m = 121
 [1, 2, 3, 4, 5, 6, 7, 8, 9, 10, 12, 13, 14, 15, 16, 17, 18, 19, 20, 21, 23, 24, 25, 26, 27, 28, 29, 30, 31, 32, 34, 35, 36, 37, 38, 39, 40, 41, 42, 43, 45, 46, 47, 48, 49, 50, 51, 52, 53, 54, 56, 57, 58, 59, 60, 61, 62, 63, 64, 65, 67, 68, 69, 70, 71, 72, 73, 74, 75, 76, 78, 79, 80, 81, 82, 83, 84, 85, 86, 87, 89, 90, 91, 92, 93, 94, 95, 96, 97, 98, 100, 101, 102, 103, 104, 105, 106, 107, 108, 109, 111, 112, 113, 114, 115, 116, 117, 118, 119, 120]
The number of tuple(s) in the V set is: 1770
The number of tuple(s) in the E set is: 0
The number of tuple(s) with no pairs is: 0
The number of indecomposable tuple(s) is: 0

The tuples in the V set are:
(1, 2, 119, 120)
(1, 3, 118, 120)
(1, 4, 117, 120)
(1, 5, 116, 120)
(1, 6, 115, 120)
(1, 7, 114, 120)
(1, 8, 113, 120)
(1, 9, 112, 120)
(1, 10, 111, 120)
(1, 11, 110, 120)
(1, 12, 109, 120)
(1, 13, 108, 120)
(1, 14, 107, 120)
(1, 15, 106, 120)
(1, 16, 105, 120)
(1, 17, 104, 120)
(1, 18, 103, 120)
(1, 19, 102, 120)
(1, 20, 101, 120)
(1, 21, 100, 120)
(1, 22, 99, 120)
(1, 23, 98, 120)
(1, 24, 97, 120)
(1, 25, 96, 120)
(1, 26, 95, 120)
(1, 27, 94, 120)
(1, 28, 93, 120)
(1, 29, 92, 120)
(1, 30, 91, 120)
(1, 31, 90, 120)
(1, 32, 89, 120)
(1, 33, 88, 120)
(1, 34, 87, 120)
(1, 35, 86, 120)
(1, 36, 85, 120)
(1, 37, 84, 120)
(1, 38, 83, 120)
(1, 39, 82, 120)
(1, 40, 81, 120)
(1, 41, 80, 120)
(1, 42, 79, 120)
(1, 43, 78, 120)
(1, 44, 77, 120)
(1, 45, 76, 120)
(1, 46, 75, 120)
(1, 47, 74, 120)
(1, 48, 73, 120)
(1, 49, 72, 120)
(1, 50, 71, 120)
(1, 51, 70, 120)
(1, 52, 69, 120)
(1, 53, 68, 120)
(1, 54, 67, 120)
(1, 55, 66, 120)
(1, 56, 65, 120)
(1, 57, 64, 120)
(1, 58, 63, 120)
(1, 59, 62, 120)
(1, 60, 61, 120)
(2, 3, 118, 119)
(2, 4, 117, 119)
(2, 5, 116, 119)
(2, 6, 115, 119)
(2, 7, 114, 119)
(2, 8, 113, 119)
(2, 9, 112, 119)
(2, 10, 111, 119)
(2, 11, 110, 119)
(2, 12, 109, 119)
(2, 13, 108, 119)
(2, 14, 107, 119)
(2, 15, 106, 119)
(2, 16, 105, 119)
(2, 17, 104, 119)
(2, 18, 103, 119)
(2, 19, 102, 119)
(2, 20, 101, 119)
(2, 21, 100, 119)
(2, 22, 99, 119)
(2, 23, 98, 119)
(2, 24, 97, 119)
(2, 25, 96, 119)
(2, 26, 95, 119)
(2, 27, 94, 119)
(2, 28, 93, 119)
(2, 29, 92, 119)
(2, 30, 91, 119)
(2, 31, 90, 119)
(2, 32, 89, 119)
(2, 33, 88, 119)
(2, 34, 87, 119)
(2, 35, 86, 119)
(2, 36, 85, 119)
(2, 37, 84, 119)
(2, 38, 83, 119)
(2, 39, 82, 119)
(2, 40, 81, 119)
(2, 41, 80, 119)
(2, 42, 79, 119)
(2, 43, 78, 119)
(2, 44, 77, 119)
(2, 45, 76, 119)
(2, 46, 75, 119)
(2, 47, 74, 119)
(2, 48, 73, 119)
(2, 49, 72, 119)
(2, 50, 71, 119)
(2, 51, 70, 119)
(2, 52, 69, 119)
(2, 53, 68, 119)
(2, 54, 67, 119)
(2, 55, 66, 119)
(2, 56, 65, 119)
(2, 57, 64, 119)
(2, 58, 63, 119)
(2, 59, 62, 119)
(2, 60, 61, 119)
(3, 4, 117, 118)
(3, 5, 116, 118)
(3, 6, 115, 118)
(3, 7, 114, 118)
(3, 8, 113, 118)
(3, 9, 112, 118)
(3, 10, 111, 118)
(3, 11, 110, 118)
(3, 12, 109, 118)
(3, 13, 108, 118)
(3, 14, 107, 118)
(3, 15, 106, 118)
(3, 16, 105, 118)
(3, 17, 104, 118)
(3, 18, 103, 118)
(3, 19, 102, 118)
(3, 20, 101, 118)
(3, 21, 100, 118)
(3, 22, 99, 118)
(3, 23, 98, 118)
(3, 24, 97, 118)
(3, 25, 96, 118)
(3, 26, 95, 118)
(3, 27, 94, 118)
(3, 28, 93, 118)
(3, 29, 92, 118)
(3, 30, 91, 118)
(3, 31, 90, 118)
(3, 32, 89, 118)
(3, 33, 88, 118)
(3, 34, 87, 118)
(3, 35, 86, 118)
(3, 36, 85, 118)
(3, 37, 84, 118)
(3, 38, 83, 118)
(3, 39, 82, 118)
(3, 40, 81, 118)
(3, 41, 80, 118)
(3, 42, 79, 118)
(3, 43, 78, 118)
(3, 44, 77, 118)
(3, 45, 76, 118)
(3, 46, 75, 118)
(3, 47, 74, 118)
(3, 48, 73, 118)
(3, 49, 72, 118)
(3, 50, 71, 118)
(3, 51, 70, 118)
(3, 52, 69, 118)
(3, 53, 68, 118)
(3, 54, 67, 118)
(3, 55, 66, 118)
(3, 56, 65, 118)
(3, 57, 64, 118)
(3, 58, 63, 118)
(3, 59, 62, 118)
(3, 60, 61, 118)
(4, 5, 116, 117)
(4, 6, 115, 117)
(4, 7, 114, 117)
(4, 8, 113, 117)
(4, 9, 112, 117)
(4, 10, 111, 117)
(4, 11, 110, 117)
(4, 12, 109, 117)
(4, 13, 108, 117)
(4, 14, 107, 117)
(4, 15, 106, 117)
(4, 16, 105, 117)
(4, 17, 104, 117)
(4, 18, 103, 117)
(4, 19, 102, 117)
(4, 20, 101, 117)
(4, 21, 100, 117)
(4, 22, 99, 117)
(4, 23, 98, 117)
(4, 24, 97, 117)
(4, 25, 96, 117)
(4, 26, 95, 117)
(4, 27, 94, 117)
(4, 28, 93, 117)
(4, 29, 92, 117)
(4, 30, 91, 117)
(4, 31, 90, 117)
(4, 32, 89, 117)
(4, 33, 88, 117)
(4, 34, 87, 117)
(4, 35, 86, 117)
(4, 36, 85, 117)
(4, 37, 84, 117)
(4, 38, 83, 117)
(4, 39, 82, 117)
(4, 40, 81, 117)
(4, 41, 80, 117)
(4, 42, 79, 117)
(4, 43, 78, 117)
(4, 44, 77, 117)
(4, 45, 76, 117)
(4, 46, 75, 117)
(4, 47, 74, 117)
(4, 48, 73, 117)
(4, 49, 72, 117)
(4, 50, 71, 117)
(4, 51, 70, 117)
(4, 52, 69, 117)
(4, 53, 68, 117)
(4, 54, 67, 117)
(4, 55, 66, 117)
(4, 56, 65, 117)
(4, 57, 64, 117)
(4, 58, 63, 117)
(4, 59, 62, 117)
(4, 60, 61, 117)
(5, 6, 115, 116)
(5, 7, 114, 116)
(5, 8, 113, 116)
(5, 9, 112, 116)
(5, 10, 111, 116)
(5, 11, 110, 116)
(5, 12, 109, 116)
(5, 13, 108, 116)
(5, 14, 107, 116)
(5, 15, 106, 116)
(5, 16, 105, 116)
(5, 17, 104, 116)
(5, 18, 103, 116)
(5, 19, 102, 116)
(5, 20, 101, 116)
(5, 21, 100, 116)
(5, 22, 99, 116)
(5, 23, 98, 116)
(5, 24, 97, 116)
(5, 25, 96, 116)
(5, 26, 95, 116)
(5, 27, 94, 116)
(5, 28, 93, 116)
(5, 29, 92, 116)
(5, 30, 91, 116)
(5, 31, 90, 116)
(5, 32, 89, 116)
(5, 33, 88, 116)
(5, 34, 87, 116)
(5, 35, 86, 116)
(5, 36, 85, 116)
(5, 37, 84, 116)
(5, 38, 83, 116)
(5, 39, 82, 116)
(5, 40, 81, 116)
(5, 41, 80, 116)
(5, 42, 79, 116)
(5, 43, 78, 116)
(5, 44, 77, 116)
(5, 45, 76, 116)
(5, 46, 75, 116)
(5, 47, 74, 116)
(5, 48, 73, 116)
(5, 49, 72, 116)
(5, 50, 71, 116)
(5, 51, 70, 116)
(5, 52, 69, 116)
(5, 53, 68, 116)
(5, 54, 67, 116)
(5, 55, 66, 116)
(5, 56, 65, 116)
(5, 57, 64, 116)
(5, 58, 63, 116)
(5, 59, 62, 116)
(5, 60, 61, 116)
(6, 7, 114, 115)
(6, 8, 113, 115)
(6, 9, 112, 115)
(6, 10, 111, 115)
(6, 11, 110, 115)
(6, 12, 109, 115)
(6, 13, 108, 115)
(6, 14, 107, 115)
(6, 15, 106, 115)
(6, 16, 105, 115)
(6, 17, 104, 115)
(6, 18, 103, 115)
(6, 19, 102, 115)
(6, 20, 101, 115)
(6, 21, 100, 115)
(6, 22, 99, 115)
(6, 23, 98, 115)
(6, 24, 97, 115)
(6, 25, 96, 115)
(6, 26, 95, 115)
(6, 27, 94, 115)
(6, 28, 93, 115)
(6, 29, 92, 115)
(6, 30, 91, 115)
(6, 31, 90, 115)
(6, 32, 89, 115)
(6, 33, 88, 115)
(6, 34, 87, 115)
(6, 35, 86, 115)
(6, 36, 85, 115)
(6, 37, 84, 115)
(6, 38, 83, 115)
(6, 39, 82, 115)
(6, 40, 81, 115)
(6, 41, 80, 115)
(6, 42, 79, 115)
(6, 43, 78, 115)
(6, 44, 77, 115)
(6, 45, 76, 115)
(6, 46, 75, 115)
(6, 47, 74, 115)
(6, 48, 73, 115)
(6, 49, 72, 115)
(6, 50, 71, 115)
(6, 51, 70, 115)
(6, 52, 69, 115)
(6, 53, 68, 115)
(6, 54, 67, 115)
(6, 55, 66, 115)
(6, 56, 65, 115)
(6, 57, 64, 115)
(6, 58, 63, 115)
(6, 59, 62, 115)
(6, 60, 61, 115)
(7, 8, 113, 114)
(7, 9, 112, 114)
(7, 10, 111, 114)
(7, 11, 110, 114)
(7, 12, 109, 114)
(7, 13, 108, 114)
(7, 14, 107, 114)
(7, 15, 106, 114)
(7, 16, 105, 114)
(7, 17, 104, 114)
(7, 18, 103, 114)
(7, 19, 102, 114)
(7, 20, 101, 114)
(7, 21, 100, 114)
(7, 22, 99, 114)
(7, 23, 98, 114)
(7, 24, 97, 114)
(7, 25, 96, 114)
(7, 26, 95, 114)
(7, 27, 94, 114)
(7, 28, 93, 114)
(7, 29, 92, 114)
(7, 30, 91, 114)
(7, 31, 90, 114)
(7, 32, 89, 114)
(7, 33, 88, 114)
(7, 34, 87, 114)
(7, 35, 86, 114)
(7, 36, 85, 114)
(7, 37, 84, 114)
(7, 38, 83, 114)
(7, 39, 82, 114)
(7, 40, 81, 114)
(7, 41, 80, 114)
(7, 42, 79, 114)
(7, 43, 78, 114)
(7, 44, 77, 114)
(7, 45, 76, 114)
(7, 46, 75, 114)
(7, 47, 74, 114)
(7, 48, 73, 114)
(7, 49, 72, 114)
(7, 50, 71, 114)
(7, 51, 70, 114)
(7, 52, 69, 114)
(7, 53, 68, 114)
(7, 54, 67, 114)
(7, 55, 66, 114)
(7, 56, 65, 114)
(7, 57, 64, 114)
(7, 58, 63, 114)
(7, 59, 62, 114)
(7, 60, 61, 114)
(8, 9, 112, 113)
(8, 10, 111, 113)
(8, 11, 110, 113)
(8, 12, 109, 113)
(8, 13, 108, 113)
(8, 14, 107, 113)
(8, 15, 106, 113)
(8, 16, 105, 113)
(8, 17, 104, 113)
(8, 18, 103, 113)
(8, 19, 102, 113)
(8, 20, 101, 113)
(8, 21, 100, 113)
(8, 22, 99, 113)
(8, 23, 98, 113)
(8, 24, 97, 113)
(8, 25, 96, 113)
(8, 26, 95, 113)
(8, 27, 94, 113)
(8, 28, 93, 113)
(8, 29, 92, 113)
(8, 30, 91, 113)
(8, 31, 90, 113)
(8, 32, 89, 113)
(8, 33, 88, 113)
(8, 34, 87, 113)
(8, 35, 86, 113)
(8, 36, 85, 113)
(8, 37, 84, 113)
(8, 38, 83, 113)
(8, 39, 82, 113)
(8, 40, 81, 113)
(8, 41, 80, 113)
(8, 42, 79, 113)
(8, 43, 78, 113)
(8, 44, 77, 113)
(8, 45, 76, 113)
(8, 46, 75, 113)
(8, 47, 74, 113)
(8, 48, 73, 113)
(8, 49, 72, 113)
(8, 50, 71, 113)
(8, 51, 70, 113)
(8, 52, 69, 113)
(8, 53, 68, 113)
(8, 54, 67, 113)
(8, 55, 66, 113)
(8, 56, 65, 113)
(8, 57, 64, 113)
(8, 58, 63, 113)
(8, 59, 62, 113)
(8, 60, 61, 113)
(9, 10, 111, 112)
(9, 11, 110, 112)
(9, 12, 109, 112)
(9, 13, 108, 112)
(9, 14, 107, 112)
(9, 15, 106, 112)
(9, 16, 105, 112)
(9, 17, 104, 112)
(9, 18, 103, 112)
(9, 19, 102, 112)
(9, 20, 101, 112)
(9, 21, 100, 112)
(9, 22, 99, 112)
(9, 23, 98, 112)
(9, 24, 97, 112)
(9, 25, 96, 112)
(9, 26, 95, 112)
(9, 27, 94, 112)
(9, 28, 93, 112)
(9, 29, 92, 112)
(9, 30, 91, 112)
(9, 31, 90, 112)
(9, 32, 89, 112)
(9, 33, 88, 112)
(9, 34, 87, 112)
(9, 35, 86, 112)
(9, 36, 85, 112)
(9, 37, 84, 112)
(9, 38, 83, 112)
(9, 39, 82, 112)
(9, 40, 81, 112)
(9, 41, 80, 112)
(9, 42, 79, 112)
(9, 43, 78, 112)
(9, 44, 77, 112)
(9, 45, 76, 112)
(9, 46, 75, 112)
(9, 47, 74, 112)
(9, 48, 73, 112)
(9, 49, 72, 112)
(9, 50, 71, 112)
(9, 51, 70, 112)
(9, 52, 69, 112)
(9, 53, 68, 112)
(9, 54, 67, 112)
(9, 55, 66, 112)
(9, 56, 65, 112)
(9, 57, 64, 112)
(9, 58, 63, 112)
(9, 59, 62, 112)
(9, 60, 61, 112)
(10, 11, 110, 111)
(10, 12, 109, 111)
(10, 13, 108, 111)
(10, 14, 107, 111)
(10, 15, 106, 111)
(10, 16, 105, 111)
(10, 17, 104, 111)
(10, 18, 103, 111)
(10, 19, 102, 111)
(10, 20, 101, 111)
(10, 21, 100, 111)
(10, 22, 99, 111)
(10, 23, 98, 111)
(10, 24, 97, 111)
(10, 25, 96, 111)
(10, 26, 95, 111)
(10, 27, 94, 111)
(10, 28, 93, 111)
(10, 29, 92, 111)
(10, 30, 91, 111)
(10, 31, 90, 111)
(10, 32, 89, 111)
(10, 33, 88, 111)
(10, 34, 87, 111)
(10, 35, 86, 111)
(10, 36, 85, 111)
(10, 37, 84, 111)
(10, 38, 83, 111)
(10, 39, 82, 111)
(10, 40, 81, 111)
(10, 41, 80, 111)
(10, 42, 79, 111)
(10, 43, 78, 111)
(10, 44, 77, 111)
(10, 45, 76, 111)
(10, 46, 75, 111)
(10, 47, 74, 111)
(10, 48, 73, 111)
(10, 49, 72, 111)
(10, 50, 71, 111)
(10, 51, 70, 111)
(10, 52, 69, 111)
(10, 53, 68, 111)
(10, 54, 67, 111)
(10, 55, 66, 111)
(10, 56, 65, 111)
(10, 57, 64, 111)
(10, 58, 63, 111)
(10, 59, 62, 111)
(10, 60, 61, 111)
(11, 12, 109, 110)
(11, 13, 108, 110)
(11, 14, 107, 110)
(11, 15, 106, 110)
(11, 16, 105, 110)
(11, 17, 104, 110)
(11, 18, 103, 110)
(11, 19, 102, 110)
(11, 20, 101, 110)
(11, 21, 100, 110)
(11, 22, 99, 110)
(11, 23, 98, 110)
(11, 24, 97, 110)
(11, 25, 96, 110)
(11, 26, 95, 110)
(11, 27, 94, 110)
(11, 28, 93, 110)
(11, 29, 92, 110)
(11, 30, 91, 110)
(11, 31, 90, 110)
(11, 32, 89, 110)
(11, 33, 88, 110)
(11, 34, 87, 110)
(11, 35, 86, 110)
(11, 36, 85, 110)
(11, 37, 84, 110)
(11, 38, 83, 110)
(11, 39, 82, 110)
(11, 40, 81, 110)
(11, 41, 80, 110)
(11, 42, 79, 110)
(11, 43, 78, 110)
(11, 44, 77, 110)
(11, 45, 76, 110)
(11, 46, 75, 110)
(11, 47, 74, 110)
(11, 48, 73, 110)
(11, 49, 72, 110)
(11, 50, 71, 110)
(11, 51, 70, 110)
(11, 52, 69, 110)
(11, 53, 68, 110)
(11, 54, 67, 110)
(11, 55, 66, 110)
(11, 56, 65, 110)
(11, 57, 64, 110)
(11, 58, 63, 110)
(11, 59, 62, 110)
(11, 60, 61, 110)
(12, 13, 108, 109)
(12, 14, 107, 109)
(12, 15, 106, 109)
(12, 16, 105, 109)
(12, 17, 104, 109)
(12, 18, 103, 109)
(12, 19, 102, 109)
(12, 20, 101, 109)
(12, 21, 100, 109)
(12, 22, 99, 109)
(12, 23, 98, 109)
(12, 24, 97, 109)
(12, 25, 96, 109)
(12, 26, 95, 109)
(12, 27, 94, 109)
(12, 28, 93, 109)
(12, 29, 92, 109)
(12, 30, 91, 109)
(12, 31, 90, 109)
(12, 32, 89, 109)
(12, 33, 88, 109)
(12, 34, 87, 109)
(12, 35, 86, 109)
(12, 36, 85, 109)
(12, 37, 84, 109)
(12, 38, 83, 109)
(12, 39, 82, 109)
(12, 40, 81, 109)
(12, 41, 80, 109)
(12, 42, 79, 109)
(12, 43, 78, 109)
(12, 44, 77, 109)
(12, 45, 76, 109)
(12, 46, 75, 109)
(12, 47, 74, 109)
(12, 48, 73, 109)
(12, 49, 72, 109)
(12, 50, 71, 109)
(12, 51, 70, 109)
(12, 52, 69, 109)
(12, 53, 68, 109)
(12, 54, 67, 109)
(12, 55, 66, 109)
(12, 56, 65, 109)
(12, 57, 64, 109)
(12, 58, 63, 109)
(12, 59, 62, 109)
(12, 60, 61, 109)
(13, 14, 107, 108)
(13, 15, 106, 108)
(13, 16, 105, 108)
(13, 17, 104, 108)
(13, 18, 103, 108)
(13, 19, 102, 108)
(13, 20, 101, 108)
(13, 21, 100, 108)
(13, 22, 99, 108)
(13, 23, 98, 108)
(13, 24, 97, 108)
(13, 25, 96, 108)
(13, 26, 95, 108)
(13, 27, 94, 108)
(13, 28, 93, 108)
(13, 29, 92, 108)
(13, 30, 91, 108)
(13, 31, 90, 108)
(13, 32, 89, 108)
(13, 33, 88, 108)
(13, 34, 87, 108)
(13, 35, 86, 108)
(13, 36, 85, 108)
(13, 37, 84, 108)
(13, 38, 83, 108)
(13, 39, 82, 108)
(13, 40, 81, 108)
(13, 41, 80, 108)
(13, 42, 79, 108)
(13, 43, 78, 108)
(13, 44, 77, 108)
(13, 45, 76, 108)
(13, 46, 75, 108)
(13, 47, 74, 108)
(13, 48, 73, 108)
(13, 49, 72, 108)
(13, 50, 71, 108)
(13, 51, 70, 108)
(13, 52, 69, 108)
(13, 53, 68, 108)
(13, 54, 67, 108)
(13, 55, 66, 108)
(13, 56, 65, 108)
(13, 57, 64, 108)
(13, 58, 63, 108)
(13, 59, 62, 108)
(13, 60, 61, 108)
(14, 15, 106, 107)
(14, 16, 105, 107)
(14, 17, 104, 107)
(14, 18, 103, 107)
(14, 19, 102, 107)
(14, 20, 101, 107)
(14, 21, 100, 107)
(14, 22, 99, 107)
(14, 23, 98, 107)
(14, 24, 97, 107)
(14, 25, 96, 107)
(14, 26, 95, 107)
(14, 27, 94, 107)
(14, 28, 93, 107)
(14, 29, 92, 107)
(14, 30, 91, 107)
(14, 31, 90, 107)
(14, 32, 89, 107)
(14, 33, 88, 107)
(14, 34, 87, 107)
(14, 35, 86, 107)
(14, 36, 85, 107)
(14, 37, 84, 107)
(14, 38, 83, 107)
(14, 39, 82, 107)
(14, 40, 81, 107)
(14, 41, 80, 107)
(14, 42, 79, 107)
(14, 43, 78, 107)
(14, 44, 77, 107)
(14, 45, 76, 107)
(14, 46, 75, 107)
(14, 47, 74, 107)
(14, 48, 73, 107)
(14, 49, 72, 107)
(14, 50, 71, 107)
(14, 51, 70, 107)
(14, 52, 69, 107)
(14, 53, 68, 107)
(14, 54, 67, 107)
(14, 55, 66, 107)
(14, 56, 65, 107)
(14, 57, 64, 107)
(14, 58, 63, 107)
(14, 59, 62, 107)
(14, 60, 61, 107)
(15, 16, 105, 106)
(15, 17, 104, 106)
(15, 18, 103, 106)
(15, 19, 102, 106)
(15, 20, 101, 106)
(15, 21, 100, 106)
(15, 22, 99, 106)
(15, 23, 98, 106)
(15, 24, 97, 106)
(15, 25, 96, 106)
(15, 26, 95, 106)
(15, 27, 94, 106)
(15, 28, 93, 106)
(15, 29, 92, 106)
(15, 30, 91, 106)
(15, 31, 90, 106)
(15, 32, 89, 106)
(15, 33, 88, 106)
(15, 34, 87, 106)
(15, 35, 86, 106)
(15, 36, 85, 106)
(15, 37, 84, 106)
(15, 38, 83, 106)
(15, 39, 82, 106)
(15, 40, 81, 106)
(15, 41, 80, 106)
(15, 42, 79, 106)
(15, 43, 78, 106)
(15, 44, 77, 106)
(15, 45, 76, 106)
(15, 46, 75, 106)
(15, 47, 74, 106)
(15, 48, 73, 106)
(15, 49, 72, 106)
(15, 50, 71, 106)
(15, 51, 70, 106)
(15, 52, 69, 106)
(15, 53, 68, 106)
(15, 54, 67, 106)
(15, 55, 66, 106)
(15, 56, 65, 106)
(15, 57, 64, 106)
(15, 58, 63, 106)
(15, 59, 62, 106)
(15, 60, 61, 106)
(16, 17, 104, 105)
(16, 18, 103, 105)
(16, 19, 102, 105)
(16, 20, 101, 105)
(16, 21, 100, 105)
(16, 22, 99, 105)
(16, 23, 98, 105)
(16, 24, 97, 105)
(16, 25, 96, 105)
(16, 26, 95, 105)
(16, 27, 94, 105)
(16, 28, 93, 105)
(16, 29, 92, 105)
(16, 30, 91, 105)
(16, 31, 90, 105)
(16, 32, 89, 105)
(16, 33, 88, 105)
(16, 34, 87, 105)
(16, 35, 86, 105)
(16, 36, 85, 105)
(16, 37, 84, 105)
(16, 38, 83, 105)
(16, 39, 82, 105)
(16, 40, 81, 105)
(16, 41, 80, 105)
(16, 42, 79, 105)
(16, 43, 78, 105)
(16, 44, 77, 105)
(16, 45, 76, 105)
(16, 46, 75, 105)
(16, 47, 74, 105)
(16, 48, 73, 105)
(16, 49, 72, 105)
(16, 50, 71, 105)
(16, 51, 70, 105)
(16, 52, 69, 105)
(16, 53, 68, 105)
(16, 54, 67, 105)
(16, 55, 66, 105)
(16, 56, 65, 105)
(16, 57, 64, 105)
(16, 58, 63, 105)
(16, 59, 62, 105)
(16, 60, 61, 105)
(17, 18, 103, 104)
(17, 19, 102, 104)
(17, 20, 101, 104)
(17, 21, 100, 104)
(17, 22, 99, 104)
(17, 23, 98, 104)
(17, 24, 97, 104)
(17, 25, 96, 104)
(17, 26, 95, 104)
(17, 27, 94, 104)
(17, 28, 93, 104)
(17, 29, 92, 104)
(17, 30, 91, 104)
(17, 31, 90, 104)
(17, 32, 89, 104)
(17, 33, 88, 104)
(17, 34, 87, 104)
(17, 35, 86, 104)
(17, 36, 85, 104)
(17, 37, 84, 104)
(17, 38, 83, 104)
(17, 39, 82, 104)
(17, 40, 81, 104)
(17, 41, 80, 104)
(17, 42, 79, 104)
(17, 43, 78, 104)
(17, 44, 77, 104)
(17, 45, 76, 104)
(17, 46, 75, 104)
(17, 47, 74, 104)
(17, 48, 73, 104)
(17, 49, 72, 104)
(17, 50, 71, 104)
(17, 51, 70, 104)
(17, 52, 69, 104)
(17, 53, 68, 104)
(17, 54, 67, 104)
(17, 55, 66, 104)
(17, 56, 65, 104)
(17, 57, 64, 104)
(17, 58, 63, 104)
(17, 59, 62, 104)
(17, 60, 61, 104)
(18, 19, 102, 103)
(18, 20, 101, 103)
(18, 21, 100, 103)
(18, 22, 99, 103)
(18, 23, 98, 103)
(18, 24, 97, 103)
(18, 25, 96, 103)
(18, 26, 95, 103)
(18, 27, 94, 103)
(18, 28, 93, 103)
(18, 29, 92, 103)
(18, 30, 91, 103)
(18, 31, 90, 103)
(18, 32, 89, 103)
(18, 33, 88, 103)
(18, 34, 87, 103)
(18, 35, 86, 103)
(18, 36, 85, 103)
(18, 37, 84, 103)
(18, 38, 83, 103)
(18, 39, 82, 103)
(18, 40, 81, 103)
(18, 41, 80, 103)
(18, 42, 79, 103)
(18, 43, 78, 103)
(18, 44, 77, 103)
(18, 45, 76, 103)
(18, 46, 75, 103)
(18, 47, 74, 103)
(18, 48, 73, 103)
(18, 49, 72, 103)
(18, 50, 71, 103)
(18, 51, 70, 103)
(18, 52, 69, 103)
(18, 53, 68, 103)
(18, 54, 67, 103)
(18, 55, 66, 103)
(18, 56, 65, 103)
(18, 57, 64, 103)
(18, 58, 63, 103)
(18, 59, 62, 103)
(18, 60, 61, 103)
(19, 20, 101, 102)
(19, 21, 100, 102)
(19, 22, 99, 102)
(19, 23, 98, 102)
(19, 24, 97, 102)
(19, 25, 96, 102)
(19, 26, 95, 102)
(19, 27, 94, 102)
(19, 28, 93, 102)
(19, 29, 92, 102)
(19, 30, 91, 102)
(19, 31, 90, 102)
(19, 32, 89, 102)
(19, 33, 88, 102)
(19, 34, 87, 102)
(19, 35, 86, 102)
(19, 36, 85, 102)
(19, 37, 84, 102)
(19, 38, 83, 102)
(19, 39, 82, 102)
(19, 40, 81, 102)
(19, 41, 80, 102)
(19, 42, 79, 102)
(19, 43, 78, 102)
(19, 44, 77, 102)
(19, 45, 76, 102)
(19, 46, 75, 102)
(19, 47, 74, 102)
(19, 48, 73, 102)
(19, 49, 72, 102)
(19, 50, 71, 102)
(19, 51, 70, 102)
(19, 52, 69, 102)
(19, 53, 68, 102)
(19, 54, 67, 102)
(19, 55, 66, 102)
(19, 56, 65, 102)
(19, 57, 64, 102)
(19, 58, 63, 102)
(19, 59, 62, 102)
(19, 60, 61, 102)
(20, 21, 100, 101)
(20, 22, 99, 101)
(20, 23, 98, 101)
(20, 24, 97, 101)
(20, 25, 96, 101)
(20, 26, 95, 101)
(20, 27, 94, 101)
(20, 28, 93, 101)
(20, 29, 92, 101)
(20, 30, 91, 101)
(20, 31, 90, 101)
(20, 32, 89, 101)
(20, 33, 88, 101)
(20, 34, 87, 101)
(20, 35, 86, 101)
(20, 36, 85, 101)
(20, 37, 84, 101)
(20, 38, 83, 101)
(20, 39, 82, 101)
(20, 40, 81, 101)
(20, 41, 80, 101)
(20, 42, 79, 101)
(20, 43, 78, 101)
(20, 44, 77, 101)
(20, 45, 76, 101)
(20, 46, 75, 101)
(20, 47, 74, 101)
(20, 48, 73, 101)
(20, 49, 72, 101)
(20, 50, 71, 101)
(20, 51, 70, 101)
(20, 52, 69, 101)
(20, 53, 68, 101)
(20, 54, 67, 101)
(20, 55, 66, 101)
(20, 56, 65, 101)
(20, 57, 64, 101)
(20, 58, 63, 101)
(20, 59, 62, 101)
(20, 60, 61, 101)
(21, 22, 99, 100)
(21, 23, 98, 100)
(21, 24, 97, 100)
(21, 25, 96, 100)
(21, 26, 95, 100)
(21, 27, 94, 100)
(21, 28, 93, 100)
(21, 29, 92, 100)
(21, 30, 91, 100)
(21, 31, 90, 100)
(21, 32, 89, 100)
(21, 33, 88, 100)
(21, 34, 87, 100)
(21, 35, 86, 100)
(21, 36, 85, 100)
(21, 37, 84, 100)
(21, 38, 83, 100)
(21, 39, 82, 100)
(21, 40, 81, 100)
(21, 41, 80, 100)
(21, 42, 79, 100)
(21, 43, 78, 100)
(21, 44, 77, 100)
(21, 45, 76, 100)
(21, 46, 75, 100)
(21, 47, 74, 100)
(21, 48, 73, 100)
(21, 49, 72, 100)
(21, 50, 71, 100)
(21, 51, 70, 100)
(21, 52, 69, 100)
(21, 53, 68, 100)
(21, 54, 67, 100)
(21, 55, 66, 100)
(21, 56, 65, 100)
(21, 57, 64, 100)
(21, 58, 63, 100)
(21, 59, 62, 100)
(21, 60, 61, 100)
(22, 23, 98, 99)
(22, 24, 97, 99)
(22, 25, 96, 99)
(22, 26, 95, 99)
(22, 27, 94, 99)
(22, 28, 93, 99)
(22, 29, 92, 99)
(22, 30, 91, 99)
(22, 31, 90, 99)
(22, 32, 89, 99)
(22, 33, 88, 99)
(22, 34, 87, 99)
(22, 35, 86, 99)
(22, 36, 85, 99)
(22, 37, 84, 99)
(22, 38, 83, 99)
(22, 39, 82, 99)
(22, 40, 81, 99)
(22, 41, 80, 99)
(22, 42, 79, 99)
(22, 43, 78, 99)
(22, 44, 77, 99)
(22, 45, 76, 99)
(22, 46, 75, 99)
(22, 47, 74, 99)
(22, 48, 73, 99)
(22, 49, 72, 99)
(22, 50, 71, 99)
(22, 51, 70, 99)
(22, 52, 69, 99)
(22, 53, 68, 99)
(22, 54, 67, 99)
(22, 55, 66, 99)
(22, 56, 65, 99)
(22, 57, 64, 99)
(22, 58, 63, 99)
(22, 59, 62, 99)
(22, 60, 61, 99)
(23, 24, 97, 98)
(23, 25, 96, 98)
(23, 26, 95, 98)
(23, 27, 94, 98)
(23, 28, 93, 98)
(23, 29, 92, 98)
(23, 30, 91, 98)
(23, 31, 90, 98)
(23, 32, 89, 98)
(23, 33, 88, 98)
(23, 34, 87, 98)
(23, 35, 86, 98)
(23, 36, 85, 98)
(23, 37, 84, 98)
(23, 38, 83, 98)
(23, 39, 82, 98)
(23, 40, 81, 98)
(23, 41, 80, 98)
(23, 42, 79, 98)
(23, 43, 78, 98)
(23, 44, 77, 98)
(23, 45, 76, 98)
(23, 46, 75, 98)
(23, 47, 74, 98)
(23, 48, 73, 98)
(23, 49, 72, 98)
(23, 50, 71, 98)
(23, 51, 70, 98)
(23, 52, 69, 98)
(23, 53, 68, 98)
(23, 54, 67, 98)
(23, 55, 66, 98)
(23, 56, 65, 98)
(23, 57, 64, 98)
(23, 58, 63, 98)
(23, 59, 62, 98)
(23, 60, 61, 98)
(24, 25, 96, 97)
(24, 26, 95, 97)
(24, 27, 94, 97)
(24, 28, 93, 97)
(24, 29, 92, 97)
(24, 30, 91, 97)
(24, 31, 90, 97)
(24, 32, 89, 97)
(24, 33, 88, 97)
(24, 34, 87, 97)
(24, 35, 86, 97)
(24, 36, 85, 97)
(24, 37, 84, 97)
(24, 38, 83, 97)
(24, 39, 82, 97)
(24, 40, 81, 97)
(24, 41, 80, 97)
(24, 42, 79, 97)
(24, 43, 78, 97)
(24, 44, 77, 97)
(24, 45, 76, 97)
(24, 46, 75, 97)
(24, 47, 74, 97)
(24, 48, 73, 97)
(24, 49, 72, 97)
(24, 50, 71, 97)
(24, 51, 70, 97)
(24, 52, 69, 97)
(24, 53, 68, 97)
(24, 54, 67, 97)
(24, 55, 66, 97)
(24, 56, 65, 97)
(24, 57, 64, 97)
(24, 58, 63, 97)
(24, 59, 62, 97)
(24, 60, 61, 97)
(25, 26, 95, 96)
(25, 27, 94, 96)
(25, 28, 93, 96)
(25, 29, 92, 96)
(25, 30, 91, 96)
(25, 31, 90, 96)
(25, 32, 89, 96)
(25, 33, 88, 96)
(25, 34, 87, 96)
(25, 35, 86, 96)
(25, 36, 85, 96)
(25, 37, 84, 96)
(25, 38, 83, 96)
(25, 39, 82, 96)
(25, 40, 81, 96)
(25, 41, 80, 96)
(25, 42, 79, 96)
(25, 43, 78, 96)
(25, 44, 77, 96)
(25, 45, 76, 96)
(25, 46, 75, 96)
(25, 47, 74, 96)
(25, 48, 73, 96)
(25, 49, 72, 96)
(25, 50, 71, 96)
(25, 51, 70, 96)
(25, 52, 69, 96)
(25, 53, 68, 96)
(25, 54, 67, 96)
(25, 55, 66, 96)
(25, 56, 65, 96)
(25, 57, 64, 96)
(25, 58, 63, 96)
(25, 59, 62, 96)
(25, 60, 61, 96)
(26, 27, 94, 95)
(26, 28, 93, 95)
(26, 29, 92, 95)
(26, 30, 91, 95)
(26, 31, 90, 95)
(26, 32, 89, 95)
(26, 33, 88, 95)
(26, 34, 87, 95)
(26, 35, 86, 95)
(26, 36, 85, 95)
(26, 37, 84, 95)
(26, 38, 83, 95)
(26, 39, 82, 95)
(26, 40, 81, 95)
(26, 41, 80, 95)
(26, 42, 79, 95)
(26, 43, 78, 95)
(26, 44, 77, 95)
(26, 45, 76, 95)
(26, 46, 75, 95)
(26, 47, 74, 95)
(26, 48, 73, 95)
(26, 49, 72, 95)
(26, 50, 71, 95)
(26, 51, 70, 95)
(26, 52, 69, 95)
(26, 53, 68, 95)
(26, 54, 67, 95)
(26, 55, 66, 95)
(26, 56, 65, 95)
(26, 57, 64, 95)
(26, 58, 63, 95)
(26, 59, 62, 95)
(26, 60, 61, 95)
(27, 28, 93, 94)
(27, 29, 92, 94)
(27, 30, 91, 94)
(27, 31, 90, 94)
(27, 32, 89, 94)
(27, 33, 88, 94)
(27, 34, 87, 94)
(27, 35, 86, 94)
(27, 36, 85, 94)
(27, 37, 84, 94)
(27, 38, 83, 94)
(27, 39, 82, 94)
(27, 40, 81, 94)
(27, 41, 80, 94)
(27, 42, 79, 94)
(27, 43, 78, 94)
(27, 44, 77, 94)
(27, 45, 76, 94)
(27, 46, 75, 94)
(27, 47, 74, 94)
(27, 48, 73, 94)
(27, 49, 72, 94)
(27, 50, 71, 94)
(27, 51, 70, 94)
(27, 52, 69, 94)
(27, 53, 68, 94)
(27, 54, 67, 94)
(27, 55, 66, 94)
(27, 56, 65, 94)
(27, 57, 64, 94)
(27, 58, 63, 94)
(27, 59, 62, 94)
(27, 60, 61, 94)
(28, 29, 92, 93)
(28, 30, 91, 93)
(28, 31, 90, 93)
(28, 32, 89, 93)
(28, 33, 88, 93)
(28, 34, 87, 93)
(28, 35, 86, 93)
(28, 36, 85, 93)
(28, 37, 84, 93)
(28, 38, 83, 93)
(28, 39, 82, 93)
(28, 40, 81, 93)
(28, 41, 80, 93)
(28, 42, 79, 93)
(28, 43, 78, 93)
(28, 44, 77, 93)
(28, 45, 76, 93)
(28, 46, 75, 93)
(28, 47, 74, 93)
(28, 48, 73, 93)
(28, 49, 72, 93)
(28, 50, 71, 93)
(28, 51, 70, 93)
(28, 52, 69, 93)
(28, 53, 68, 93)
(28, 54, 67, 93)
(28, 55, 66, 93)
(28, 56, 65, 93)
(28, 57, 64, 93)
(28, 58, 63, 93)
(28, 59, 62, 93)
(28, 60, 61, 93)
(29, 30, 91, 92)
(29, 31, 90, 92)
(29, 32, 89, 92)
(29, 33, 88, 92)
(29, 34, 87, 92)
(29, 35, 86, 92)
(29, 36, 85, 92)
(29, 37, 84, 92)
(29, 38, 83, 92)
(29, 39, 82, 92)
(29, 40, 81, 92)
(29, 41, 80, 92)
(29, 42, 79, 92)
(29, 43, 78, 92)
(29, 44, 77, 92)
(29, 45, 76, 92)
(29, 46, 75, 92)
(29, 47, 74, 92)
(29, 48, 73, 92)
(29, 49, 72, 92)
(29, 50, 71, 92)
(29, 51, 70, 92)
(29, 52, 69, 92)
(29, 53, 68, 92)
(29, 54, 67, 92)
(29, 55, 66, 92)
(29, 56, 65, 92)
(29, 57, 64, 92)
(29, 58, 63, 92)
(29, 59, 62, 92)
(29, 60, 61, 92)
(30, 31, 90, 91)
(30, 32, 89, 91)
(30, 33, 88, 91)
(30, 34, 87, 91)
(30, 35, 86, 91)
(30, 36, 85, 91)
(30, 37, 84, 91)
(30, 38, 83, 91)
(30, 39, 82, 91)
(30, 40, 81, 91)
(30, 41, 80, 91)
(30, 42, 79, 91)
(30, 43, 78, 91)
(30, 44, 77, 91)
(30, 45, 76, 91)
(30, 46, 75, 91)
(30, 47, 74, 91)
(30, 48, 73, 91)
(30, 49, 72, 91)
(30, 50, 71, 91)
(30, 51, 70, 91)
(30, 52, 69, 91)
(30, 53, 68, 91)
(30, 54, 67, 91)
(30, 55, 66, 91)
(30, 56, 65, 91)
(30, 57, 64, 91)
(30, 58, 63, 91)
(30, 59, 62, 91)
(30, 60, 61, 91)
(31, 32, 89, 90)
(31, 33, 88, 90)
(31, 34, 87, 90)
(31, 35, 86, 90)
(31, 36, 85, 90)
(31, 37, 84, 90)
(31, 38, 83, 90)
(31, 39, 82, 90)
(31, 40, 81, 90)
(31, 41, 80, 90)
(31, 42, 79, 90)
(31, 43, 78, 90)
(31, 44, 77, 90)
(31, 45, 76, 90)
(31, 46, 75, 90)
(31, 47, 74, 90)
(31, 48, 73, 90)
(31, 49, 72, 90)
(31, 50, 71, 90)
(31, 51, 70, 90)
(31, 52, 69, 90)
(31, 53, 68, 90)
(31, 54, 67, 90)
(31, 55, 66, 90)
(31, 56, 65, 90)
(31, 57, 64, 90)
(31, 58, 63, 90)
(31, 59, 62, 90)
(31, 60, 61, 90)
(32, 33, 88, 89)
(32, 34, 87, 89)
(32, 35, 86, 89)
(32, 36, 85, 89)
(32, 37, 84, 89)
(32, 38, 83, 89)
(32, 39, 82, 89)
(32, 40, 81, 89)
(32, 41, 80, 89)
(32, 42, 79, 89)
(32, 43, 78, 89)
(32, 44, 77, 89)
(32, 45, 76, 89)
(32, 46, 75, 89)
(32, 47, 74, 89)
(32, 48, 73, 89)
(32, 49, 72, 89)
(32, 50, 71, 89)
(32, 51, 70, 89)
(32, 52, 69, 89)
(32, 53, 68, 89)
(32, 54, 67, 89)
(32, 55, 66, 89)
(32, 56, 65, 89)
(32, 57, 64, 89)
(32, 58, 63, 89)
(32, 59, 62, 89)
(32, 60, 61, 89)
(33, 34, 87, 88)
(33, 35, 86, 88)
(33, 36, 85, 88)
(33, 37, 84, 88)
(33, 38, 83, 88)
(33, 39, 82, 88)
(33, 40, 81, 88)
(33, 41, 80, 88)
(33, 42, 79, 88)
(33, 43, 78, 88)
(33, 44, 77, 88)
(33, 45, 76, 88)
(33, 46, 75, 88)
(33, 47, 74, 88)
(33, 48, 73, 88)
(33, 49, 72, 88)
(33, 50, 71, 88)
(33, 51, 70, 88)
(33, 52, 69, 88)
(33, 53, 68, 88)
(33, 54, 67, 88)
(33, 55, 66, 88)
(33, 56, 65, 88)
(33, 57, 64, 88)
(33, 58, 63, 88)
(33, 59, 62, 88)
(33, 60, 61, 88)
(34, 35, 86, 87)
(34, 36, 85, 87)
(34, 37, 84, 87)
(34, 38, 83, 87)
(34, 39, 82, 87)
(34, 40, 81, 87)
(34, 41, 80, 87)
(34, 42, 79, 87)
(34, 43, 78, 87)
(34, 44, 77, 87)
(34, 45, 76, 87)
(34, 46, 75, 87)
(34, 47, 74, 87)
(34, 48, 73, 87)
(34, 49, 72, 87)
(34, 50, 71, 87)
(34, 51, 70, 87)
(34, 52, 69, 87)
(34, 53, 68, 87)
(34, 54, 67, 87)
(34, 55, 66, 87)
(34, 56, 65, 87)
(34, 57, 64, 87)
(34, 58, 63, 87)
(34, 59, 62, 87)
(34, 60, 61, 87)
(35, 36, 85, 86)
(35, 37, 84, 86)
(35, 38, 83, 86)
(35, 39, 82, 86)
(35, 40, 81, 86)
(35, 41, 80, 86)
(35, 42, 79, 86)
(35, 43, 78, 86)
(35, 44, 77, 86)
(35, 45, 76, 86)
(35, 46, 75, 86)
(35, 47, 74, 86)
(35, 48, 73, 86)
(35, 49, 72, 86)
(35, 50, 71, 86)
(35, 51, 70, 86)
(35, 52, 69, 86)
(35, 53, 68, 86)
(35, 54, 67, 86)
(35, 55, 66, 86)
(35, 56, 65, 86)
(35, 57, 64, 86)
(35, 58, 63, 86)
(35, 59, 62, 86)
(35, 60, 61, 86)
(36, 37, 84, 85)
(36, 38, 83, 85)
(36, 39, 82, 85)
(36, 40, 81, 85)
(36, 41, 80, 85)
(36, 42, 79, 85)
(36, 43, 78, 85)
(36, 44, 77, 85)
(36, 45, 76, 85)
(36, 46, 75, 85)
(36, 47, 74, 85)
(36, 48, 73, 85)
(36, 49, 72, 85)
(36, 50, 71, 85)
(36, 51, 70, 85)
(36, 52, 69, 85)
(36, 53, 68, 85)
(36, 54, 67, 85)
(36, 55, 66, 85)
(36, 56, 65, 85)
(36, 57, 64, 85)
(36, 58, 63, 85)
(36, 59, 62, 85)
(36, 60, 61, 85)
(37, 38, 83, 84)
(37, 39, 82, 84)
(37, 40, 81, 84)
(37, 41, 80, 84)
(37, 42, 79, 84)
(37, 43, 78, 84)
(37, 44, 77, 84)
(37, 45, 76, 84)
(37, 46, 75, 84)
(37, 47, 74, 84)
(37, 48, 73, 84)
(37, 49, 72, 84)
(37, 50, 71, 84)
(37, 51, 70, 84)
(37, 52, 69, 84)
(37, 53, 68, 84)
(37, 54, 67, 84)
(37, 55, 66, 84)
(37, 56, 65, 84)
(37, 57, 64, 84)
(37, 58, 63, 84)
(37, 59, 62, 84)
(37, 60, 61, 84)
(38, 39, 82, 83)
(38, 40, 81, 83)
(38, 41, 80, 83)
(38, 42, 79, 83)
(38, 43, 78, 83)
(38, 44, 77, 83)
(38, 45, 76, 83)
(38, 46, 75, 83)
(38, 47, 74, 83)
(38, 48, 73, 83)
(38, 49, 72, 83)
(38, 50, 71, 83)
(38, 51, 70, 83)
(38, 52, 69, 83)
(38, 53, 68, 83)
(38, 54, 67, 83)
(38, 55, 66, 83)
(38, 56, 65, 83)
(38, 57, 64, 83)
(38, 58, 63, 83)
(38, 59, 62, 83)
(38, 60, 61, 83)
(39, 40, 81, 82)
(39, 41, 80, 82)
(39, 42, 79, 82)
(39, 43, 78, 82)
(39, 44, 77, 82)
(39, 45, 76, 82)
(39, 46, 75, 82)
(39, 47, 74, 82)
(39, 48, 73, 82)
(39, 49, 72, 82)
(39, 50, 71, 82)
(39, 51, 70, 82)
(39, 52, 69, 82)
(39, 53, 68, 82)
(39, 54, 67, 82)
(39, 55, 66, 82)
(39, 56, 65, 82)
(39, 57, 64, 82)
(39, 58, 63, 82)
(39, 59, 62, 82)
(39, 60, 61, 82)
(40, 41, 80, 81)
(40, 42, 79, 81)
(40, 43, 78, 81)
(40, 44, 77, 81)
(40, 45, 76, 81)
(40, 46, 75, 81)
(40, 47, 74, 81)
(40, 48, 73, 81)
(40, 49, 72, 81)
(40, 50, 71, 81)
(40, 51, 70, 81)
(40, 52, 69, 81)
(40, 53, 68, 81)
(40, 54, 67, 81)
(40, 55, 66, 81)
(40, 56, 65, 81)
(40, 57, 64, 81)
(40, 58, 63, 81)
(40, 59, 62, 81)
(40, 60, 61, 81)
(41, 42, 79, 80)
(41, 43, 78, 80)
(41, 44, 77, 80)
(41, 45, 76, 80)
(41, 46, 75, 80)
(41, 47, 74, 80)
(41, 48, 73, 80)
(41, 49, 72, 80)
(41, 50, 71, 80)
(41, 51, 70, 80)
(41, 52, 69, 80)
(41, 53, 68, 80)
(41, 54, 67, 80)
(41, 55, 66, 80)
(41, 56, 65, 80)
(41, 57, 64, 80)
(41, 58, 63, 80)
(41, 59, 62, 80)
(41, 60, 61, 80)
(42, 43, 78, 79)
(42, 44, 77, 79)
(42, 45, 76, 79)
(42, 46, 75, 79)
(42, 47, 74, 79)
(42, 48, 73, 79)
(42, 49, 72, 79)
(42, 50, 71, 79)
(42, 51, 70, 79)
(42, 52, 69, 79)
(42, 53, 68, 79)
(42, 54, 67, 79)
(42, 55, 66, 79)
(42, 56, 65, 79)
(42, 57, 64, 79)
(42, 58, 63, 79)
(42, 59, 62, 79)
(42, 60, 61, 79)
(43, 44, 77, 78)
(43, 45, 76, 78)
(43, 46, 75, 78)
(43, 47, 74, 78)
(43, 48, 73, 78)
(43, 49, 72, 78)
(43, 50, 71, 78)
(43, 51, 70, 78)
(43, 52, 69, 78)
(43, 53, 68, 78)
(43, 54, 67, 78)
(43, 55, 66, 78)
(43, 56, 65, 78)
(43, 57, 64, 78)
(43, 58, 63, 78)
(43, 59, 62, 78)
(43, 60, 61, 78)
(44, 45, 76, 77)
(44, 46, 75, 77)
(44, 47, 74, 77)
(44, 48, 73, 77)
(44, 49, 72, 77)
(44, 50, 71, 77)
(44, 51, 70, 77)
(44, 52, 69, 77)
(44, 53, 68, 77)
(44, 54, 67, 77)
(44, 55, 66, 77)
(44, 56, 65, 77)
(44, 57, 64, 77)
(44, 58, 63, 77)
(44, 59, 62, 77)
(44, 60, 61, 77)
(45, 46, 75, 76)
(45, 47, 74, 76)
(45, 48, 73, 76)
(45, 49, 72, 76)
(45, 50, 71, 76)
(45, 51, 70, 76)
(45, 52, 69, 76)
(45, 53, 68, 76)
(45, 54, 67, 76)
(45, 55, 66, 76)
(45, 56, 65, 76)
(45, 57, 64, 76)
(45, 58, 63, 76)
(45, 59, 62, 76)
(45, 60, 61, 76)
(46, 47, 74, 75)
(46, 48, 73, 75)
(46, 49, 72, 75)
(46, 50, 71, 75)
(46, 51, 70, 75)
(46, 52, 69, 75)
(46, 53, 68, 75)
(46, 54, 67, 75)
(46, 55, 66, 75)
(46, 56, 65, 75)
(46, 57, 64, 75)
(46, 58, 63, 75)
(46, 59, 62, 75)
(46, 60, 61, 75)
(47, 48, 73, 74)
(47, 49, 72, 74)
(47, 50, 71, 74)
(47, 51, 70, 74)
(47, 52, 69, 74)
(47, 53, 68, 74)
(47, 54, 67, 74)
(47, 55, 66, 74)
(47, 56, 65, 74)
(47, 57, 64, 74)
(47, 58, 63, 74)
(47, 59, 62, 74)
(47, 60, 61, 74)
(48, 49, 72, 73)
(48, 50, 71, 73)
(48, 51, 70, 73)
(48, 52, 69, 73)
(48, 53, 68, 73)
(48, 54, 67, 73)
(48, 55, 66, 73)
(48, 56, 65, 73)
(48, 57, 64, 73)
(48, 58, 63, 73)
(48, 59, 62, 73)
(48, 60, 61, 73)
(49, 50, 71, 72)
(49, 51, 70, 72)
(49, 52, 69, 72)
(49, 53, 68, 72)
(49, 54, 67, 72)
(49, 55, 66, 72)
(49, 56, 65, 72)
(49, 57, 64, 72)
(49, 58, 63, 72)
(49, 59, 62, 72)
(49, 60, 61, 72)
(50, 51, 70, 71)
(50, 52, 69, 71)
(50, 53, 68, 71)
(50, 54, 67, 71)
(50, 55, 66, 71)
(50, 56, 65, 71)
(50, 57, 64, 71)
(50, 58, 63, 71)
(50, 59, 62, 71)
(50, 60, 61, 71)
(51, 52, 69, 70)
(51, 53, 68, 70)
(51, 54, 67, 70)
(51, 55, 66, 70)
(51, 56, 65, 70)
(51, 57, 64, 70)
(51, 58, 63, 70)
(51, 59, 62, 70)
(51, 60, 61, 70)
(52, 53, 68, 69)
(52, 54, 67, 69)
(52, 55, 66, 69)
(52, 56, 65, 69)
(52, 57, 64, 69)
(52, 58, 63, 69)
(52, 59, 62, 69)
(52, 60, 61, 69)
(53, 54, 67, 68)
(53, 55, 66, 68)
(53, 56, 65, 68)
(53, 57, 64, 68)
(53, 58, 63, 68)
(53, 59, 62, 68)
(53, 60, 61, 68)
(54, 55, 66, 67)
(54, 56, 65, 67)
(54, 57, 64, 67)
(54, 58, 63, 67)
(54, 59, 62, 67)
(54, 60, 61, 67)
(55, 56, 65, 66)
(55, 57, 64, 66)
(55, 58, 63, 66)
(55, 59, 62, 66)
(55, 60, 61, 66)
(56, 57, 64, 65)
(56, 58, 63, 65)
(56, 59, 62, 65)
(56, 60, 61, 65)
(57, 58, 63, 64)
(57, 59, 62, 64)
(57, 60, 61, 64)
(58, 59, 62, 63)
(58, 60, 61, 63)
(59, 60, 61, 62)
The number of tuple(s) in the V set is: 1770

The indecomposable tuples are:
The number of indecomposable tuple(s) is: 0
