Running method validate_set_V(m = 145, d = 2):

Summary:
given m = 145, d = 2
Calculations took 0 days, 0 hours, 0 minutes, 0 seconds, 103 miliseconds, 329 microseconds, 301 nanoseconds.
Z/mZ:  [0, 1, 2, 3, 4, 5, 6, 7, 8, 9, 10, 11, 12, 13, 14, 15, 16, 17, 18, 19, 20, 21, 22, 23, 24, 25, 26, 27, 28, 29, 30, 31, 32, 33, 34, 35, 36, 37, 38, 39, 40, 41, 42, 43, 44, 45, 46, 47, 48, 49, 50, 51, 52, 53, 54, 55, 56, 57, 58, 59, 60, 61, 62, 63, 64, 65, 66, 67, 68, 69, 70, 71, 72, 73, 74, 75, 76, 77, 78, 79, 80, 81, 82, 83, 84, 85, 86, 87, 88, 89, 90, 91, 92, 93, 94, 95, 96, 97, 98, 99, 100, 101, 102, 103, 104, 105, 106, 107, 108, 109, 110, 111, 112, 113, 114, 115, 116, 117, 118, 119, 120, 121, 122, 123, 124, 125, 126, 127, 128, 129, 130, 131, 132, 133, 134, 135, 136, 137, 138, 139, 140, 141, 142, 143, 144]
Z/mZ*: [1, 2, 3, 4, 6, 7, 8, 9, 11, 12, 13, 14, 16, 17, 18, 19, 21, 22, 23, 24, 26, 27, 28, 31, 32, 33, 34, 36, 37, 38, 39, 41, 42, 43, 44, 46, 47, 48, 49, 51, 52, 53, 54, 56, 57, 59, 61, 62, 63, 64, 66, 67, 68, 69, 71, 72, 73, 74, 76, 77, 78, 79, 81, 82, 83, 84, 86, 88, 89, 91, 92, 93, 94, 96, 97, 98, 99, 101, 102, 103, 104, 106, 107, 108, 109, 111, 112, 113, 114, 117, 118, 119, 121, 122, 123, 124, 126, 127, 128, 129, 131, 132, 133, 134, 136, 137, 138, 139, 141, 142, 143, 144]
All ascending & non-repeating tuple (size 4) combinations possible for the U set: 17178876
                      V set: contains 2556 tuples
          all_are_pairs set: contains 2556 tuples
         some_are_pairs set: contains 0 tuples
         none_are_pairs set: contains 0 tuples
         indecomposable set: contains 0 tuples
decomposable & no pairs set: contains 0 tuples
     exceptional_cycles set: contains 0 tuples

Print V set (contains 2556 tuples): {
(3, 65, 80, 142)
(6, 71, 74, 139)
(12, 17, 128, 133)
(42, 63, 82, 103)
(5, 22, 123, 140)
(7, 15, 130, 138)
(28, 49, 96, 117)
(5, 41, 104, 140)
(23, 58, 87, 122)
(19, 27, 118, 126)
(37, 39, 106, 108)
(45, 71, 74, 100)
(9, 42, 103, 136)
(5, 40, 105, 140)
(27, 44, 101, 118)
(35, 60, 85, 110)
(6, 42, 103, 139)
(12, 52, 93, 133)
(15, 55, 90, 130)
(13, 56, 89, 132)
(14, 22, 123, 131)
(51, 54, 91, 94)
(31, 52, 93, 114)
(5, 72, 73, 140)
(11, 68, 77, 134)
(21, 37, 108, 124)
(8, 41, 104, 137)
(2, 61, 84, 143)
(22, 39, 106, 123)
(15, 39, 106, 130)
(35, 36, 109, 110)
(3, 34, 111, 142)
(21, 25, 120, 124)
(54, 58, 87, 91)
(27, 59, 86, 118)
(50, 53, 92, 95)
(20, 68, 77, 125)
(3, 68, 77, 142)
(9, 72, 73, 136)
(27, 35, 110, 118)
(22, 56, 89, 123)
(47, 70, 75, 98)
(28, 56, 89, 117)
(1, 14, 131, 144)
(2, 71, 74, 143)
(2, 21, 124, 143)
(47, 67, 78, 98)
(18, 53, 92, 127)
(8, 12, 133, 137)
(35, 68, 77, 110)
(25, 45, 100, 120)
(33, 59, 86, 112)
(7, 48, 97, 138)
(14, 16, 129, 131)
(40, 66, 79, 105)
(9, 52, 93, 136)
(30, 54, 91, 115)
(21, 52, 93, 124)
(29, 51, 94, 116)
(2, 54, 91, 143)
(32, 59, 86, 113)
(14, 69, 76, 131)
(48, 72, 73, 97)
(4, 54, 91, 141)
(9, 17, 128, 136)
(32, 52, 93, 113)
(7, 29, 116, 138)
(4, 46, 99, 141)
(12, 20, 125, 133)
(35, 54, 91, 110)
(8, 10, 135, 137)
(23, 24, 121, 122)
(51, 72, 73, 94)
(5, 53, 92, 140)
(23, 63, 82, 122)
(3, 57, 88, 142)
(8, 68, 77, 137)
(52, 67, 78, 93)
(30, 62, 83, 115)
(14, 38, 107, 131)
(7, 63, 82, 138)
(54, 71, 74, 91)
(30, 56, 89, 115)
(50, 57, 88, 95)
(12, 65, 80, 133)
(1, 21, 124, 144)
(65, 66, 79, 80)
(25, 66, 79, 120)
(18, 48, 97, 127)
(8, 66, 79, 137)
(6, 54, 91, 139)
(1, 33, 112, 144)
(19, 59, 86, 126)
(12, 30, 115, 133)
(15, 24, 121, 130)
(7, 64, 81, 138)
(21, 62, 83, 124)
(3, 9, 136, 142)
(21, 41, 104, 124)
(32, 49, 96, 113)
(53, 72, 73, 92)
(23, 60, 85, 122)
(48, 67, 78, 97)
(17, 70, 75, 128)
(19, 43, 102, 126)
(24, 46, 99, 121)
(19, 67, 78, 126)
(19, 38, 107, 126)
(16, 44, 101, 129)
(22, 23, 122, 123)
(6, 12, 133, 139)
(13, 68, 77, 132)
(2, 43, 102, 143)
(21, 53, 92, 124)
(45, 55, 90, 100)
(50, 56, 89, 95)
(14, 35, 110, 131)
(57, 67, 78, 88)
(19, 71, 74, 126)
(14, 17, 128, 131)
(9, 58, 87, 136)
(20, 59, 86, 125)
(24, 65, 80, 121)
(38, 41, 104, 107)
(18, 31, 114, 127)
(22, 43, 102, 123)
(33, 42, 103, 112)
(25, 58, 87, 120)
(10, 27, 118, 135)
(12, 55, 90, 133)
(16, 26, 119, 129)
(52, 56, 89, 93)
(30, 45, 100, 115)
(21, 22, 123, 124)
(42, 53, 92, 103)
(14, 24, 121, 131)
(22, 29, 116, 123)
(9, 49, 96, 136)
(31, 58, 87, 114)
(1, 40, 105, 144)
(2, 27, 118, 143)
(21, 29, 116, 124)
(1, 47, 98, 144)
(8, 67, 78, 137)
(19, 54, 91, 126)
(5, 20, 125, 140)
(33, 67, 78, 112)
(44, 67, 78, 101)
(21, 33, 112, 124)
(23, 56, 89, 122)
(32, 43, 102, 113)
(19, 26, 119, 126)
(18, 27, 118, 127)
(3, 61, 84, 142)
(16, 25, 120, 129)
(41, 56, 89, 104)
(6, 34, 111, 139)
(16, 67, 78, 129)
(10, 70, 75, 135)
(10, 28, 117, 135)
(13, 19, 126, 132)
(20, 33, 112, 125)
(22, 35, 110, 123)
(40, 43, 102, 105)
(21, 32, 113, 124)
(43, 46, 99, 102)
(20, 21, 124, 125)
(23, 48, 97, 122)
(15, 45, 100, 130)
(21, 60, 85, 124)
(40, 71, 74, 105)
(57, 68, 77, 88)
(25, 56, 89, 120)
(42, 50, 95, 103)
(53, 54, 91, 92)
(42, 48, 97, 103)
(20, 51, 94, 125)
(46, 59, 86, 99)
(39, 55, 90, 106)
(20, 56, 89, 125)
(11, 21, 124, 134)
(14, 52, 93, 131)
(13, 38, 107, 132)
(26, 54, 91, 119)
(43, 68, 77, 102)
(18, 20, 125, 127)
(5, 70, 75, 140)
(13, 30, 115, 132)
(20, 69, 76, 125)
(14, 41, 104, 131)
(13, 53, 92, 132)
(47, 55, 90, 98)
(26, 56, 89, 119)
(36, 68, 77, 109)
(63, 66, 79, 82)
(23, 59, 86, 122)
(40, 42, 103, 105)
(24, 33, 112, 121)
(41, 50, 95, 104)
(8, 14, 131, 137)
(28, 58, 87, 117)
(9, 56, 89, 136)
(16, 33, 112, 129)
(5, 37, 108, 140)
(46, 72, 73, 99)
(21, 66, 79, 124)
(1, 38, 107, 144)
(11, 39, 106, 134)
(36, 46, 99, 109)
(7, 13, 132, 138)
(7, 36, 109, 138)
(12, 66, 79, 133)
(16, 17, 128, 129)
(16, 46, 99, 129)
(26, 55, 90, 119)
(3, 21, 124, 142)
(17, 21, 124, 128)
(21, 23, 122, 124)
(27, 37, 108, 118)
(36, 50, 95, 109)
(61, 69, 76, 84)
(2, 29, 116, 143)
(8, 58, 87, 137)
(11, 13, 132, 134)
(26, 31, 114, 119)
(32, 38, 107, 113)
(34, 53, 92, 111)
(58, 61, 84, 87)
(9, 66, 79, 136)
(27, 53, 92, 118)
(8, 56, 89, 137)
(13, 64, 81, 132)
(46, 66, 79, 99)
(12, 64, 81, 133)
(22, 38, 107, 123)
(18, 28, 117, 127)
(61, 62, 83, 84)
(7, 30, 115, 138)
(20, 57, 88, 125)
(13, 69, 76, 132)
(48, 54, 91, 97)
(36, 58, 87, 109)
(7, 52, 93, 138)
(5, 39, 106, 140)
(15, 57, 88, 130)
(46, 51, 94, 99)
(32, 55, 90, 113)
(16, 40, 105, 129)
(2, 5, 140, 143)
(19, 28, 117, 126)
(17, 36, 109, 128)
(23, 61, 84, 122)
(42, 67, 78, 103)
(11, 20, 125, 134)
(41, 59, 86, 104)
(11, 67, 78, 134)
(37, 64, 81, 108)
(6, 49, 96, 139)
(11, 66, 79, 134)
(23, 26, 119, 122)
(28, 64, 81, 117)
(1, 41, 104, 144)
(10, 14, 131, 135)
(41, 46, 99, 104)
(12, 68, 77, 133)
(52, 61, 84, 93)
(41, 47, 98, 104)
(41, 67, 78, 104)
(37, 52, 93, 108)
(19, 53, 92, 126)
(31, 64, 81, 114)
(3, 69, 76, 142)
(42, 52, 93, 103)
(54, 56, 89, 91)
(32, 70, 75, 113)
(8, 15, 130, 137)
(32, 66, 79, 113)
(37, 43, 102, 108)
(26, 48, 97, 119)
(34, 50, 95, 111)
(59, 71, 74, 86)
(32, 48, 97, 113)
(24, 58, 87, 121)
(8, 42, 103, 137)
(2, 40, 105, 143)
(40, 50, 95, 105)
(10, 50, 95, 135)
(16, 54, 91, 129)
(65, 68, 77, 80)
(2, 62, 83, 143)
(26, 70, 75, 119)
(18, 65, 80, 127)
(14, 46, 99, 131)
(15, 53, 92, 130)
(21, 64, 81, 124)
(8, 50, 95, 137)
(31, 68, 77, 114)
(61, 65, 80, 84)
(32, 47, 98, 113)
(8, 57, 88, 137)
(44, 50, 95, 101)
(22, 53, 92, 123)
(5, 6, 139, 140)
(22, 37, 108, 123)
(14, 56, 89, 131)
(29, 72, 73, 116)
(18, 60, 85, 127)
(24, 71, 74, 121)
(4, 47, 98, 141)
(7, 72, 73, 138)
(28, 33, 112, 117)
(52, 62, 83, 93)
(8, 18, 127, 137)
(51, 57, 88, 94)
(10, 21, 124, 135)
(27, 64, 81, 118)
(30, 39, 106, 115)
(44, 47, 98, 101)
(6, 39, 106, 139)
(8, 44, 101, 137)
(21, 57, 88, 124)
(3, 41, 104, 142)
(6, 22, 123, 139)
(18, 71, 74, 127)
(10, 49, 96, 135)
(1, 62, 83, 144)
(18, 51, 94, 127)
(2, 50, 95, 143)
(42, 71, 74, 103)
(1, 66, 79, 144)
(2, 65, 80, 143)
(22, 34, 111, 123)
(11, 46, 99, 134)
(11, 24, 121, 134)
(25, 42, 103, 120)
(15, 18, 127, 130)
(7, 39, 106, 138)
(24, 62, 83, 121)
(3, 18, 127, 142)
(9, 24, 121, 136)
(13, 60, 85, 132)
(12, 28, 117, 133)
(52, 57, 88, 93)
(13, 44, 101, 132)
(22, 64, 81, 123)
(9, 50, 95, 136)
(33, 57, 88, 112)
(28, 67, 78, 117)
(19, 50, 95, 126)
(5, 10, 135, 140)
(19, 33, 112, 126)
(30, 38, 107, 115)
(6, 28, 117, 139)
(66, 71, 74, 79)
(29, 44, 101, 116)
(21, 45, 100, 124)
(9, 59, 86, 136)
(3, 55, 90, 142)
(4, 70, 75, 141)
(20, 48, 97, 125)
(23, 69, 76, 122)
(9, 22, 123, 136)
(39, 61, 84, 106)
(2, 41, 104, 143)
(4, 28, 117, 141)
(13, 45, 100, 132)
(21, 56, 89, 124)
(57, 69, 76, 88)
(16, 56, 89, 129)
(32, 51, 94, 113)
(49, 53, 92, 96)
(3, 62, 83, 142)
(10, 54, 91, 135)
(26, 71, 74, 119)
(21, 39, 106, 124)
(15, 67, 78, 130)
(12, 45, 100, 133)
(1, 12, 133, 144)
(3, 47, 98, 142)
(17, 42, 103, 128)
(6, 21, 124, 139)
(23, 67, 78, 122)
(31, 42, 103, 114)
(45, 47, 98, 100)
(1, 24, 121, 144)
(28, 57, 88, 117)
(37, 55, 90, 108)
(47, 56, 89, 98)
(63, 64, 81, 82)
(20, 49, 96, 125)
(22, 63, 82, 123)
(8, 19, 126, 137)
(31, 69, 76, 114)
(7, 67, 78, 138)
(5, 67, 78, 140)
(32, 41, 104, 113)
(4, 22, 123, 141)
(13, 63, 82, 132)
(3, 11, 134, 142)
(25, 31, 114, 120)
(38, 48, 97, 107)
(37, 49, 96, 108)
(10, 68, 77, 135)
(38, 65, 80, 107)
(6, 69, 76, 139)
(11, 18, 127, 134)
(13, 34, 111, 132)
(2, 12, 133, 143)
(13, 16, 129, 132)
(40, 53, 92, 105)
(59, 68, 77, 86)
(18, 43, 102, 127)
(30, 46, 99, 115)
(27, 33, 112, 118)
(13, 28, 117, 132)
(21, 63, 82, 124)
(37, 71, 74, 108)
(30, 65, 80, 115)
(32, 53, 92, 113)
(1, 7, 138, 144)
(17, 29, 116, 128)
(1, 51, 94, 144)
(51, 67, 78, 94)
(1, 52, 93, 144)
(49, 62, 83, 96)
(2, 25, 120, 143)
(41, 69, 76, 104)
(14, 18, 127, 131)
(12, 43, 102, 133)
(23, 39, 106, 122)
(1, 36, 109, 144)
(13, 25, 120, 132)
(4, 34, 111, 141)
(10, 13, 132, 135)
(15, 21, 124, 130)
(51, 68, 77, 94)
(50, 58, 87, 95)
(28, 38, 107, 117)
(8, 22, 123, 137)
(43, 69, 76, 102)
(30, 58, 87, 115)
(41, 65, 80, 104)
(14, 67, 78, 131)
(54, 64, 81, 91)
(59, 66, 79, 86)
(33, 72, 73, 112)
(4, 37, 108, 141)
(35, 72, 73, 110)
(22, 52, 93, 123)
(22, 55, 90, 123)
(32, 37, 108, 113)
(5, 24, 121, 140)
(7, 68, 77, 138)
(4, 25, 120, 141)
(53, 56, 89, 92)
(50, 52, 93, 95)
(6, 61, 84, 139)
(28, 62, 83, 117)
(35, 64, 81, 110)
(35, 62, 83, 110)
(17, 63, 82, 128)
(37, 51, 94, 108)
(29, 65, 80, 116)
(27, 50, 95, 118)
(4, 14, 131, 141)
(7, 19, 126, 138)
(28, 39, 106, 117)
(16, 28, 117, 129)
(42, 49, 96, 103)
(46, 53, 92, 99)
(25, 27, 118, 120)
(50, 54, 91, 95)
(46, 67, 78, 99)
(51, 66, 79, 94)
(24, 60, 85, 121)
(54, 59, 86, 91)
(17, 27, 118, 128)
(16, 30, 115, 129)
(33, 65, 80, 112)
(26, 47, 98, 119)
(60, 64, 81, 85)
(24, 25, 120, 121)
(32, 71, 74, 113)
(20, 65, 80, 125)
(4, 48, 97, 141)
(43, 51, 94, 102)
(1, 48, 97, 144)
(19, 66, 79, 126)
(4, 63, 82, 141)
(23, 31, 114, 122)
(43, 61, 84, 102)
(29, 62, 83, 116)
(7, 50, 95, 138)
(3, 46, 99, 142)
(56, 67, 78, 89)
(8, 39, 106, 137)
(6, 13, 132, 139)
(45, 64, 81, 100)
(19, 23, 122, 126)
(35, 63, 82, 110)
(53, 71, 74, 92)
(11, 36, 109, 134)
(29, 52, 93, 116)
(34, 51, 94, 111)
(6, 51, 94, 139)
(59, 63, 82, 86)
(16, 32, 113, 129)
(26, 65, 80, 119)
(9, 40, 105, 136)
(36, 56, 89, 109)
(34, 70, 75, 111)
(7, 26, 119, 138)
(4, 44, 101, 141)
(37, 45, 100, 108)
(32, 56, 89, 113)
(22, 30, 115, 123)
(26, 67, 78, 119)
(30, 55, 90, 115)
(51, 63, 82, 94)
(62, 63, 82, 83)
(11, 41, 104, 134)
(35, 39, 106, 110)
(33, 69, 76, 112)
(24, 36, 109, 121)
(40, 63, 82, 105)
(27, 46, 99, 118)
(34, 56, 89, 111)
(15, 65, 80, 130)
(19, 64, 81, 126)
(9, 14, 131, 136)
(9, 63, 82, 136)
(3, 5, 140, 142)
(41, 72, 73, 104)
(9, 53, 92, 136)
(54, 61, 84, 91)
(2, 22, 123, 143)
(2, 52, 93, 143)
(20, 36, 109, 125)
(5, 26, 119, 140)
(27, 52, 93, 118)
(1, 17, 128, 144)
(23, 57, 88, 122)
(7, 57, 88, 138)
(61, 68, 77, 84)
(1, 30, 115, 144)
(9, 68, 77, 136)
(21, 42, 103, 124)
(40, 62, 83, 105)
(44, 65, 80, 101)
(12, 34, 111, 133)
(34, 45, 100, 111)
(11, 17, 128, 134)
(49, 51, 94, 96)
(57, 64, 81, 88)
(33, 36, 109, 112)
(1, 68, 77, 144)
(43, 59, 86, 102)
(40, 68, 77, 105)
(6, 59, 86, 139)
(19, 69, 76, 126)
(22, 32, 113, 123)
(13, 14, 131, 132)
(5, 29, 116, 140)
(10, 24, 121, 135)
(32, 62, 83, 113)
(43, 63, 82, 102)
(2, 10, 135, 143)
(9, 31, 114, 136)
(10, 20, 125, 135)
(29, 43, 102, 116)
(43, 57, 88, 102)
(39, 54, 91, 106)
(20, 34, 111, 125)
(31, 71, 74, 114)
(64, 65, 80, 81)
(34, 61, 84, 111)
(66, 72, 73, 79)
(21, 72, 73, 124)
(35, 44, 101, 110)
(32, 72, 73, 113)
(35, 58, 87, 110)
(12, 59, 86, 133)
(24, 28, 117, 121)
(41, 53, 92, 104)
(20, 71, 74, 125)
(2, 28, 117, 143)
(32, 64, 81, 113)
(34, 40, 105, 111)
(11, 48, 97, 134)
(46, 54, 91, 99)
(7, 20, 125, 138)
(40, 41, 104, 105)
(26, 39, 106, 119)
(21, 48, 97, 124)
(18, 44, 101, 127)
(47, 50, 95, 98)
(25, 48, 97, 120)
(38, 60, 85, 107)
(26, 60, 85, 119)
(47, 58, 87, 98)
(16, 36, 109, 129)
(24, 42, 103, 121)
(15, 59, 86, 130)
(16, 37, 108, 129)
(10, 31, 114, 135)
(20, 61, 84, 125)
(23, 38, 107, 122)
(26, 40, 105, 119)
(23, 25, 120, 122)
(43, 45, 100, 102)
(56, 72, 73, 89)
(14, 15, 130, 131)
(15, 51, 94, 130)
(19, 62, 83, 126)
(4, 20, 125, 141)
(16, 61, 84, 129)
(18, 46, 99, 127)
(31, 49, 96, 114)
(56, 66, 79, 89)
(37, 57, 88, 108)
(11, 72, 73, 134)
(25, 38, 107, 120)
(35, 61, 84, 110)
(58, 70, 75, 87)
(7, 18, 127, 138)
(13, 27, 118, 132)
(35, 38, 107, 110)
(4, 30, 115, 141)
(39, 53, 92, 106)
(44, 48, 97, 101)
(27, 36, 109, 118)
(14, 21, 124, 131)
(17, 50, 95, 128)
(45, 59, 86, 100)
(8, 32, 113, 137)
(1, 70, 75, 144)
(28, 40, 105, 117)
(50, 66, 79, 95)
(19, 21, 124, 126)
(25, 28, 117, 120)
(18, 61, 84, 127)
(28, 30, 115, 117)
(5, 58, 87, 140)
(9, 38, 107, 136)
(28, 70, 75, 117)
(61, 67, 78, 84)
(34, 52, 93, 111)
(52, 60, 85, 93)
(14, 72, 73, 131)
(12, 15, 130, 133)
(23, 70, 75, 122)
(27, 58, 87, 118)
(47, 48, 97, 98)
(1, 4, 141, 144)
(3, 30, 115, 142)
(46, 47, 98, 99)
(40, 56, 89, 105)
(46, 61, 84, 99)
(47, 57, 88, 98)
(16, 45, 100, 129)
(23, 34, 111, 122)
(36, 44, 101, 109)
(19, 39, 106, 126)
(28, 41, 104, 117)
(17, 64, 81, 128)
(34, 49, 96, 111)
(37, 48, 97, 108)
(24, 37, 108, 121)
(10, 42, 103, 135)
(48, 59, 86, 97)
(4, 6, 139, 141)
(3, 23, 122, 142)
(38, 61, 84, 107)
(29, 31, 114, 116)
(54, 70, 75, 91)
(20, 29, 116, 125)
(8, 23, 122, 137)
(12, 41, 104, 133)
(38, 72, 73, 107)
(30, 53, 92, 115)
(38, 58, 87, 107)
(20, 28, 117, 125)
(48, 64, 81, 97)
(17, 19, 126, 128)
(6, 10, 135, 139)
(25, 63, 82, 120)
(26, 43, 102, 119)
(21, 61, 84, 124)
(50, 60, 85, 95)
(27, 71, 74, 118)
(22, 41, 104, 123)
(14, 20, 125, 131)
(43, 48, 97, 102)
(59, 70, 75, 86)
(27, 34, 111, 118)
(31, 50, 95, 114)
(46, 69, 76, 99)
(3, 25, 120, 142)
(40, 44, 101, 105)
(26, 69, 76, 119)
(40, 54, 91, 105)
(18, 25, 120, 127)
(3, 44, 101, 142)
(26, 51, 94, 119)
(45, 69, 76, 100)
(48, 49, 96, 97)
(29, 63, 82, 116)
(23, 68, 77, 122)
(10, 19, 126, 135)
(5, 55, 90, 140)
(41, 66, 79, 104)
(28, 50, 95, 117)
(11, 60, 85, 134)
(26, 37, 108, 119)
(36, 51, 94, 109)
(8, 25, 120, 137)
(15, 66, 79, 130)
(2, 45, 100, 143)
(25, 70, 75, 120)
(13, 15, 130, 132)
(31, 63, 82, 114)
(21, 49, 96, 124)
(24, 44, 101, 121)
(2, 20, 125, 143)
(3, 15, 130, 142)
(4, 66, 79, 141)
(6, 67, 78, 139)
(53, 67, 78, 92)
(3, 29, 116, 142)
(12, 67, 78, 133)
(18, 26, 119, 127)
(13, 46, 99, 132)
(14, 31, 114, 131)
(34, 37, 108, 111)
(1, 55, 90, 144)
(26, 62, 83, 119)
(19, 56, 89, 126)
(13, 26, 119, 132)
(17, 34, 111, 128)
(27, 65, 80, 118)
(44, 63, 82, 101)
(7, 66, 79, 138)
(25, 57, 88, 120)
(11, 31, 114, 134)
(24, 70, 75, 121)
(42, 44, 101, 103)
(57, 59, 86, 88)
(3, 72, 73, 142)
(45, 49, 96, 100)
(2, 18, 127, 143)
(1, 5, 140, 144)
(3, 10, 135, 142)
(16, 18, 127, 129)
(11, 56, 89, 134)
(48, 55, 90, 97)
(3, 39, 106, 142)
(7, 65, 80, 138)
(20, 54, 91, 125)
(18, 64, 81, 127)
(2, 4, 141, 143)
(33, 71, 74, 112)
(60, 69, 76, 85)
(9, 10, 135, 136)
(56, 68, 77, 89)
(15, 62, 83, 130)
(21, 46, 99, 124)
(2, 6, 139, 143)
(31, 32, 113, 114)
(9, 60, 85, 136)
(9, 12, 133, 136)
(41, 68, 77, 104)
(13, 65, 80, 132)
(17, 39, 106, 128)
(38, 45, 100, 107)
(38, 49, 96, 107)
(2, 42, 103, 143)
(66, 70, 75, 79)
(13, 48, 97, 132)
(25, 64, 81, 120)
(15, 46, 99, 130)
(1, 42, 103, 144)
(27, 63, 82, 118)
(18, 47, 98, 127)
(30, 63, 82, 115)
(18, 57, 88, 127)
(7, 14, 131, 138)
(3, 20, 125, 142)
(14, 45, 100, 131)
(39, 66, 79, 106)
(1, 43, 102, 144)
(34, 43, 102, 111)
(1, 56, 89, 144)
(16, 34, 111, 129)
(20, 70, 75, 125)
(35, 59, 86, 110)
(17, 22, 123, 128)
(15, 38, 107, 130)
(5, 13, 132, 140)
(17, 53, 92, 128)
(18, 32, 113, 127)
(52, 70, 75, 93)
(42, 60, 85, 103)
(5, 60, 85, 140)
(6, 18, 127, 139)
(18, 30, 115, 127)
(40, 46, 99, 105)
(20, 27, 118, 125)
(28, 52, 93, 117)
(9, 61, 84, 136)
(19, 24, 121, 126)
(16, 53, 92, 129)
(27, 43, 102, 118)
(2, 70, 75, 143)
(46, 57, 88, 99)
(33, 46, 99, 112)
(68, 70, 75, 77)
(66, 69, 76, 79)
(16, 39, 106, 129)
(7, 55, 90, 138)
(39, 45, 100, 106)
(23, 65, 80, 122)
(10, 34, 111, 135)
(49, 63, 82, 96)
(7, 28, 117, 138)
(67, 70, 75, 78)
(4, 21, 124, 141)
(2, 38, 107, 143)
(2, 66, 79, 143)
(33, 50, 95, 112)
(39, 50, 95, 106)
(24, 30, 115, 121)
(59, 67, 78, 86)
(19, 30, 115, 126)
(27, 61, 84, 118)
(26, 33, 112, 119)
(28, 54, 91, 117)
(55, 58, 87, 90)
(1, 25, 120, 144)
(19, 22, 123, 126)
(6, 57, 88, 139)
(26, 34, 111, 119)
(33, 39, 106, 112)
(5, 38, 107, 140)
(17, 62, 83, 128)
(4, 11, 134, 141)
(22, 59, 86, 123)
(5, 43, 102, 140)
(36, 38, 107, 109)
(4, 27, 118, 141)
(40, 47, 98, 105)
(38, 56, 89, 107)
(10, 67, 78, 135)
(13, 57, 88, 132)
(4, 32, 113, 141)
(6, 31, 114, 139)
(12, 38, 107, 133)
(31, 72, 73, 114)
(43, 71, 74, 102)
(8, 46, 99, 137)
(31, 55, 90, 114)
(38, 42, 103, 107)
(23, 36, 109, 122)
(43, 53, 92, 102)
(48, 69, 76, 97)
(65, 71, 74, 80)
(10, 69, 76, 135)
(22, 48, 97, 123)
(15, 54, 91, 130)
(1, 16, 129, 144)
(12, 33, 112, 133)
(6, 47, 98, 139)
(7, 12, 133, 138)
(9, 11, 134, 136)
(64, 70, 75, 81)
(17, 68, 77, 128)
(44, 68, 77, 101)
(1, 27, 118, 144)
(19, 60, 85, 126)
(27, 32, 113, 118)
(4, 13, 132, 141)
(15, 64, 81, 130)
(44, 55, 90, 101)
(63, 71, 74, 82)
(16, 71, 74, 129)
(4, 5, 140, 141)
(6, 9, 136, 139)
(27, 28, 117, 118)
(55, 57, 88, 90)
(14, 57, 88, 131)
(19, 51, 94, 126)
(9, 69, 76, 136)
(45, 63, 82, 100)
(7, 25, 120, 138)
(18, 41, 104, 127)
(19, 57, 88, 126)
(16, 47, 98, 129)
(5, 61, 84, 140)
(51, 58, 87, 94)
(29, 67, 78, 116)
(37, 40, 105, 108)
(6, 41, 104, 139)
(18, 54, 91, 127)
(29, 57, 88, 116)
(54, 72, 73, 91)
(49, 66, 79, 96)
(14, 25, 120, 131)
(39, 64, 81, 106)
(9, 64, 81, 136)
(5, 69, 76, 140)
(14, 33, 112, 131)
(7, 45, 100, 138)
(34, 72, 73, 111)
(16, 42, 103, 129)
(29, 36, 109, 116)
(11, 40, 105, 134)
(13, 49, 96, 132)
(48, 63, 82, 97)
(34, 36, 109, 111)
(21, 38, 107, 124)
(16, 43, 102, 129)
(9, 55, 90, 136)
(12, 27, 118, 133)
(12, 37, 108, 133)
(12, 14, 131, 133)
(20, 55, 90, 125)
(20, 43, 102, 125)
(27, 45, 100, 118)
(12, 50, 95, 133)
(47, 69, 76, 98)
(9, 51, 94, 136)
(12, 40, 105, 133)
(12, 62, 83, 133)
(19, 55, 90, 126)
(12, 69, 76, 133)
(16, 41, 104, 129)
(3, 40, 105, 142)
(7, 59, 86, 138)
(49, 57, 88, 96)
(3, 27, 118, 142)
(5, 30, 115, 140)
(24, 54, 91, 121)
(28, 42, 103, 117)
(47, 54, 91, 98)
(26, 49, 96, 119)
(48, 57, 88, 97)
(2, 46, 99, 143)
(6, 15, 130, 139)
(38, 40, 105, 107)
(29, 33, 112, 116)
(18, 62, 83, 127)
(1, 13, 132, 144)
(62, 72, 73, 83)
(9, 54, 91, 136)
(17, 33, 112, 128)
(16, 59, 86, 129)
(1, 45, 100, 144)
(3, 17, 128, 142)
(14, 28, 117, 131)
(27, 31, 114, 118)
(13, 32, 113, 132)
(23, 64, 81, 122)
(57, 66, 79, 88)
(2, 17, 128, 143)
(12, 63, 82, 133)
(23, 52, 93, 122)
(30, 64, 81, 115)
(22, 54, 91, 123)
(42, 43, 102, 103)
(59, 62, 83, 86)
(36, 39, 106, 109)
(12, 71, 74, 133)
(24, 48, 97, 121)
(10, 72, 73, 135)
(48, 51, 94, 97)
(22, 40, 105, 123)
(30, 47, 98, 115)
(26, 46, 99, 119)
(37, 67, 78, 108)
(66, 67, 78, 79)
(30, 51, 94, 115)
(23, 43, 102, 122)
(28, 60, 85, 117)
(30, 60, 85, 115)
(18, 21, 124, 127)
(22, 67, 78, 123)
(3, 56, 89, 142)
(5, 63, 82, 140)
(16, 70, 75, 129)
(9, 32, 113, 136)
(49, 64, 81, 96)
(27, 38, 107, 118)
(9, 46, 99, 136)
(7, 58, 87, 138)
(24, 61, 84, 121)
(44, 69, 76, 101)
(28, 32, 113, 117)
(45, 48, 97, 100)
(13, 52, 93, 132)
(11, 63, 82, 134)
(35, 70, 75, 110)
(2, 55, 90, 143)
(5, 9, 136, 140)
(27, 68, 77, 118)
(40, 70, 75, 105)
(49, 52, 93, 96)
(10, 47, 98, 135)
(13, 20, 125, 132)
(44, 53, 92, 101)
(16, 65, 80, 129)
(7, 69, 76, 138)
(9, 65, 80, 136)
(22, 47, 98, 123)
(3, 50, 95, 142)
(10, 40, 105, 135)
(19, 47, 98, 126)
(25, 62, 83, 120)
(2, 72, 73, 143)
(59, 65, 80, 86)
(4, 67, 78, 141)
(61, 70, 75, 84)
(41, 45, 100, 104)
(5, 47, 98, 140)
(30, 35, 110, 115)
(8, 34, 111, 137)
(4, 42, 103, 141)
(17, 55, 90, 128)
(6, 46, 99, 139)
(19, 34, 111, 126)
(3, 66, 79, 142)
(23, 37, 108, 122)
(57, 65, 80, 88)
(49, 70, 75, 96)
(36, 52, 93, 109)
(58, 60, 85, 87)
(56, 60, 85, 89)
(5, 25, 120, 140)
(19, 70, 75, 126)
(46, 48, 97, 99)
(14, 71, 74, 131)
(5, 28, 117, 140)
(42, 57, 88, 103)
(30, 37, 108, 115)
(11, 43, 102, 134)
(14, 23, 122, 131)
(5, 65, 80, 140)
(10, 43, 102, 135)
(15, 28, 117, 130)
(21, 26, 119, 124)
(7, 24, 121, 138)
(28, 48, 97, 117)
(40, 64, 81, 105)
(18, 36, 109, 127)
(15, 19, 126, 130)
(17, 30, 115, 128)
(29, 35, 110, 116)
(5, 7, 138, 140)
(17, 28, 117, 128)
(40, 45, 100, 105)
(37, 66, 79, 108)
(6, 7, 138, 139)
(17, 46, 99, 128)
(56, 57, 88, 89)
(1, 59, 86, 144)
(36, 66, 79, 109)
(40, 59, 86, 105)
(43, 66, 79, 102)
(41, 57, 88, 104)
(30, 57, 88, 115)
(45, 52, 93, 100)
(42, 47, 98, 103)
(11, 54, 91, 134)
(28, 47, 98, 117)
(2, 19, 126, 143)
(35, 40, 105, 110)
(56, 61, 84, 89)
(57, 61, 84, 88)
(41, 71, 74, 104)
(36, 37, 108, 109)
(31, 48, 97, 114)
(34, 58, 87, 111)
(24, 50, 95, 121)
(43, 72, 73, 102)
(6, 26, 119, 139)
(16, 62, 83, 129)
(40, 61, 84, 105)
(52, 68, 77, 93)
(38, 57, 88, 107)
(39, 57, 88, 106)
(14, 62, 83, 131)
(46, 62, 83, 99)
(7, 31, 114, 138)
(18, 55, 90, 127)
(27, 57, 88, 118)
(31, 40, 105, 114)
(38, 64, 81, 107)
(35, 67, 78, 110)
(15, 36, 109, 130)
(13, 23, 122, 132)
(9, 41, 104, 136)
(47, 60, 85, 98)
(25, 34, 111, 120)
(64, 72, 73, 81)
(7, 21, 124, 138)
(9, 48, 97, 136)
(11, 15, 130, 134)
(53, 63, 82, 92)
(1, 3, 142, 144)
(55, 61, 84, 90)
(31, 37, 108, 114)
(68, 71, 74, 77)
(24, 59, 86, 121)
(29, 37, 108, 116)
(4, 31, 114, 141)
(15, 29, 116, 130)
(35, 37, 108, 110)
(12, 48, 97, 133)
(30, 32, 113, 115)
(38, 68, 77, 107)
(49, 71, 74, 96)
(2, 58, 87, 143)
(30, 41, 104, 115)
(1, 19, 126, 144)
(1, 65, 80, 144)
(42, 46, 99, 103)
(53, 59, 86, 92)
(60, 65, 80, 85)
(20, 50, 95, 125)
(4, 59, 86, 141)
(29, 64, 81, 116)
(12, 57, 88, 133)
(13, 72, 73, 132)
(7, 9, 136, 138)
(10, 48, 97, 135)
(24, 52, 93, 121)
(34, 68, 77, 111)
(9, 57, 88, 136)
(32, 34, 111, 113)
(1, 22, 123, 144)
(53, 65, 80, 92)
(6, 55, 90, 139)
(44, 71, 74, 101)
(29, 56, 89, 116)
(35, 71, 74, 110)
(33, 49, 96, 112)
(26, 64, 81, 119)
(11, 27, 118, 134)
(25, 71, 74, 120)
(6, 25, 120, 139)
(45, 60, 85, 100)
(33, 64, 81, 112)
(4, 58, 87, 141)
(27, 30, 115, 118)
(4, 62, 83, 141)
(5, 54, 91, 140)
(33, 58, 87, 112)
(10, 71, 74, 135)
(40, 67, 78, 105)
(28, 45, 100, 117)
(57, 63, 82, 88)
(60, 63, 82, 85)
(15, 52, 93, 130)
(24, 64, 81, 121)
(31, 59, 86, 114)
(41, 42, 103, 104)
(55, 62, 83, 90)
(20, 64, 81, 125)
(54, 69, 76, 91)
(12, 54, 91, 133)
(23, 29, 116, 122)
(24, 39, 106, 121)
(36, 69, 76, 109)
(16, 49, 96, 129)
(12, 23, 122, 133)
(8, 69, 76, 137)
(6, 52, 93, 139)
(36, 62, 83, 109)
(22, 49, 96, 123)
(20, 60, 85, 125)
(41, 51, 94, 104)
(20, 31, 114, 125)
(50, 72, 73, 95)
(32, 54, 91, 113)
(13, 47, 98, 132)
(19, 48, 97, 126)
(64, 67, 78, 81)
(38, 71, 74, 107)
(43, 50, 95, 102)
(27, 41, 104, 118)
(26, 45, 100, 119)
(13, 37, 108, 132)
(43, 55, 90, 102)
(49, 68, 77, 96)
(8, 48, 97, 137)
(23, 51, 94, 122)
(47, 61, 84, 98)
(38, 66, 79, 107)
(38, 53, 92, 107)
(14, 61, 84, 131)
(42, 61, 84, 103)
(50, 67, 78, 95)
(24, 43, 102, 121)
(19, 37, 108, 126)
(15, 31, 114, 130)
(2, 9, 136, 143)
(27, 66, 79, 118)
(13, 51, 94, 132)
(63, 72, 73, 82)
(36, 41, 104, 109)
(7, 11, 134, 138)
(36, 48, 97, 109)
(51, 59, 86, 94)
(16, 64, 81, 129)
(28, 37, 108, 117)
(19, 65, 80, 126)
(30, 49, 96, 115)
(26, 35, 110, 119)
(26, 66, 79, 119)
(17, 26, 119, 128)
(3, 52, 93, 142)
(26, 68, 77, 119)
(55, 71, 74, 90)
(39, 62, 83, 106)
(35, 52, 93, 110)
(4, 33, 112, 141)
(2, 7, 138, 143)
(47, 51, 94, 98)
(7, 22, 123, 138)
(9, 13, 132, 136)
(35, 53, 92, 110)
(68, 69, 76, 77)
(22, 33, 112, 123)
(23, 30, 115, 122)
(2, 32, 113, 143)
(28, 34, 111, 117)
(46, 64, 81, 99)
(1, 28, 117, 144)
(36, 71, 74, 109)
(16, 35, 110, 129)
(46, 55, 90, 99)
(22, 51, 94, 123)
(33, 41, 104, 112)
(29, 48, 97, 116)
(33, 45, 100, 112)
(55, 66, 79, 90)
(16, 52, 93, 129)
(63, 65, 80, 82)
(16, 27, 118, 129)
(6, 19, 126, 139)
(51, 56, 89, 94)
(8, 20, 125, 137)
(4, 8, 137, 141)
(41, 61, 84, 104)
(14, 40, 105, 131)
(39, 63, 82, 106)
(29, 49, 96, 116)
(19, 41, 104, 126)
(40, 55, 90, 105)
(31, 44, 101, 114)
(34, 59, 86, 111)
(13, 18, 127, 132)
(18, 50, 95, 127)
(20, 23, 122, 125)
(21, 55, 90, 124)
(1, 37, 108, 144)
(17, 58, 87, 128)
(7, 54, 91, 138)
(12, 32, 113, 133)
(4, 35, 110, 141)
(27, 42, 103, 118)
(6, 40, 105, 139)
(38, 67, 78, 107)
(42, 54, 91, 103)
(36, 70, 75, 109)
(48, 52, 93, 97)
(37, 68, 77, 108)
(11, 19, 126, 134)
(18, 37, 108, 127)
(20, 67, 78, 125)
(3, 14, 131, 142)
(29, 54, 91, 116)
(35, 57, 88, 110)
(4, 55, 90, 141)
(8, 9, 136, 137)
(52, 55, 90, 93)
(6, 48, 97, 139)
(39, 70, 75, 106)
(17, 56, 89, 128)
(25, 51, 94, 120)
(1, 71, 74, 144)
(42, 69, 76, 103)
(64, 66, 79, 81)
(30, 43, 102, 115)
(14, 68, 77, 131)
(1, 6, 139, 144)
(45, 53, 92, 100)
(17, 31, 114, 128)
(12, 42, 103, 133)
(28, 51, 94, 117)
(29, 50, 95, 116)
(12, 21, 124, 133)
(22, 58, 87, 123)
(29, 68, 77, 116)
(11, 26, 119, 134)
(15, 71, 74, 130)
(10, 53, 92, 135)
(24, 53, 92, 121)
(34, 46, 99, 111)
(18, 29, 116, 127)
(16, 51, 94, 129)
(65, 70, 75, 80)
(22, 62, 83, 123)
(25, 43, 102, 120)
(60, 66, 79, 85)
(62, 64, 81, 83)
(11, 37, 108, 134)
(18, 58, 87, 127)
(5, 66, 79, 140)
(51, 60, 85, 94)
(20, 42, 103, 125)
(49, 58, 87, 96)
(3, 38, 107, 142)
(33, 47, 98, 112)
(49, 55, 90, 96)
(14, 30, 115, 131)
(3, 42, 103, 142)
(24, 57, 88, 121)
(6, 32, 113, 139)
(8, 43, 102, 137)
(43, 65, 80, 102)
(65, 72, 73, 80)
(17, 47, 98, 128)
(18, 23, 122, 127)
(11, 69, 76, 134)
(4, 7, 138, 141)
(18, 49, 96, 127)
(57, 60, 85, 88)
(25, 39, 106, 120)
(28, 69, 76, 117)
(9, 26, 119, 136)
(9, 70, 75, 136)
(37, 61, 84, 108)
(4, 69, 76, 141)
(13, 70, 75, 132)
(29, 61, 84, 116)
(35, 45, 100, 110)
(20, 58, 87, 125)
(46, 60, 85, 99)
(5, 44, 101, 140)
(36, 42, 103, 109)
(32, 61, 84, 113)
(63, 69, 76, 82)
(47, 64, 81, 98)
(6, 58, 87, 139)
(1, 57, 88, 144)
(32, 69, 76, 113)
(2, 11, 134, 143)
(13, 62, 83, 132)
(23, 72, 73, 122)
(53, 70, 75, 92)
(17, 23, 122, 128)
(64, 71, 74, 81)
(37, 59, 86, 108)
(9, 43, 102, 136)
(24, 68, 77, 121)
(20, 37, 108, 125)
(46, 63, 82, 99)
(1, 50, 95, 144)
(6, 68, 77, 139)
(2, 51, 94, 143)
(2, 63, 82, 143)
(50, 63, 82, 95)
(26, 28, 117, 119)
(33, 52, 93, 112)
(16, 57, 88, 129)
(43, 49, 96, 102)
(58, 69, 76, 87)
(21, 71, 74, 124)
(1, 60, 85, 144)
(33, 51, 94, 112)
(45, 67, 78, 100)
(12, 31, 114, 133)
(3, 67, 78, 142)
(11, 64, 81, 134)
(25, 37, 108, 120)
(27, 56, 89, 118)
(24, 29, 116, 121)
(39, 59, 86, 106)
(4, 18, 127, 141)
(8, 13, 132, 137)
(38, 39, 106, 107)
(16, 20, 125, 129)
(44, 70, 75, 101)
(26, 53, 92, 119)
(39, 56, 89, 106)
(58, 63, 82, 87)
(8, 31, 114, 137)
(39, 43, 102, 106)
(12, 39, 106, 133)
(2, 49, 96, 143)
(24, 49, 96, 121)
(38, 51, 94, 107)
(10, 25, 120, 135)
(24, 69, 76, 121)
(9, 33, 112, 136)
(30, 31, 114, 115)
(27, 47, 98, 118)
(44, 72, 73, 101)
(45, 66, 79, 100)
(37, 42, 103, 108)
(57, 62, 83, 88)
(43, 67, 78, 102)
(6, 66, 79, 139)
(42, 68, 77, 103)
(43, 54, 91, 102)
(29, 30, 115, 116)
(20, 47, 98, 125)
(7, 44, 101, 138)
(49, 61, 84, 96)
(14, 36, 109, 131)
(11, 28, 117, 134)
(55, 72, 73, 90)
(54, 68, 77, 91)
(1, 61, 84, 144)
(5, 23, 122, 140)
(15, 35, 110, 130)
(21, 35, 110, 124)
(6, 33, 112, 139)
(4, 24, 121, 141)
(8, 64, 81, 137)
(54, 63, 82, 91)
(9, 45, 100, 136)
(3, 48, 97, 142)
(53, 69, 76, 92)
(8, 29, 116, 137)
(25, 67, 78, 120)
(47, 65, 80, 98)
(9, 30, 115, 136)
(30, 71, 74, 115)
(36, 67, 78, 109)
(21, 59, 86, 124)
(16, 23, 122, 129)
(1, 32, 113, 144)
(1, 10, 135, 144)
(4, 60, 85, 141)
(5, 18, 127, 140)
(1, 8, 137, 144)
(9, 35, 110, 136)
(1, 34, 111, 144)
(9, 28, 117, 136)
(11, 25, 120, 134)
(3, 63, 82, 142)
(17, 60, 85, 128)
(47, 62, 83, 98)
(18, 59, 86, 127)
(45, 61, 84, 100)
(11, 44, 101, 134)
(34, 41, 104, 111)
(49, 67, 78, 96)
(30, 59, 86, 115)
(8, 24, 121, 137)
(25, 33, 112, 120)
(33, 68, 77, 112)
(5, 11, 134, 140)
(27, 62, 83, 118)
(16, 55, 90, 129)
(21, 58, 87, 124)
(55, 63, 82, 90)
(33, 55, 90, 112)
(13, 42, 103, 132)
(12, 70, 75, 133)
(1, 23, 122, 144)
(14, 19, 126, 131)
(18, 45, 100, 127)
(24, 55, 90, 121)
(38, 43, 102, 107)
(52, 58, 87, 93)
(24, 47, 98, 121)
(4, 43, 102, 141)
(32, 45, 100, 113)
(56, 70, 75, 89)
(21, 34, 111, 124)
(1, 63, 82, 144)
(35, 51, 94, 110)
(24, 72, 73, 121)
(28, 71, 74, 117)
(48, 62, 83, 97)
(28, 36, 109, 117)
(36, 49, 96, 109)
(33, 60, 85, 112)
(38, 69, 76, 107)
(3, 70, 75, 142)
(28, 35, 110, 117)
(26, 72, 73, 119)
(62, 71, 74, 83)
(56, 71, 74, 89)
(20, 41, 104, 125)
(7, 41, 104, 138)
(8, 71, 74, 137)
(14, 26, 119, 131)
(42, 64, 81, 103)
(18, 70, 75, 127)
(1, 49, 96, 144)
(5, 49, 96, 140)
(11, 51, 94, 134)
(51, 64, 81, 94)
(25, 72, 73, 120)
(46, 65, 80, 99)
(6, 56, 89, 139)
(2, 48, 97, 143)
(22, 27, 118, 123)
(24, 32, 113, 121)
(2, 24, 121, 143)
(30, 42, 103, 115)
(53, 57, 88, 92)
(18, 67, 78, 127)
(39, 44, 101, 106)
(1, 67, 78, 144)
(12, 44, 101, 133)
(14, 29, 116, 131)
(37, 62, 83, 108)
(5, 14, 131, 140)
(38, 46, 99, 107)
(47, 63, 82, 98)
(52, 59, 86, 93)
(21, 67, 78, 124)
(6, 72, 73, 139)
(55, 69, 76, 90)
(1, 35, 110, 144)
(6, 14, 131, 139)
(21, 30, 115, 124)
(42, 58, 87, 103)
(2, 53, 92, 143)
(59, 60, 85, 86)
(11, 58, 87, 134)
(38, 59, 86, 107)
(16, 19, 126, 129)
(7, 23, 122, 138)
(21, 65, 80, 124)
(1, 20, 125, 144)
(45, 70, 75, 100)
(16, 48, 97, 129)
(55, 64, 81, 90)
(59, 64, 81, 86)
(10, 17, 128, 135)
(54, 57, 88, 91)
(4, 57, 88, 141)
(65, 67, 78, 80)
(31, 43, 102, 114)
(1, 58, 87, 144)
(15, 58, 87, 130)
(1, 31, 114, 144)
(33, 62, 83, 112)
(17, 71, 74, 128)
(18, 68, 77, 127)
(10, 55, 90, 135)
(12, 18, 127, 133)
(33, 61, 84, 112)
(38, 62, 83, 107)
(31, 36, 109, 114)
(8, 38, 107, 137)
(19, 63, 82, 126)
(7, 32, 113, 138)
(25, 49, 96, 120)
(7, 8, 137, 138)
(19, 61, 84, 126)
(1, 54, 91, 144)
(3, 64, 81, 142)
(14, 49, 96, 131)
(6, 11, 134, 139)
(10, 61, 84, 135)
(5, 42, 103, 140)
(31, 70, 75, 114)
(2, 57, 88, 143)
(16, 69, 76, 129)
(33, 63, 82, 112)
(22, 65, 80, 123)
(55, 70, 75, 90)
(36, 47, 98, 109)
(48, 65, 80, 97)
(16, 66, 79, 129)
(61, 72, 73, 84)
(31, 39, 106, 114)
(39, 42, 103, 106)
(29, 66, 79, 116)
(13, 36, 109, 132)
(14, 27, 118, 131)
(29, 59, 86, 116)
(15, 30, 115, 130)
(30, 33, 112, 115)
(14, 51, 94, 131)
(6, 70, 75, 139)
(1, 72, 73, 144)
(24, 26, 119, 121)
(2, 68, 77, 143)
(11, 71, 74, 134)
(46, 68, 77, 99)
(2, 26, 119, 143)
(17, 66, 79, 128)
(51, 55, 90, 94)
(12, 22, 123, 133)
(33, 53, 92, 112)
(11, 38, 107, 134)
(35, 48, 97, 110)
(52, 66, 79, 93)
(48, 50, 95, 97)
(31, 53, 92, 114)
(12, 26, 119, 133)
(44, 62, 83, 101)
(22, 26, 119, 123)
(7, 33, 112, 138)
(7, 38, 107, 138)
(55, 60, 85, 90)
(23, 35, 110, 122)
(7, 60, 85, 138)
(35, 43, 102, 110)
(44, 45, 100, 101)
(4, 12, 133, 141)
(44, 54, 91, 101)
(13, 31, 114, 132)
(5, 51, 94, 140)
(20, 25, 120, 125)
(8, 62, 83, 137)
(10, 62, 83, 135)
(14, 65, 80, 131)
(50, 71, 74, 95)
(18, 72, 73, 127)
(33, 38, 107, 112)
(3, 35, 110, 142)
(15, 49, 96, 130)
(34, 66, 79, 111)
(12, 47, 98, 133)
(39, 40, 105, 106)
(35, 66, 79, 110)
(23, 66, 79, 122)
(25, 46, 99, 120)
(20, 46, 99, 125)
(55, 65, 80, 90)
(47, 53, 92, 98)
(6, 63, 82, 139)
(50, 65, 80, 95)
(3, 32, 113, 142)
(1, 15, 130, 144)
(7, 27, 118, 138)
(9, 18, 127, 136)
(28, 66, 79, 117)
(46, 50, 95, 99)
(28, 68, 77, 117)
(53, 61, 84, 92)
(36, 40, 105, 109)
(15, 27, 118, 130)
(44, 56, 89, 101)
(28, 61, 84, 117)
(39, 48, 97, 106)
(18, 38, 107, 127)
(31, 62, 83, 114)
(36, 61, 84, 109)
(33, 44, 101, 112)
(59, 72, 73, 86)
(60, 67, 78, 85)
(16, 63, 82, 129)
(53, 64, 81, 92)
(32, 36, 109, 113)
(39, 72, 73, 106)
(21, 68, 77, 124)
(30, 69, 76, 115)
(54, 65, 80, 91)
(28, 29, 116, 117)
(44, 58, 87, 101)
(56, 69, 76, 89)
(34, 47, 98, 111)
(23, 53, 92, 122)
(28, 46, 99, 117)
(40, 65, 80, 105)
(6, 50, 95, 139)
(8, 52, 93, 137)
(5, 32, 113, 140)
(20, 66, 79, 125)
(3, 28, 117, 142)
(11, 12, 133, 134)
(39, 41, 104, 106)
(6, 27, 118, 139)
(41, 48, 97, 104)
(24, 41, 104, 121)
(9, 25, 120, 136)
(41, 43, 102, 104)
(13, 41, 104, 132)
(32, 33, 112, 113)
(3, 59, 86, 142)
(21, 40, 105, 124)
(14, 47, 98, 131)
(4, 52, 93, 141)
(40, 51, 94, 105)
(30, 52, 93, 115)
(36, 43, 102, 109)
(32, 63, 82, 113)
(11, 30, 115, 134)
(58, 67, 78, 87)
(10, 23, 122, 135)
(6, 17, 128, 139)
(50, 68, 77, 95)
(18, 35, 110, 127)
(15, 22, 123, 130)
(20, 44, 101, 125)
(32, 35, 110, 113)
(16, 24, 121, 129)
(22, 25, 120, 123)
(40, 49, 96, 105)
(37, 50, 95, 108)
(52, 54, 91, 93)
(5, 48, 97, 140)
(52, 63, 82, 93)
(11, 42, 103, 134)
(36, 72, 73, 109)
(2, 34, 111, 143)
(24, 45, 100, 121)
(5, 59, 86, 140)
(11, 49, 96, 134)
(14, 60, 85, 131)
(21, 43, 102, 124)
(34, 64, 81, 111)
(34, 39, 106, 111)
(41, 54, 91, 104)
(4, 56, 89, 141)
(28, 44, 101, 117)
(4, 41, 104, 141)
(10, 45, 100, 135)
(10, 46, 99, 135)
(71, 72, 73, 74)
(31, 34, 111, 114)
(10, 66, 79, 135)
(31, 51, 94, 114)
(18, 40, 105, 127)
(20, 40, 105, 125)
(50, 70, 75, 95)
(14, 37, 108, 131)
(10, 63, 82, 135)
(10, 11, 134, 135)
(23, 27, 118, 122)
(67, 69, 76, 78)
(4, 65, 80, 141)
(13, 22, 123, 132)
(1, 69, 76, 144)
(5, 16, 129, 140)
(5, 17, 128, 140)
(22, 31, 114, 123)
(27, 29, 116, 118)
(10, 32, 113, 135)
(3, 7, 138, 142)
(32, 50, 95, 113)
(62, 65, 80, 83)
(50, 55, 90, 95)
(33, 37, 108, 112)
(16, 60, 85, 129)
(11, 14, 131, 134)
(47, 52, 93, 98)
(35, 56, 89, 110)
(2, 39, 106, 143)
(3, 26, 119, 142)
(31, 35, 110, 114)
(4, 51, 94, 141)
(15, 70, 75, 130)
(54, 66, 79, 91)
(12, 72, 73, 133)
(35, 42, 103, 110)
(7, 35, 110, 138)
(26, 59, 86, 119)
(13, 50, 95, 132)
(2, 47, 98, 143)
(16, 72, 73, 129)
(48, 58, 87, 97)
(8, 11, 134, 137)
(16, 29, 116, 129)
(10, 36, 109, 135)
(14, 58, 87, 131)
(14, 54, 91, 131)
(21, 36, 109, 124)
(9, 23, 122, 136)
(11, 55, 90, 134)
(32, 58, 87, 113)
(50, 64, 81, 95)
(1, 44, 101, 144)
(8, 45, 100, 137)
(25, 26, 119, 120)
(8, 33, 112, 137)
(8, 16, 129, 137)
(36, 57, 88, 109)
(54, 60, 85, 91)
(34, 60, 85, 111)
(10, 39, 106, 135)
(12, 60, 85, 133)
(18, 33, 112, 127)
(29, 53, 92, 116)
(14, 53, 92, 131)
(31, 60, 85, 114)
(44, 61, 84, 101)
(47, 72, 73, 98)
(58, 68, 77, 87)
(49, 56, 89, 96)
(39, 51, 94, 106)
(26, 29, 116, 119)
(60, 71, 74, 85)
(24, 67, 78, 121)
(39, 58, 87, 106)
(11, 65, 80, 134)
(63, 67, 78, 82)
(22, 44, 101, 123)
(19, 32, 113, 126)
(34, 42, 103, 111)
(4, 38, 107, 141)
(14, 34, 111, 131)
(3, 58, 87, 142)
(8, 47, 98, 137)
(25, 47, 98, 120)
(22, 71, 74, 123)
(3, 22, 123, 142)
(20, 30, 115, 125)
(19, 58, 87, 126)
(13, 35, 110, 132)
(24, 35, 110, 121)
(16, 58, 87, 129)
(17, 41, 104, 128)
(33, 40, 105, 112)
(24, 66, 79, 121)
(56, 65, 80, 89)
(38, 70, 75, 107)
(62, 69, 76, 83)
(31, 54, 91, 114)
(7, 56, 89, 138)
(17, 72, 73, 128)
(24, 27, 118, 121)
(51, 52, 93, 94)
(1, 26, 119, 144)
(39, 71, 74, 106)
(37, 44, 101, 108)
(11, 53, 92, 134)
(22, 60, 85, 123)
(9, 27, 118, 136)
(5, 71, 74, 140)
(15, 42, 103, 130)
(15, 72, 73, 130)
(37, 41, 104, 108)
(25, 60, 85, 120)
(7, 10, 135, 138)
(60, 61, 84, 85)
(23, 42, 103, 122)
(4, 68, 77, 141)
(34, 71, 74, 111)
(52, 53, 92, 93)
(17, 32, 113, 128)
(22, 42, 103, 123)
(25, 59, 86, 120)
(43, 47, 98, 102)
(8, 26, 119, 137)
(38, 55, 90, 107)
(20, 62, 83, 125)
(8, 36, 109, 137)
(15, 32, 113, 130)
(15, 68, 77, 130)
(19, 46, 99, 126)
(9, 47, 98, 136)
(11, 32, 113, 134)
(46, 52, 93, 99)
(10, 12, 133, 135)
(51, 70, 75, 94)
(39, 47, 98, 106)
(49, 60, 85, 96)
(15, 17, 128, 130)
(17, 18, 127, 128)
(44, 46, 99, 101)
(25, 53, 92, 120)
(2, 31, 114, 143)
(15, 50, 95, 130)
(41, 52, 93, 104)
(30, 44, 101, 115)
(47, 66, 79, 98)
(58, 65, 80, 87)
(10, 22, 123, 135)
(9, 37, 108, 136)
(17, 38, 107, 128)
(25, 52, 93, 120)
(31, 66, 79, 114)
(15, 63, 82, 130)
(17, 49, 96, 128)
(34, 62, 83, 111)
(43, 56, 89, 102)
(59, 61, 84, 86)
(35, 41, 104, 110)
(44, 57, 88, 101)
(34, 57, 88, 111)
(41, 63, 82, 104)
(32, 42, 103, 113)
(2, 59, 86, 143)
(2, 56, 89, 143)
(14, 70, 75, 131)
(30, 34, 111, 115)
(21, 27, 118, 124)
(22, 61, 84, 123)
(15, 61, 84, 130)
(12, 29, 116, 133)
(32, 60, 85, 113)
(38, 52, 93, 107)
(10, 60, 85, 135)
(2, 30, 115, 143)
(13, 17, 128, 132)
(19, 20, 125, 126)
(33, 54, 91, 112)
(53, 58, 87, 92)
(5, 27, 118, 140)
(55, 68, 77, 90)
(29, 39, 106, 116)
(18, 24, 121, 127)
(5, 57, 88, 140)
(20, 53, 92, 125)
(3, 31, 114, 142)
(18, 69, 76, 127)
(4, 26, 119, 141)
(31, 67, 78, 114)
(8, 70, 75, 137)
(6, 65, 80, 139)
(41, 62, 83, 104)
(48, 66, 79, 97)
(31, 38, 107, 114)
(37, 56, 89, 108)
(10, 35, 110, 135)
(35, 47, 98, 110)
(67, 71, 74, 78)
(20, 38, 107, 125)
(15, 48, 97, 130)
(7, 51, 94, 138)
(42, 55, 90, 103)
(8, 27, 118, 137)
(5, 34, 111, 140)
(8, 51, 94, 137)
(5, 33, 112, 140)
(19, 36, 109, 126)
(3, 60, 85, 142)
(14, 43, 102, 131)
(56, 62, 83, 89)
(29, 32, 113, 116)
(26, 41, 104, 119)
(6, 23, 122, 139)
(38, 54, 91, 107)
(12, 19, 126, 133)
(47, 59, 86, 98)
(25, 65, 80, 120)
(26, 52, 93, 119)
(14, 66, 79, 131)
(7, 42, 103, 138)
(4, 16, 129, 141)
(13, 29, 116, 132)
(38, 47, 98, 107)
(10, 59, 86, 135)
(27, 72, 73, 118)
(3, 33, 112, 142)
(11, 34, 111, 134)
(37, 46, 99, 108)
(20, 22, 123, 125)
(48, 53, 92, 97)
(49, 59, 86, 96)
(21, 54, 91, 124)
(63, 70, 75, 82)
(28, 43, 102, 117)
(31, 57, 88, 114)
(11, 35, 110, 134)
(15, 33, 112, 130)
(16, 68, 77, 129)
(31, 46, 99, 114)
(5, 12, 133, 140)
(7, 46, 99, 138)
(54, 67, 78, 91)
(29, 38, 107, 116)
(10, 44, 101, 135)
(46, 71, 74, 99)
(6, 37, 108, 139)
(10, 29, 116, 135)
(15, 20, 125, 130)
(19, 52, 93, 126)
(23, 28, 117, 122)
(36, 45, 100, 109)
(17, 52, 93, 128)
(35, 49, 96, 110)
(17, 44, 101, 128)
(13, 24, 121, 132)
(5, 50, 95, 140)
(12, 24, 121, 133)
(53, 68, 77, 92)
(17, 40, 105, 128)
(43, 44, 101, 102)
(51, 65, 80, 94)
(7, 40, 105, 138)
(16, 21, 124, 129)
(46, 56, 89, 99)
(17, 45, 100, 128)
(8, 53, 92, 137)
(5, 45, 100, 140)
(17, 43, 102, 128)
(7, 16, 129, 138)
(8, 65, 80, 137)
(54, 55, 90, 91)
(9, 29, 116, 136)
(5, 15, 130, 140)
(40, 58, 87, 105)
(45, 56, 89, 100)
(34, 67, 78, 111)
(9, 19, 126, 136)
(51, 61, 84, 94)
(8, 54, 91, 137)
(25, 30, 115, 120)
(69, 71, 74, 76)
(53, 60, 85, 92)
(2, 3, 142, 143)
(3, 53, 92, 142)
(15, 23, 122, 130)
(64, 68, 77, 81)
(29, 40, 105, 116)
(23, 47, 98, 122)
(57, 58, 87, 88)
(66, 68, 77, 79)
(21, 50, 95, 124)
(2, 8, 137, 143)
(19, 29, 116, 126)
(30, 40, 105, 115)
(26, 63, 82, 119)
(43, 60, 85, 102)
(32, 40, 105, 113)
(18, 56, 89, 127)
(14, 59, 86, 131)
(14, 63, 82, 131)
(6, 8, 137, 139)
(23, 54, 91, 122)
(34, 35, 110, 111)
(67, 68, 77, 78)
(28, 63, 82, 117)
(17, 67, 78, 128)
(3, 51, 94, 142)
(13, 61, 84, 132)
(11, 16, 129, 134)
(2, 33, 112, 143)
(5, 19, 126, 140)
(34, 38, 107, 111)
(64, 69, 76, 81)
(35, 69, 76, 110)
(31, 61, 84, 114)
(37, 47, 98, 108)
(2, 13, 132, 143)
(6, 38, 107, 139)
(24, 51, 94, 121)
(41, 58, 87, 104)
(14, 44, 101, 131)
(23, 41, 104, 122)
(35, 46, 99, 110)
(25, 50, 95, 120)
(3, 16, 129, 142)
(11, 62, 83, 134)
(47, 71, 74, 98)
(58, 71, 74, 87)
(10, 18, 127, 135)
(15, 26, 119, 130)
(4, 19, 126, 141)
(10, 51, 94, 135)
(49, 54, 91, 96)
(13, 71, 74, 132)
(25, 35, 110, 120)
(27, 55, 90, 118)
(14, 32, 113, 131)
(36, 53, 92, 109)
(1, 29, 116, 144)
(41, 60, 85, 104)
(45, 72, 73, 100)
(55, 56, 89, 90)
(31, 65, 80, 114)
(14, 39, 106, 131)
(14, 48, 97, 131)
(45, 51, 94, 100)
(30, 72, 73, 115)
(49, 69, 76, 96)
(52, 71, 74, 93)
(43, 62, 83, 102)
(44, 52, 93, 101)
(69, 70, 75, 76)
(2, 35, 110, 143)
(3, 43, 102, 142)
(7, 49, 96, 138)
(10, 64, 81, 135)
(12, 61, 84, 133)
(47, 68, 77, 98)
(32, 68, 77, 113)
(23, 40, 105, 122)
(31, 45, 100, 114)
(39, 67, 78, 106)
(43, 58, 87, 102)
(27, 51, 94, 118)
(44, 49, 96, 101)
(30, 66, 79, 115)
(1, 2, 143, 144)
(12, 51, 94, 133)
(18, 34, 111, 127)
(28, 65, 80, 117)
(18, 66, 79, 127)
(58, 64, 81, 87)
(22, 72, 73, 123)
(18, 22, 123, 127)
(23, 62, 83, 122)
(25, 40, 105, 120)
(17, 69, 76, 128)
(5, 36, 109, 140)
(22, 50, 95, 123)
(23, 32, 113, 122)
(36, 64, 81, 109)
(25, 44, 101, 120)
(41, 55, 90, 104)
(4, 72, 73, 141)
(21, 31, 114, 124)
(62, 67, 78, 83)
(29, 34, 111, 116)
(38, 44, 101, 107)
(69, 72, 73, 76)
(38, 63, 82, 107)
(17, 51, 94, 128)
(1, 39, 106, 144)
(23, 44, 101, 122)
(4, 9, 136, 141)
(10, 26, 119, 135)
(1, 11, 134, 144)
(61, 64, 81, 84)
(48, 61, 84, 97)
(15, 44, 101, 130)
(16, 38, 107, 129)
(35, 65, 80, 110)
(23, 71, 74, 122)
(8, 60, 85, 137)
(18, 39, 106, 127)
(68, 72, 73, 77)
(8, 30, 115, 137)
(45, 62, 83, 100)
(29, 42, 103, 116)
(20, 63, 82, 125)
(52, 65, 80, 93)
(17, 37, 108, 128)
(5, 62, 83, 140)
(2, 69, 76, 143)
(29, 71, 74, 116)
(32, 65, 80, 113)
(37, 72, 73, 108)
(11, 22, 123, 134)
(26, 32, 113, 119)
(42, 51, 94, 103)
(8, 72, 73, 137)
(39, 46, 99, 106)
(17, 59, 86, 128)
(37, 53, 92, 108)
(2, 44, 101, 143)
(8, 59, 86, 137)
(67, 72, 73, 78)
(10, 65, 80, 135)
(49, 72, 73, 96)
(25, 69, 76, 120)
(51, 62, 83, 94)
(19, 49, 96, 126)
(8, 63, 82, 137)
(26, 42, 103, 119)
(21, 70, 75, 124)
(32, 67, 78, 113)
(16, 50, 95, 129)
(17, 25, 120, 128)
(1, 53, 92, 144)
(15, 40, 105, 130)
(35, 55, 90, 110)
(7, 61, 84, 138)
(1, 46, 99, 144)
(27, 54, 91, 118)
(31, 33, 112, 114)
(30, 50, 95, 115)
(26, 44, 101, 119)
(4, 49, 96, 141)
(1, 9, 136, 144)
(5, 68, 77, 140)
(6, 16, 129, 139)
(21, 47, 98, 124)
(15, 16, 129, 130)
(39, 68, 77, 106)
(8, 21, 124, 137)
(49, 50, 95, 96)
(28, 55, 90, 117)
(2, 36, 109, 143)
(18, 63, 82, 127)
(4, 17, 128, 141)
(28, 59, 86, 117)
(37, 38, 107, 108)
(18, 52, 93, 127)
(55, 67, 78, 90)
(28, 72, 73, 117)
(34, 48, 97, 111)
(20, 24, 121, 125)
(12, 16, 129, 133)
(5, 52, 93, 140)
(3, 36, 109, 142)
(27, 69, 76, 118)
(3, 19, 126, 142)
(60, 62, 83, 85)
(4, 15, 130, 141)
(30, 61, 84, 115)
(7, 34, 111, 138)
(11, 61, 84, 134)
(34, 44, 101, 111)
(37, 60, 85, 108)
(45, 57, 88, 100)
(3, 12, 133, 142)
(35, 50, 95, 110)
(52, 72, 73, 93)
(12, 46, 99, 133)
(13, 40, 105, 132)
(29, 46, 99, 116)
(19, 35, 110, 126)
(8, 55, 90, 137)
(33, 66, 79, 112)
(9, 67, 78, 136)
(55, 59, 86, 90)
(19, 42, 103, 126)
(23, 45, 100, 122)
(11, 50, 95, 134)
(7, 70, 75, 138)
(29, 69, 76, 116)
(6, 60, 85, 139)
(15, 34, 111, 130)
(50, 61, 84, 95)
(6, 20, 125, 139)
(25, 54, 91, 120)
(4, 71, 74, 141)
(31, 47, 98, 114)
(36, 63, 82, 109)
(20, 26, 119, 125)
(41, 44, 101, 104)
(44, 59, 86, 101)
(42, 66, 79, 103)
(23, 46, 99, 122)
(36, 65, 80, 109)
(10, 57, 88, 135)
(42, 62, 83, 103)
(37, 69, 76, 108)
(44, 51, 94, 101)
(19, 45, 100, 126)
(20, 72, 73, 125)
(46, 58, 87, 99)
(21, 51, 94, 124)
(24, 56, 89, 121)
(33, 56, 89, 112)
(11, 29, 116, 134)
(33, 70, 75, 112)
(30, 36, 109, 115)
(5, 46, 99, 140)
(12, 53, 92, 133)
(24, 63, 82, 121)
(38, 50, 95, 107)
(15, 41, 104, 130)
(3, 54, 91, 142)
(22, 57, 88, 123)
(41, 49, 96, 104)
(42, 65, 80, 103)
(53, 66, 79, 92)
(8, 28, 117, 137)
(20, 35, 110, 125)
(11, 47, 98, 134)
(4, 50, 95, 141)
(3, 37, 108, 142)
(7, 62, 83, 138)
(2, 23, 122, 143)
(18, 19, 126, 127)
(59, 69, 76, 86)
(23, 55, 90, 122)
(43, 52, 93, 102)
(60, 72, 73, 85)
(3, 24, 121, 142)
(42, 45, 100, 103)
(58, 66, 79, 87)
(10, 30, 115, 135)
(22, 68, 77, 123)
(43, 70, 75, 102)
(2, 37, 108, 143)
(18, 42, 103, 127)
(70, 71, 74, 75)
(24, 34, 111, 121)
(40, 72, 73, 105)
(5, 64, 81, 140)
(22, 46, 99, 123)
(24, 40, 105, 121)
(20, 39, 106, 125)
(37, 70, 75, 108)
(26, 38, 107, 119)
(39, 69, 76, 106)
(20, 52, 93, 125)
(14, 55, 90, 131)
(17, 20, 125, 128)
(17, 24, 121, 128)
(19, 31, 114, 126)
(30, 68, 77, 115)
(33, 48, 97, 112)
(9, 71, 74, 136)
(57, 72, 73, 88)
(26, 61, 84, 119)
(22, 66, 79, 123)
(29, 60, 85, 116)
(4, 29, 116, 141)
(21, 24, 121, 124)
(44, 64, 81, 101)
(70, 72, 73, 75)
(25, 41, 104, 120)
(58, 62, 83, 87)
(15, 37, 108, 130)
(40, 57, 88, 105)
(46, 70, 75, 99)
(30, 48, 97, 115)
(6, 35, 110, 139)
(22, 28, 117, 123)
(53, 55, 90, 92)
(6, 45, 100, 139)
(13, 58, 87, 132)
(51, 71, 74, 94)
(11, 45, 100, 134)
(27, 48, 97, 118)
(28, 31, 114, 117)
(2, 14, 131, 143)
(13, 59, 86, 132)
(9, 39, 106, 136)
(36, 55, 90, 109)
(7, 47, 98, 138)
(27, 39, 106, 118)
(29, 70, 75, 116)
(62, 68, 77, 83)
(27, 70, 75, 118)
(7, 17, 128, 138)
(30, 70, 75, 115)
(36, 54, 91, 109)
(61, 71, 74, 84)
(10, 56, 89, 135)
(37, 63, 82, 108)
(13, 33, 112, 132)
(1, 18, 127, 144)
(11, 57, 88, 134)
(3, 49, 96, 142)
(11, 59, 86, 134)
(15, 60, 85, 130)
(39, 52, 93, 106)
(7, 43, 102, 138)
(20, 45, 100, 125)
(34, 54, 91, 111)
(22, 24, 121, 123)
(17, 48, 97, 128)
(27, 40, 105, 118)
(9, 15, 130, 136)
(50, 51, 94, 95)
(42, 72, 73, 103)
(9, 21, 124, 136)
(11, 23, 122, 134)
(8, 35, 110, 137)
(30, 67, 78, 115)
(4, 64, 81, 141)
(6, 29, 116, 139)
(41, 64, 81, 104)
(6, 43, 102, 139)
(4, 53, 92, 141)
(24, 38, 107, 121)
(25, 32, 113, 120)
(26, 30, 115, 119)
(2, 64, 81, 143)
(23, 49, 96, 122)
(10, 58, 87, 135)
(32, 46, 99, 113)
(42, 59, 86, 103)
(10, 38, 107, 135)
(48, 68, 77, 97)
(5, 56, 89, 140)
(4, 39, 106, 141)
(40, 48, 97, 105)
(10, 15, 130, 135)
(26, 36, 109, 119)
(11, 70, 75, 134)
(19, 44, 101, 126)
(62, 70, 75, 83)
(50, 59, 86, 95)
(40, 52, 93, 105)
(3, 4, 141, 142)
(45, 54, 91, 100)
(3, 8, 137, 142)
(4, 36, 109, 141)
(15, 56, 89, 130)
(10, 16, 129, 135)
(7, 37, 108, 138)
(56, 63, 82, 89)
(48, 70, 75, 97)
(9, 62, 83, 136)
(10, 37, 108, 135)
(10, 41, 104, 135)
(5, 31, 114, 140)
(40, 69, 76, 105)
(16, 31, 114, 129)
(6, 64, 81, 139)
(29, 41, 104, 116)
(34, 65, 80, 111)
(19, 68, 77, 126)
(31, 56, 89, 114)
(40, 60, 85, 105)
(44, 60, 85, 101)
(21, 44, 101, 124)
(2, 16, 129, 143)
(23, 50, 95, 122)
(29, 55, 90, 116)
(34, 55, 90, 111)
(12, 36, 109, 133)
(45, 46, 99, 100)
(61, 66, 79, 84)
(63, 68, 77, 82)
(4, 10, 135, 141)
(8, 17, 128, 137)
(10, 33, 112, 135)
(8, 37, 108, 137)
(13, 54, 91, 132)
(6, 62, 83, 139)
(48, 71, 74, 97)
(3, 6, 139, 142)
(9, 16, 129, 136)
(21, 28, 117, 124)
(6, 53, 92, 139)
(41, 70, 75, 104)
(5, 8, 137, 140)
(13, 43, 102, 132)
(21, 69, 76, 124)
(15, 43, 102, 130)
(19, 72, 73, 126)
(45, 58, 87, 100)
(5, 21, 124, 140)
(27, 49, 96, 118)
(3, 71, 74, 142)
(37, 58, 87, 108)
(34, 63, 82, 111)
(56, 59, 86, 89)
(11, 52, 93, 134)
(14, 42, 103, 131)
(17, 61, 84, 128)
(51, 53, 92, 94)
(27, 60, 85, 118)
(7, 71, 74, 138)
(49, 65, 80, 96)
(51, 69, 76, 94)
(22, 70, 75, 123)
(29, 47, 98, 116)
(4, 23, 122, 141)
(17, 57, 88, 128)
(1, 64, 81, 144)
(32, 57, 88, 113)
(22, 45, 100, 123)
(14, 50, 95, 131)
(19, 25, 120, 126)
(33, 34, 111, 112)
(53, 62, 83, 92)
(54, 62, 83, 91)
(50, 62, 83, 95)
(8, 40, 105, 137)
(12, 25, 120, 133)
(2, 60, 85, 143)
(9, 34, 111, 136)
(22, 69, 76, 123)
(32, 39, 106, 113)
(48, 56, 89, 97)
(28, 53, 92, 117)
(45, 50, 95, 100)
(45, 65, 80, 100)
(9, 44, 101, 136)
(2, 15, 130, 143)
(3, 13, 132, 142)
(57, 70, 75, 88)
(31, 41, 104, 114)
(10, 52, 93, 135)
(16, 22, 123, 129)
(60, 70, 75, 85)
(13, 67, 78, 132)
(17, 35, 110, 128)
(13, 39, 106, 132)
(22, 36, 109, 123)
(25, 36, 109, 120)
(17, 54, 91, 128)
(26, 58, 87, 119)
(6, 24, 121, 139)
(25, 55, 90, 120)
(47, 49, 96, 98)
(44, 66, 79, 101)
(65, 69, 76, 80)
(29, 45, 100, 116)
(13, 66, 79, 132)
(36, 59, 86, 109)
(39, 49, 96, 106)
(34, 69, 76, 111)
(39, 65, 80, 106)
(25, 61, 84, 120)
(14, 64, 81, 131)
(12, 58, 87, 133)
(37, 65, 80, 108)
(32, 44, 101, 113)
(7, 53, 92, 138)
(15, 47, 98, 130)
(36, 60, 85, 109)
(9, 20, 125, 136)
(3, 45, 100, 142)
(6, 30, 115, 139)
(12, 56, 89, 133)
(39, 60, 85, 106)
(13, 21, 124, 132)
(26, 50, 95, 119)
(5, 35, 110, 140)
(48, 60, 85, 97)
(33, 35, 110, 112)
(56, 58, 87, 89)
(25, 68, 77, 120)
(52, 69, 76, 93)
(4, 40, 105, 141)
(46, 49, 96, 99)
(27, 67, 78, 118)
(4, 61, 84, 141)
(13, 55, 90, 132)
(37, 54, 91, 108)
(20, 32, 113, 125)
(24, 31, 114, 121)
(42, 70, 75, 103)
(26, 57, 88, 119)
(6, 44, 101, 139)
(6, 36, 109, 139)
(43, 64, 81, 102)
(15, 25, 120, 130)
(8, 61, 84, 137)
(56, 64, 81, 89)
(57, 71, 74, 88)
(11, 33, 112, 134)
(12, 49, 96, 133)
(17, 65, 80, 128)
(58, 72, 73, 87)
(26, 27, 118, 119)
(25, 29, 116, 120)
(60, 68, 77, 85)
(8, 49, 96, 137)
(52, 64, 81, 93)
(12, 13, 132, 133)
(29, 58, 87, 116)
(15, 69, 76, 130)
(33, 43, 102, 112)
(45, 68, 77, 100)
(50, 69, 76, 95)
(9, 36, 109, 136)
(42, 56, 89, 103)
(23, 33, 112, 122)
(2, 67, 78, 143)
(58, 59, 86, 87)
(4, 45, 100, 141)
(61, 63, 82, 84)
(62, 66, 79, 83)
(12, 35, 110, 133)
(19, 40, 105, 126)}

Print all_are_pairs (contains 2556 tuples): {
(3, 65, 80, 142)
(6, 71, 74, 139)
(12, 17, 128, 133)
(42, 63, 82, 103)
(5, 22, 123, 140)
(7, 15, 130, 138)
(28, 49, 96, 117)
(5, 41, 104, 140)
(23, 58, 87, 122)
(19, 27, 118, 126)
(37, 39, 106, 108)
(45, 71, 74, 100)
(9, 42, 103, 136)
(5, 40, 105, 140)
(27, 44, 101, 118)
(35, 60, 85, 110)
(6, 42, 103, 139)
(12, 52, 93, 133)
(15, 55, 90, 130)
(13, 56, 89, 132)
(14, 22, 123, 131)
(51, 54, 91, 94)
(31, 52, 93, 114)
(5, 72, 73, 140)
(11, 68, 77, 134)
(21, 37, 108, 124)
(8, 41, 104, 137)
(2, 61, 84, 143)
(22, 39, 106, 123)
(15, 39, 106, 130)
(35, 36, 109, 110)
(3, 34, 111, 142)
(21, 25, 120, 124)
(54, 58, 87, 91)
(27, 59, 86, 118)
(50, 53, 92, 95)
(20, 68, 77, 125)
(3, 68, 77, 142)
(9, 72, 73, 136)
(27, 35, 110, 118)
(22, 56, 89, 123)
(47, 70, 75, 98)
(28, 56, 89, 117)
(1, 14, 131, 144)
(2, 71, 74, 143)
(2, 21, 124, 143)
(47, 67, 78, 98)
(18, 53, 92, 127)
(8, 12, 133, 137)
(35, 68, 77, 110)
(25, 45, 100, 120)
(33, 59, 86, 112)
(7, 48, 97, 138)
(14, 16, 129, 131)
(40, 66, 79, 105)
(9, 52, 93, 136)
(30, 54, 91, 115)
(21, 52, 93, 124)
(29, 51, 94, 116)
(2, 54, 91, 143)
(32, 59, 86, 113)
(14, 69, 76, 131)
(48, 72, 73, 97)
(4, 54, 91, 141)
(9, 17, 128, 136)
(32, 52, 93, 113)
(7, 29, 116, 138)
(4, 46, 99, 141)
(12, 20, 125, 133)
(35, 54, 91, 110)
(8, 10, 135, 137)
(23, 24, 121, 122)
(51, 72, 73, 94)
(5, 53, 92, 140)
(23, 63, 82, 122)
(3, 57, 88, 142)
(8, 68, 77, 137)
(52, 67, 78, 93)
(30, 62, 83, 115)
(14, 38, 107, 131)
(7, 63, 82, 138)
(54, 71, 74, 91)
(30, 56, 89, 115)
(50, 57, 88, 95)
(12, 65, 80, 133)
(1, 21, 124, 144)
(65, 66, 79, 80)
(25, 66, 79, 120)
(18, 48, 97, 127)
(8, 66, 79, 137)
(6, 54, 91, 139)
(1, 33, 112, 144)
(19, 59, 86, 126)
(12, 30, 115, 133)
(15, 24, 121, 130)
(7, 64, 81, 138)
(21, 62, 83, 124)
(3, 9, 136, 142)
(21, 41, 104, 124)
(32, 49, 96, 113)
(53, 72, 73, 92)
(23, 60, 85, 122)
(48, 67, 78, 97)
(17, 70, 75, 128)
(19, 43, 102, 126)
(24, 46, 99, 121)
(19, 67, 78, 126)
(19, 38, 107, 126)
(16, 44, 101, 129)
(22, 23, 122, 123)
(6, 12, 133, 139)
(13, 68, 77, 132)
(2, 43, 102, 143)
(21, 53, 92, 124)
(45, 55, 90, 100)
(50, 56, 89, 95)
(14, 35, 110, 131)
(57, 67, 78, 88)
(19, 71, 74, 126)
(14, 17, 128, 131)
(9, 58, 87, 136)
(20, 59, 86, 125)
(24, 65, 80, 121)
(38, 41, 104, 107)
(18, 31, 114, 127)
(22, 43, 102, 123)
(33, 42, 103, 112)
(25, 58, 87, 120)
(10, 27, 118, 135)
(12, 55, 90, 133)
(16, 26, 119, 129)
(52, 56, 89, 93)
(30, 45, 100, 115)
(21, 22, 123, 124)
(42, 53, 92, 103)
(14, 24, 121, 131)
(22, 29, 116, 123)
(9, 49, 96, 136)
(31, 58, 87, 114)
(1, 40, 105, 144)
(2, 27, 118, 143)
(21, 29, 116, 124)
(1, 47, 98, 144)
(8, 67, 78, 137)
(19, 54, 91, 126)
(5, 20, 125, 140)
(33, 67, 78, 112)
(44, 67, 78, 101)
(21, 33, 112, 124)
(23, 56, 89, 122)
(32, 43, 102, 113)
(19, 26, 119, 126)
(18, 27, 118, 127)
(3, 61, 84, 142)
(16, 25, 120, 129)
(41, 56, 89, 104)
(6, 34, 111, 139)
(16, 67, 78, 129)
(10, 70, 75, 135)
(10, 28, 117, 135)
(13, 19, 126, 132)
(20, 33, 112, 125)
(22, 35, 110, 123)
(40, 43, 102, 105)
(21, 32, 113, 124)
(43, 46, 99, 102)
(20, 21, 124, 125)
(23, 48, 97, 122)
(15, 45, 100, 130)
(21, 60, 85, 124)
(40, 71, 74, 105)
(57, 68, 77, 88)
(25, 56, 89, 120)
(42, 50, 95, 103)
(53, 54, 91, 92)
(42, 48, 97, 103)
(20, 51, 94, 125)
(46, 59, 86, 99)
(39, 55, 90, 106)
(20, 56, 89, 125)
(11, 21, 124, 134)
(14, 52, 93, 131)
(13, 38, 107, 132)
(26, 54, 91, 119)
(43, 68, 77, 102)
(18, 20, 125, 127)
(5, 70, 75, 140)
(13, 30, 115, 132)
(20, 69, 76, 125)
(14, 41, 104, 131)
(13, 53, 92, 132)
(47, 55, 90, 98)
(26, 56, 89, 119)
(36, 68, 77, 109)
(63, 66, 79, 82)
(23, 59, 86, 122)
(40, 42, 103, 105)
(24, 33, 112, 121)
(41, 50, 95, 104)
(8, 14, 131, 137)
(28, 58, 87, 117)
(9, 56, 89, 136)
(16, 33, 112, 129)
(5, 37, 108, 140)
(46, 72, 73, 99)
(21, 66, 79, 124)
(1, 38, 107, 144)
(11, 39, 106, 134)
(36, 46, 99, 109)
(7, 13, 132, 138)
(7, 36, 109, 138)
(12, 66, 79, 133)
(16, 17, 128, 129)
(16, 46, 99, 129)
(26, 55, 90, 119)
(3, 21, 124, 142)
(17, 21, 124, 128)
(21, 23, 122, 124)
(27, 37, 108, 118)
(36, 50, 95, 109)
(61, 69, 76, 84)
(2, 29, 116, 143)
(8, 58, 87, 137)
(11, 13, 132, 134)
(26, 31, 114, 119)
(32, 38, 107, 113)
(34, 53, 92, 111)
(58, 61, 84, 87)
(9, 66, 79, 136)
(27, 53, 92, 118)
(8, 56, 89, 137)
(13, 64, 81, 132)
(46, 66, 79, 99)
(12, 64, 81, 133)
(22, 38, 107, 123)
(18, 28, 117, 127)
(61, 62, 83, 84)
(7, 30, 115, 138)
(20, 57, 88, 125)
(13, 69, 76, 132)
(48, 54, 91, 97)
(36, 58, 87, 109)
(7, 52, 93, 138)
(5, 39, 106, 140)
(15, 57, 88, 130)
(46, 51, 94, 99)
(32, 55, 90, 113)
(16, 40, 105, 129)
(2, 5, 140, 143)
(19, 28, 117, 126)
(17, 36, 109, 128)
(23, 61, 84, 122)
(42, 67, 78, 103)
(11, 20, 125, 134)
(41, 59, 86, 104)
(11, 67, 78, 134)
(37, 64, 81, 108)
(6, 49, 96, 139)
(11, 66, 79, 134)
(23, 26, 119, 122)
(28, 64, 81, 117)
(1, 41, 104, 144)
(10, 14, 131, 135)
(41, 46, 99, 104)
(12, 68, 77, 133)
(52, 61, 84, 93)
(41, 47, 98, 104)
(41, 67, 78, 104)
(37, 52, 93, 108)
(19, 53, 92, 126)
(31, 64, 81, 114)
(3, 69, 76, 142)
(42, 52, 93, 103)
(54, 56, 89, 91)
(32, 70, 75, 113)
(8, 15, 130, 137)
(32, 66, 79, 113)
(37, 43, 102, 108)
(26, 48, 97, 119)
(34, 50, 95, 111)
(59, 71, 74, 86)
(32, 48, 97, 113)
(24, 58, 87, 121)
(8, 42, 103, 137)
(2, 40, 105, 143)
(40, 50, 95, 105)
(10, 50, 95, 135)
(16, 54, 91, 129)
(65, 68, 77, 80)
(2, 62, 83, 143)
(26, 70, 75, 119)
(18, 65, 80, 127)
(14, 46, 99, 131)
(15, 53, 92, 130)
(21, 64, 81, 124)
(8, 50, 95, 137)
(31, 68, 77, 114)
(61, 65, 80, 84)
(32, 47, 98, 113)
(8, 57, 88, 137)
(44, 50, 95, 101)
(22, 53, 92, 123)
(5, 6, 139, 140)
(22, 37, 108, 123)
(14, 56, 89, 131)
(29, 72, 73, 116)
(18, 60, 85, 127)
(24, 71, 74, 121)
(4, 47, 98, 141)
(7, 72, 73, 138)
(28, 33, 112, 117)
(52, 62, 83, 93)
(8, 18, 127, 137)
(51, 57, 88, 94)
(10, 21, 124, 135)
(27, 64, 81, 118)
(30, 39, 106, 115)
(44, 47, 98, 101)
(6, 39, 106, 139)
(8, 44, 101, 137)
(21, 57, 88, 124)
(3, 41, 104, 142)
(6, 22, 123, 139)
(18, 71, 74, 127)
(10, 49, 96, 135)
(1, 62, 83, 144)
(18, 51, 94, 127)
(2, 50, 95, 143)
(42, 71, 74, 103)
(1, 66, 79, 144)
(2, 65, 80, 143)
(22, 34, 111, 123)
(11, 46, 99, 134)
(11, 24, 121, 134)
(25, 42, 103, 120)
(15, 18, 127, 130)
(7, 39, 106, 138)
(24, 62, 83, 121)
(3, 18, 127, 142)
(9, 24, 121, 136)
(13, 60, 85, 132)
(12, 28, 117, 133)
(52, 57, 88, 93)
(13, 44, 101, 132)
(22, 64, 81, 123)
(9, 50, 95, 136)
(33, 57, 88, 112)
(28, 67, 78, 117)
(19, 50, 95, 126)
(5, 10, 135, 140)
(19, 33, 112, 126)
(30, 38, 107, 115)
(6, 28, 117, 139)
(66, 71, 74, 79)
(29, 44, 101, 116)
(21, 45, 100, 124)
(9, 59, 86, 136)
(3, 55, 90, 142)
(4, 70, 75, 141)
(20, 48, 97, 125)
(23, 69, 76, 122)
(9, 22, 123, 136)
(39, 61, 84, 106)
(2, 41, 104, 143)
(4, 28, 117, 141)
(13, 45, 100, 132)
(21, 56, 89, 124)
(57, 69, 76, 88)
(16, 56, 89, 129)
(32, 51, 94, 113)
(49, 53, 92, 96)
(3, 62, 83, 142)
(10, 54, 91, 135)
(26, 71, 74, 119)
(21, 39, 106, 124)
(15, 67, 78, 130)
(12, 45, 100, 133)
(1, 12, 133, 144)
(3, 47, 98, 142)
(17, 42, 103, 128)
(6, 21, 124, 139)
(23, 67, 78, 122)
(31, 42, 103, 114)
(45, 47, 98, 100)
(1, 24, 121, 144)
(28, 57, 88, 117)
(37, 55, 90, 108)
(47, 56, 89, 98)
(63, 64, 81, 82)
(20, 49, 96, 125)
(22, 63, 82, 123)
(8, 19, 126, 137)
(31, 69, 76, 114)
(7, 67, 78, 138)
(5, 67, 78, 140)
(32, 41, 104, 113)
(4, 22, 123, 141)
(13, 63, 82, 132)
(3, 11, 134, 142)
(25, 31, 114, 120)
(38, 48, 97, 107)
(37, 49, 96, 108)
(10, 68, 77, 135)
(38, 65, 80, 107)
(6, 69, 76, 139)
(11, 18, 127, 134)
(13, 34, 111, 132)
(2, 12, 133, 143)
(13, 16, 129, 132)
(40, 53, 92, 105)
(59, 68, 77, 86)
(18, 43, 102, 127)
(30, 46, 99, 115)
(27, 33, 112, 118)
(13, 28, 117, 132)
(21, 63, 82, 124)
(37, 71, 74, 108)
(30, 65, 80, 115)
(32, 53, 92, 113)
(1, 7, 138, 144)
(17, 29, 116, 128)
(1, 51, 94, 144)
(51, 67, 78, 94)
(1, 52, 93, 144)
(49, 62, 83, 96)
(2, 25, 120, 143)
(41, 69, 76, 104)
(14, 18, 127, 131)
(12, 43, 102, 133)
(23, 39, 106, 122)
(1, 36, 109, 144)
(13, 25, 120, 132)
(4, 34, 111, 141)
(10, 13, 132, 135)
(15, 21, 124, 130)
(51, 68, 77, 94)
(50, 58, 87, 95)
(28, 38, 107, 117)
(8, 22, 123, 137)
(43, 69, 76, 102)
(30, 58, 87, 115)
(41, 65, 80, 104)
(14, 67, 78, 131)
(54, 64, 81, 91)
(59, 66, 79, 86)
(33, 72, 73, 112)
(4, 37, 108, 141)
(35, 72, 73, 110)
(22, 52, 93, 123)
(22, 55, 90, 123)
(32, 37, 108, 113)
(5, 24, 121, 140)
(7, 68, 77, 138)
(4, 25, 120, 141)
(53, 56, 89, 92)
(50, 52, 93, 95)
(6, 61, 84, 139)
(28, 62, 83, 117)
(35, 64, 81, 110)
(35, 62, 83, 110)
(17, 63, 82, 128)
(37, 51, 94, 108)
(29, 65, 80, 116)
(27, 50, 95, 118)
(4, 14, 131, 141)
(7, 19, 126, 138)
(28, 39, 106, 117)
(16, 28, 117, 129)
(42, 49, 96, 103)
(46, 53, 92, 99)
(25, 27, 118, 120)
(50, 54, 91, 95)
(46, 67, 78, 99)
(51, 66, 79, 94)
(24, 60, 85, 121)
(54, 59, 86, 91)
(17, 27, 118, 128)
(16, 30, 115, 129)
(33, 65, 80, 112)
(26, 47, 98, 119)
(60, 64, 81, 85)
(24, 25, 120, 121)
(32, 71, 74, 113)
(20, 65, 80, 125)
(4, 48, 97, 141)
(43, 51, 94, 102)
(1, 48, 97, 144)
(19, 66, 79, 126)
(4, 63, 82, 141)
(23, 31, 114, 122)
(43, 61, 84, 102)
(29, 62, 83, 116)
(7, 50, 95, 138)
(3, 46, 99, 142)
(56, 67, 78, 89)
(8, 39, 106, 137)
(6, 13, 132, 139)
(45, 64, 81, 100)
(19, 23, 122, 126)
(35, 63, 82, 110)
(53, 71, 74, 92)
(11, 36, 109, 134)
(29, 52, 93, 116)
(34, 51, 94, 111)
(6, 51, 94, 139)
(59, 63, 82, 86)
(16, 32, 113, 129)
(26, 65, 80, 119)
(9, 40, 105, 136)
(36, 56, 89, 109)
(34, 70, 75, 111)
(7, 26, 119, 138)
(4, 44, 101, 141)
(37, 45, 100, 108)
(32, 56, 89, 113)
(22, 30, 115, 123)
(26, 67, 78, 119)
(30, 55, 90, 115)
(51, 63, 82, 94)
(62, 63, 82, 83)
(11, 41, 104, 134)
(35, 39, 106, 110)
(33, 69, 76, 112)
(24, 36, 109, 121)
(40, 63, 82, 105)
(27, 46, 99, 118)
(34, 56, 89, 111)
(15, 65, 80, 130)
(19, 64, 81, 126)
(9, 14, 131, 136)
(9, 63, 82, 136)
(3, 5, 140, 142)
(41, 72, 73, 104)
(9, 53, 92, 136)
(54, 61, 84, 91)
(2, 22, 123, 143)
(2, 52, 93, 143)
(20, 36, 109, 125)
(5, 26, 119, 140)
(27, 52, 93, 118)
(1, 17, 128, 144)
(23, 57, 88, 122)
(7, 57, 88, 138)
(61, 68, 77, 84)
(1, 30, 115, 144)
(9, 68, 77, 136)
(21, 42, 103, 124)
(40, 62, 83, 105)
(44, 65, 80, 101)
(12, 34, 111, 133)
(34, 45, 100, 111)
(11, 17, 128, 134)
(49, 51, 94, 96)
(57, 64, 81, 88)
(33, 36, 109, 112)
(1, 68, 77, 144)
(43, 59, 86, 102)
(40, 68, 77, 105)
(6, 59, 86, 139)
(19, 69, 76, 126)
(22, 32, 113, 123)
(13, 14, 131, 132)
(5, 29, 116, 140)
(10, 24, 121, 135)
(32, 62, 83, 113)
(43, 63, 82, 102)
(2, 10, 135, 143)
(9, 31, 114, 136)
(10, 20, 125, 135)
(29, 43, 102, 116)
(43, 57, 88, 102)
(39, 54, 91, 106)
(20, 34, 111, 125)
(31, 71, 74, 114)
(64, 65, 80, 81)
(34, 61, 84, 111)
(66, 72, 73, 79)
(21, 72, 73, 124)
(35, 44, 101, 110)
(32, 72, 73, 113)
(35, 58, 87, 110)
(12, 59, 86, 133)
(24, 28, 117, 121)
(41, 53, 92, 104)
(20, 71, 74, 125)
(2, 28, 117, 143)
(32, 64, 81, 113)
(34, 40, 105, 111)
(11, 48, 97, 134)
(46, 54, 91, 99)
(7, 20, 125, 138)
(40, 41, 104, 105)
(26, 39, 106, 119)
(21, 48, 97, 124)
(18, 44, 101, 127)
(47, 50, 95, 98)
(25, 48, 97, 120)
(38, 60, 85, 107)
(26, 60, 85, 119)
(47, 58, 87, 98)
(16, 36, 109, 129)
(24, 42, 103, 121)
(15, 59, 86, 130)
(16, 37, 108, 129)
(10, 31, 114, 135)
(20, 61, 84, 125)
(23, 38, 107, 122)
(26, 40, 105, 119)
(23, 25, 120, 122)
(43, 45, 100, 102)
(56, 72, 73, 89)
(14, 15, 130, 131)
(15, 51, 94, 130)
(19, 62, 83, 126)
(4, 20, 125, 141)
(16, 61, 84, 129)
(18, 46, 99, 127)
(31, 49, 96, 114)
(56, 66, 79, 89)
(37, 57, 88, 108)
(11, 72, 73, 134)
(25, 38, 107, 120)
(35, 61, 84, 110)
(58, 70, 75, 87)
(7, 18, 127, 138)
(13, 27, 118, 132)
(35, 38, 107, 110)
(4, 30, 115, 141)
(39, 53, 92, 106)
(44, 48, 97, 101)
(27, 36, 109, 118)
(14, 21, 124, 131)
(17, 50, 95, 128)
(45, 59, 86, 100)
(8, 32, 113, 137)
(1, 70, 75, 144)
(28, 40, 105, 117)
(50, 66, 79, 95)
(19, 21, 124, 126)
(25, 28, 117, 120)
(18, 61, 84, 127)
(28, 30, 115, 117)
(5, 58, 87, 140)
(9, 38, 107, 136)
(28, 70, 75, 117)
(61, 67, 78, 84)
(34, 52, 93, 111)
(52, 60, 85, 93)
(14, 72, 73, 131)
(12, 15, 130, 133)
(23, 70, 75, 122)
(27, 58, 87, 118)
(47, 48, 97, 98)
(1, 4, 141, 144)
(3, 30, 115, 142)
(46, 47, 98, 99)
(40, 56, 89, 105)
(46, 61, 84, 99)
(47, 57, 88, 98)
(16, 45, 100, 129)
(23, 34, 111, 122)
(36, 44, 101, 109)
(19, 39, 106, 126)
(28, 41, 104, 117)
(17, 64, 81, 128)
(34, 49, 96, 111)
(37, 48, 97, 108)
(24, 37, 108, 121)
(10, 42, 103, 135)
(48, 59, 86, 97)
(4, 6, 139, 141)
(3, 23, 122, 142)
(38, 61, 84, 107)
(29, 31, 114, 116)
(54, 70, 75, 91)
(20, 29, 116, 125)
(8, 23, 122, 137)
(12, 41, 104, 133)
(38, 72, 73, 107)
(30, 53, 92, 115)
(38, 58, 87, 107)
(20, 28, 117, 125)
(48, 64, 81, 97)
(17, 19, 126, 128)
(6, 10, 135, 139)
(25, 63, 82, 120)
(26, 43, 102, 119)
(21, 61, 84, 124)
(50, 60, 85, 95)
(27, 71, 74, 118)
(22, 41, 104, 123)
(14, 20, 125, 131)
(43, 48, 97, 102)
(59, 70, 75, 86)
(27, 34, 111, 118)
(31, 50, 95, 114)
(46, 69, 76, 99)
(3, 25, 120, 142)
(40, 44, 101, 105)
(26, 69, 76, 119)
(40, 54, 91, 105)
(18, 25, 120, 127)
(3, 44, 101, 142)
(26, 51, 94, 119)
(45, 69, 76, 100)
(48, 49, 96, 97)
(29, 63, 82, 116)
(23, 68, 77, 122)
(10, 19, 126, 135)
(5, 55, 90, 140)
(41, 66, 79, 104)
(28, 50, 95, 117)
(11, 60, 85, 134)
(26, 37, 108, 119)
(36, 51, 94, 109)
(8, 25, 120, 137)
(15, 66, 79, 130)
(2, 45, 100, 143)
(25, 70, 75, 120)
(13, 15, 130, 132)
(31, 63, 82, 114)
(21, 49, 96, 124)
(24, 44, 101, 121)
(2, 20, 125, 143)
(3, 15, 130, 142)
(4, 66, 79, 141)
(6, 67, 78, 139)
(53, 67, 78, 92)
(3, 29, 116, 142)
(12, 67, 78, 133)
(18, 26, 119, 127)
(13, 46, 99, 132)
(14, 31, 114, 131)
(34, 37, 108, 111)
(1, 55, 90, 144)
(26, 62, 83, 119)
(19, 56, 89, 126)
(13, 26, 119, 132)
(17, 34, 111, 128)
(27, 65, 80, 118)
(44, 63, 82, 101)
(7, 66, 79, 138)
(25, 57, 88, 120)
(11, 31, 114, 134)
(24, 70, 75, 121)
(42, 44, 101, 103)
(57, 59, 86, 88)
(3, 72, 73, 142)
(45, 49, 96, 100)
(2, 18, 127, 143)
(1, 5, 140, 144)
(3, 10, 135, 142)
(16, 18, 127, 129)
(11, 56, 89, 134)
(48, 55, 90, 97)
(3, 39, 106, 142)
(7, 65, 80, 138)
(20, 54, 91, 125)
(18, 64, 81, 127)
(2, 4, 141, 143)
(33, 71, 74, 112)
(60, 69, 76, 85)
(9, 10, 135, 136)
(56, 68, 77, 89)
(15, 62, 83, 130)
(21, 46, 99, 124)
(2, 6, 139, 143)
(31, 32, 113, 114)
(9, 60, 85, 136)
(9, 12, 133, 136)
(41, 68, 77, 104)
(13, 65, 80, 132)
(17, 39, 106, 128)
(38, 45, 100, 107)
(38, 49, 96, 107)
(2, 42, 103, 143)
(66, 70, 75, 79)
(13, 48, 97, 132)
(25, 64, 81, 120)
(15, 46, 99, 130)
(1, 42, 103, 144)
(27, 63, 82, 118)
(18, 47, 98, 127)
(30, 63, 82, 115)
(18, 57, 88, 127)
(7, 14, 131, 138)
(3, 20, 125, 142)
(14, 45, 100, 131)
(39, 66, 79, 106)
(1, 43, 102, 144)
(34, 43, 102, 111)
(1, 56, 89, 144)
(16, 34, 111, 129)
(20, 70, 75, 125)
(35, 59, 86, 110)
(17, 22, 123, 128)
(15, 38, 107, 130)
(5, 13, 132, 140)
(17, 53, 92, 128)
(18, 32, 113, 127)
(52, 70, 75, 93)
(42, 60, 85, 103)
(5, 60, 85, 140)
(6, 18, 127, 139)
(18, 30, 115, 127)
(40, 46, 99, 105)
(20, 27, 118, 125)
(28, 52, 93, 117)
(9, 61, 84, 136)
(19, 24, 121, 126)
(16, 53, 92, 129)
(27, 43, 102, 118)
(2, 70, 75, 143)
(46, 57, 88, 99)
(33, 46, 99, 112)
(68, 70, 75, 77)
(66, 69, 76, 79)
(16, 39, 106, 129)
(7, 55, 90, 138)
(39, 45, 100, 106)
(23, 65, 80, 122)
(10, 34, 111, 135)
(49, 63, 82, 96)
(7, 28, 117, 138)
(67, 70, 75, 78)
(4, 21, 124, 141)
(2, 38, 107, 143)
(2, 66, 79, 143)
(33, 50, 95, 112)
(39, 50, 95, 106)
(24, 30, 115, 121)
(59, 67, 78, 86)
(19, 30, 115, 126)
(27, 61, 84, 118)
(26, 33, 112, 119)
(28, 54, 91, 117)
(55, 58, 87, 90)
(1, 25, 120, 144)
(19, 22, 123, 126)
(6, 57, 88, 139)
(26, 34, 111, 119)
(33, 39, 106, 112)
(5, 38, 107, 140)
(17, 62, 83, 128)
(4, 11, 134, 141)
(22, 59, 86, 123)
(5, 43, 102, 140)
(36, 38, 107, 109)
(4, 27, 118, 141)
(40, 47, 98, 105)
(38, 56, 89, 107)
(10, 67, 78, 135)
(13, 57, 88, 132)
(4, 32, 113, 141)
(6, 31, 114, 139)
(12, 38, 107, 133)
(31, 72, 73, 114)
(43, 71, 74, 102)
(8, 46, 99, 137)
(31, 55, 90, 114)
(38, 42, 103, 107)
(23, 36, 109, 122)
(43, 53, 92, 102)
(48, 69, 76, 97)
(65, 71, 74, 80)
(10, 69, 76, 135)
(22, 48, 97, 123)
(15, 54, 91, 130)
(1, 16, 129, 144)
(12, 33, 112, 133)
(6, 47, 98, 139)
(7, 12, 133, 138)
(9, 11, 134, 136)
(64, 70, 75, 81)
(17, 68, 77, 128)
(44, 68, 77, 101)
(1, 27, 118, 144)
(19, 60, 85, 126)
(27, 32, 113, 118)
(4, 13, 132, 141)
(15, 64, 81, 130)
(44, 55, 90, 101)
(63, 71, 74, 82)
(16, 71, 74, 129)
(4, 5, 140, 141)
(6, 9, 136, 139)
(27, 28, 117, 118)
(55, 57, 88, 90)
(14, 57, 88, 131)
(19, 51, 94, 126)
(9, 69, 76, 136)
(45, 63, 82, 100)
(7, 25, 120, 138)
(18, 41, 104, 127)
(19, 57, 88, 126)
(16, 47, 98, 129)
(5, 61, 84, 140)
(51, 58, 87, 94)
(29, 67, 78, 116)
(37, 40, 105, 108)
(6, 41, 104, 139)
(18, 54, 91, 127)
(29, 57, 88, 116)
(54, 72, 73, 91)
(49, 66, 79, 96)
(14, 25, 120, 131)
(39, 64, 81, 106)
(9, 64, 81, 136)
(5, 69, 76, 140)
(14, 33, 112, 131)
(7, 45, 100, 138)
(34, 72, 73, 111)
(16, 42, 103, 129)
(29, 36, 109, 116)
(11, 40, 105, 134)
(13, 49, 96, 132)
(48, 63, 82, 97)
(34, 36, 109, 111)
(21, 38, 107, 124)
(16, 43, 102, 129)
(9, 55, 90, 136)
(12, 27, 118, 133)
(12, 37, 108, 133)
(12, 14, 131, 133)
(20, 55, 90, 125)
(20, 43, 102, 125)
(27, 45, 100, 118)
(12, 50, 95, 133)
(47, 69, 76, 98)
(9, 51, 94, 136)
(12, 40, 105, 133)
(12, 62, 83, 133)
(19, 55, 90, 126)
(12, 69, 76, 133)
(16, 41, 104, 129)
(3, 40, 105, 142)
(7, 59, 86, 138)
(49, 57, 88, 96)
(3, 27, 118, 142)
(5, 30, 115, 140)
(24, 54, 91, 121)
(28, 42, 103, 117)
(47, 54, 91, 98)
(26, 49, 96, 119)
(48, 57, 88, 97)
(2, 46, 99, 143)
(6, 15, 130, 139)
(38, 40, 105, 107)
(29, 33, 112, 116)
(18, 62, 83, 127)
(1, 13, 132, 144)
(62, 72, 73, 83)
(9, 54, 91, 136)
(17, 33, 112, 128)
(16, 59, 86, 129)
(1, 45, 100, 144)
(3, 17, 128, 142)
(14, 28, 117, 131)
(27, 31, 114, 118)
(13, 32, 113, 132)
(23, 64, 81, 122)
(57, 66, 79, 88)
(2, 17, 128, 143)
(12, 63, 82, 133)
(23, 52, 93, 122)
(30, 64, 81, 115)
(22, 54, 91, 123)
(42, 43, 102, 103)
(59, 62, 83, 86)
(36, 39, 106, 109)
(12, 71, 74, 133)
(24, 48, 97, 121)
(10, 72, 73, 135)
(48, 51, 94, 97)
(22, 40, 105, 123)
(30, 47, 98, 115)
(26, 46, 99, 119)
(37, 67, 78, 108)
(66, 67, 78, 79)
(30, 51, 94, 115)
(23, 43, 102, 122)
(28, 60, 85, 117)
(30, 60, 85, 115)
(18, 21, 124, 127)
(22, 67, 78, 123)
(3, 56, 89, 142)
(5, 63, 82, 140)
(16, 70, 75, 129)
(9, 32, 113, 136)
(49, 64, 81, 96)
(27, 38, 107, 118)
(9, 46, 99, 136)
(7, 58, 87, 138)
(24, 61, 84, 121)
(44, 69, 76, 101)
(28, 32, 113, 117)
(45, 48, 97, 100)
(13, 52, 93, 132)
(11, 63, 82, 134)
(35, 70, 75, 110)
(2, 55, 90, 143)
(5, 9, 136, 140)
(27, 68, 77, 118)
(40, 70, 75, 105)
(49, 52, 93, 96)
(10, 47, 98, 135)
(13, 20, 125, 132)
(44, 53, 92, 101)
(16, 65, 80, 129)
(7, 69, 76, 138)
(9, 65, 80, 136)
(22, 47, 98, 123)
(3, 50, 95, 142)
(10, 40, 105, 135)
(19, 47, 98, 126)
(25, 62, 83, 120)
(2, 72, 73, 143)
(59, 65, 80, 86)
(4, 67, 78, 141)
(61, 70, 75, 84)
(41, 45, 100, 104)
(5, 47, 98, 140)
(30, 35, 110, 115)
(8, 34, 111, 137)
(4, 42, 103, 141)
(17, 55, 90, 128)
(6, 46, 99, 139)
(19, 34, 111, 126)
(3, 66, 79, 142)
(23, 37, 108, 122)
(57, 65, 80, 88)
(49, 70, 75, 96)
(36, 52, 93, 109)
(58, 60, 85, 87)
(56, 60, 85, 89)
(5, 25, 120, 140)
(19, 70, 75, 126)
(46, 48, 97, 99)
(14, 71, 74, 131)
(5, 28, 117, 140)
(42, 57, 88, 103)
(30, 37, 108, 115)
(11, 43, 102, 134)
(14, 23, 122, 131)
(5, 65, 80, 140)
(10, 43, 102, 135)
(15, 28, 117, 130)
(21, 26, 119, 124)
(7, 24, 121, 138)
(28, 48, 97, 117)
(40, 64, 81, 105)
(18, 36, 109, 127)
(15, 19, 126, 130)
(17, 30, 115, 128)
(29, 35, 110, 116)
(5, 7, 138, 140)
(17, 28, 117, 128)
(40, 45, 100, 105)
(37, 66, 79, 108)
(6, 7, 138, 139)
(17, 46, 99, 128)
(56, 57, 88, 89)
(1, 59, 86, 144)
(36, 66, 79, 109)
(40, 59, 86, 105)
(43, 66, 79, 102)
(41, 57, 88, 104)
(30, 57, 88, 115)
(45, 52, 93, 100)
(42, 47, 98, 103)
(11, 54, 91, 134)
(28, 47, 98, 117)
(2, 19, 126, 143)
(35, 40, 105, 110)
(56, 61, 84, 89)
(57, 61, 84, 88)
(41, 71, 74, 104)
(36, 37, 108, 109)
(31, 48, 97, 114)
(34, 58, 87, 111)
(24, 50, 95, 121)
(43, 72, 73, 102)
(6, 26, 119, 139)
(16, 62, 83, 129)
(40, 61, 84, 105)
(52, 68, 77, 93)
(38, 57, 88, 107)
(39, 57, 88, 106)
(14, 62, 83, 131)
(46, 62, 83, 99)
(7, 31, 114, 138)
(18, 55, 90, 127)
(27, 57, 88, 118)
(31, 40, 105, 114)
(38, 64, 81, 107)
(35, 67, 78, 110)
(15, 36, 109, 130)
(13, 23, 122, 132)
(9, 41, 104, 136)
(47, 60, 85, 98)
(25, 34, 111, 120)
(64, 72, 73, 81)
(7, 21, 124, 138)
(9, 48, 97, 136)
(11, 15, 130, 134)
(53, 63, 82, 92)
(1, 3, 142, 144)
(55, 61, 84, 90)
(31, 37, 108, 114)
(68, 71, 74, 77)
(24, 59, 86, 121)
(29, 37, 108, 116)
(4, 31, 114, 141)
(15, 29, 116, 130)
(35, 37, 108, 110)
(12, 48, 97, 133)
(30, 32, 113, 115)
(38, 68, 77, 107)
(49, 71, 74, 96)
(2, 58, 87, 143)
(30, 41, 104, 115)
(1, 19, 126, 144)
(1, 65, 80, 144)
(42, 46, 99, 103)
(53, 59, 86, 92)
(60, 65, 80, 85)
(20, 50, 95, 125)
(4, 59, 86, 141)
(29, 64, 81, 116)
(12, 57, 88, 133)
(13, 72, 73, 132)
(7, 9, 136, 138)
(10, 48, 97, 135)
(24, 52, 93, 121)
(34, 68, 77, 111)
(9, 57, 88, 136)
(32, 34, 111, 113)
(1, 22, 123, 144)
(53, 65, 80, 92)
(6, 55, 90, 139)
(44, 71, 74, 101)
(29, 56, 89, 116)
(35, 71, 74, 110)
(33, 49, 96, 112)
(26, 64, 81, 119)
(11, 27, 118, 134)
(25, 71, 74, 120)
(6, 25, 120, 139)
(45, 60, 85, 100)
(33, 64, 81, 112)
(4, 58, 87, 141)
(27, 30, 115, 118)
(4, 62, 83, 141)
(5, 54, 91, 140)
(33, 58, 87, 112)
(10, 71, 74, 135)
(40, 67, 78, 105)
(28, 45, 100, 117)
(57, 63, 82, 88)
(60, 63, 82, 85)
(15, 52, 93, 130)
(24, 64, 81, 121)
(31, 59, 86, 114)
(41, 42, 103, 104)
(55, 62, 83, 90)
(20, 64, 81, 125)
(54, 69, 76, 91)
(12, 54, 91, 133)
(23, 29, 116, 122)
(24, 39, 106, 121)
(36, 69, 76, 109)
(16, 49, 96, 129)
(12, 23, 122, 133)
(8, 69, 76, 137)
(6, 52, 93, 139)
(36, 62, 83, 109)
(22, 49, 96, 123)
(20, 60, 85, 125)
(41, 51, 94, 104)
(20, 31, 114, 125)
(50, 72, 73, 95)
(32, 54, 91, 113)
(13, 47, 98, 132)
(19, 48, 97, 126)
(64, 67, 78, 81)
(38, 71, 74, 107)
(43, 50, 95, 102)
(27, 41, 104, 118)
(26, 45, 100, 119)
(13, 37, 108, 132)
(43, 55, 90, 102)
(49, 68, 77, 96)
(8, 48, 97, 137)
(23, 51, 94, 122)
(47, 61, 84, 98)
(38, 66, 79, 107)
(38, 53, 92, 107)
(14, 61, 84, 131)
(42, 61, 84, 103)
(50, 67, 78, 95)
(24, 43, 102, 121)
(19, 37, 108, 126)
(15, 31, 114, 130)
(2, 9, 136, 143)
(27, 66, 79, 118)
(13, 51, 94, 132)
(63, 72, 73, 82)
(36, 41, 104, 109)
(7, 11, 134, 138)
(36, 48, 97, 109)
(51, 59, 86, 94)
(16, 64, 81, 129)
(28, 37, 108, 117)
(19, 65, 80, 126)
(30, 49, 96, 115)
(26, 35, 110, 119)
(26, 66, 79, 119)
(17, 26, 119, 128)
(3, 52, 93, 142)
(26, 68, 77, 119)
(55, 71, 74, 90)
(39, 62, 83, 106)
(35, 52, 93, 110)
(4, 33, 112, 141)
(2, 7, 138, 143)
(47, 51, 94, 98)
(7, 22, 123, 138)
(9, 13, 132, 136)
(35, 53, 92, 110)
(68, 69, 76, 77)
(22, 33, 112, 123)
(23, 30, 115, 122)
(2, 32, 113, 143)
(28, 34, 111, 117)
(46, 64, 81, 99)
(1, 28, 117, 144)
(36, 71, 74, 109)
(16, 35, 110, 129)
(46, 55, 90, 99)
(22, 51, 94, 123)
(33, 41, 104, 112)
(29, 48, 97, 116)
(33, 45, 100, 112)
(55, 66, 79, 90)
(16, 52, 93, 129)
(63, 65, 80, 82)
(16, 27, 118, 129)
(6, 19, 126, 139)
(51, 56, 89, 94)
(8, 20, 125, 137)
(4, 8, 137, 141)
(41, 61, 84, 104)
(14, 40, 105, 131)
(39, 63, 82, 106)
(29, 49, 96, 116)
(19, 41, 104, 126)
(40, 55, 90, 105)
(31, 44, 101, 114)
(34, 59, 86, 111)
(13, 18, 127, 132)
(18, 50, 95, 127)
(20, 23, 122, 125)
(21, 55, 90, 124)
(1, 37, 108, 144)
(17, 58, 87, 128)
(7, 54, 91, 138)
(12, 32, 113, 133)
(4, 35, 110, 141)
(27, 42, 103, 118)
(6, 40, 105, 139)
(38, 67, 78, 107)
(42, 54, 91, 103)
(36, 70, 75, 109)
(48, 52, 93, 97)
(37, 68, 77, 108)
(11, 19, 126, 134)
(18, 37, 108, 127)
(20, 67, 78, 125)
(3, 14, 131, 142)
(29, 54, 91, 116)
(35, 57, 88, 110)
(4, 55, 90, 141)
(8, 9, 136, 137)
(52, 55, 90, 93)
(6, 48, 97, 139)
(39, 70, 75, 106)
(17, 56, 89, 128)
(25, 51, 94, 120)
(1, 71, 74, 144)
(42, 69, 76, 103)
(64, 66, 79, 81)
(30, 43, 102, 115)
(14, 68, 77, 131)
(1, 6, 139, 144)
(45, 53, 92, 100)
(17, 31, 114, 128)
(12, 42, 103, 133)
(28, 51, 94, 117)
(29, 50, 95, 116)
(12, 21, 124, 133)
(22, 58, 87, 123)
(29, 68, 77, 116)
(11, 26, 119, 134)
(15, 71, 74, 130)
(10, 53, 92, 135)
(24, 53, 92, 121)
(34, 46, 99, 111)
(18, 29, 116, 127)
(16, 51, 94, 129)
(65, 70, 75, 80)
(22, 62, 83, 123)
(25, 43, 102, 120)
(60, 66, 79, 85)
(62, 64, 81, 83)
(11, 37, 108, 134)
(18, 58, 87, 127)
(5, 66, 79, 140)
(51, 60, 85, 94)
(20, 42, 103, 125)
(49, 58, 87, 96)
(3, 38, 107, 142)
(33, 47, 98, 112)
(49, 55, 90, 96)
(14, 30, 115, 131)
(3, 42, 103, 142)
(24, 57, 88, 121)
(6, 32, 113, 139)
(8, 43, 102, 137)
(43, 65, 80, 102)
(65, 72, 73, 80)
(17, 47, 98, 128)
(18, 23, 122, 127)
(11, 69, 76, 134)
(4, 7, 138, 141)
(18, 49, 96, 127)
(57, 60, 85, 88)
(25, 39, 106, 120)
(28, 69, 76, 117)
(9, 26, 119, 136)
(9, 70, 75, 136)
(37, 61, 84, 108)
(4, 69, 76, 141)
(13, 70, 75, 132)
(29, 61, 84, 116)
(35, 45, 100, 110)
(20, 58, 87, 125)
(46, 60, 85, 99)
(5, 44, 101, 140)
(36, 42, 103, 109)
(32, 61, 84, 113)
(63, 69, 76, 82)
(47, 64, 81, 98)
(6, 58, 87, 139)
(1, 57, 88, 144)
(32, 69, 76, 113)
(2, 11, 134, 143)
(13, 62, 83, 132)
(23, 72, 73, 122)
(53, 70, 75, 92)
(17, 23, 122, 128)
(64, 71, 74, 81)
(37, 59, 86, 108)
(9, 43, 102, 136)
(24, 68, 77, 121)
(20, 37, 108, 125)
(46, 63, 82, 99)
(1, 50, 95, 144)
(6, 68, 77, 139)
(2, 51, 94, 143)
(2, 63, 82, 143)
(50, 63, 82, 95)
(26, 28, 117, 119)
(33, 52, 93, 112)
(16, 57, 88, 129)
(43, 49, 96, 102)
(58, 69, 76, 87)
(21, 71, 74, 124)
(1, 60, 85, 144)
(33, 51, 94, 112)
(45, 67, 78, 100)
(12, 31, 114, 133)
(3, 67, 78, 142)
(11, 64, 81, 134)
(25, 37, 108, 120)
(27, 56, 89, 118)
(24, 29, 116, 121)
(39, 59, 86, 106)
(4, 18, 127, 141)
(8, 13, 132, 137)
(38, 39, 106, 107)
(16, 20, 125, 129)
(44, 70, 75, 101)
(26, 53, 92, 119)
(39, 56, 89, 106)
(58, 63, 82, 87)
(8, 31, 114, 137)
(39, 43, 102, 106)
(12, 39, 106, 133)
(2, 49, 96, 143)
(24, 49, 96, 121)
(38, 51, 94, 107)
(10, 25, 120, 135)
(24, 69, 76, 121)
(9, 33, 112, 136)
(30, 31, 114, 115)
(27, 47, 98, 118)
(44, 72, 73, 101)
(45, 66, 79, 100)
(37, 42, 103, 108)
(57, 62, 83, 88)
(43, 67, 78, 102)
(6, 66, 79, 139)
(42, 68, 77, 103)
(43, 54, 91, 102)
(29, 30, 115, 116)
(20, 47, 98, 125)
(7, 44, 101, 138)
(49, 61, 84, 96)
(14, 36, 109, 131)
(11, 28, 117, 134)
(55, 72, 73, 90)
(54, 68, 77, 91)
(1, 61, 84, 144)
(5, 23, 122, 140)
(15, 35, 110, 130)
(21, 35, 110, 124)
(6, 33, 112, 139)
(4, 24, 121, 141)
(8, 64, 81, 137)
(54, 63, 82, 91)
(9, 45, 100, 136)
(3, 48, 97, 142)
(53, 69, 76, 92)
(8, 29, 116, 137)
(25, 67, 78, 120)
(47, 65, 80, 98)
(9, 30, 115, 136)
(30, 71, 74, 115)
(36, 67, 78, 109)
(21, 59, 86, 124)
(16, 23, 122, 129)
(1, 32, 113, 144)
(1, 10, 135, 144)
(4, 60, 85, 141)
(5, 18, 127, 140)
(1, 8, 137, 144)
(9, 35, 110, 136)
(1, 34, 111, 144)
(9, 28, 117, 136)
(11, 25, 120, 134)
(3, 63, 82, 142)
(17, 60, 85, 128)
(47, 62, 83, 98)
(18, 59, 86, 127)
(45, 61, 84, 100)
(11, 44, 101, 134)
(34, 41, 104, 111)
(49, 67, 78, 96)
(30, 59, 86, 115)
(8, 24, 121, 137)
(25, 33, 112, 120)
(33, 68, 77, 112)
(5, 11, 134, 140)
(27, 62, 83, 118)
(16, 55, 90, 129)
(21, 58, 87, 124)
(55, 63, 82, 90)
(33, 55, 90, 112)
(13, 42, 103, 132)
(12, 70, 75, 133)
(1, 23, 122, 144)
(14, 19, 126, 131)
(18, 45, 100, 127)
(24, 55, 90, 121)
(38, 43, 102, 107)
(52, 58, 87, 93)
(24, 47, 98, 121)
(4, 43, 102, 141)
(32, 45, 100, 113)
(56, 70, 75, 89)
(21, 34, 111, 124)
(1, 63, 82, 144)
(35, 51, 94, 110)
(24, 72, 73, 121)
(28, 71, 74, 117)
(48, 62, 83, 97)
(28, 36, 109, 117)
(36, 49, 96, 109)
(33, 60, 85, 112)
(38, 69, 76, 107)
(3, 70, 75, 142)
(28, 35, 110, 117)
(26, 72, 73, 119)
(62, 71, 74, 83)
(56, 71, 74, 89)
(20, 41, 104, 125)
(7, 41, 104, 138)
(8, 71, 74, 137)
(14, 26, 119, 131)
(42, 64, 81, 103)
(18, 70, 75, 127)
(1, 49, 96, 144)
(5, 49, 96, 140)
(11, 51, 94, 134)
(51, 64, 81, 94)
(25, 72, 73, 120)
(46, 65, 80, 99)
(6, 56, 89, 139)
(2, 48, 97, 143)
(22, 27, 118, 123)
(24, 32, 113, 121)
(2, 24, 121, 143)
(30, 42, 103, 115)
(53, 57, 88, 92)
(18, 67, 78, 127)
(39, 44, 101, 106)
(1, 67, 78, 144)
(12, 44, 101, 133)
(14, 29, 116, 131)
(37, 62, 83, 108)
(5, 14, 131, 140)
(38, 46, 99, 107)
(47, 63, 82, 98)
(52, 59, 86, 93)
(21, 67, 78, 124)
(6, 72, 73, 139)
(55, 69, 76, 90)
(1, 35, 110, 144)
(6, 14, 131, 139)
(21, 30, 115, 124)
(42, 58, 87, 103)
(2, 53, 92, 143)
(59, 60, 85, 86)
(11, 58, 87, 134)
(38, 59, 86, 107)
(16, 19, 126, 129)
(7, 23, 122, 138)
(21, 65, 80, 124)
(1, 20, 125, 144)
(45, 70, 75, 100)
(16, 48, 97, 129)
(55, 64, 81, 90)
(59, 64, 81, 86)
(10, 17, 128, 135)
(54, 57, 88, 91)
(4, 57, 88, 141)
(65, 67, 78, 80)
(31, 43, 102, 114)
(1, 58, 87, 144)
(15, 58, 87, 130)
(1, 31, 114, 144)
(33, 62, 83, 112)
(17, 71, 74, 128)
(18, 68, 77, 127)
(10, 55, 90, 135)
(12, 18, 127, 133)
(33, 61, 84, 112)
(38, 62, 83, 107)
(31, 36, 109, 114)
(8, 38, 107, 137)
(19, 63, 82, 126)
(7, 32, 113, 138)
(25, 49, 96, 120)
(7, 8, 137, 138)
(19, 61, 84, 126)
(1, 54, 91, 144)
(3, 64, 81, 142)
(14, 49, 96, 131)
(6, 11, 134, 139)
(10, 61, 84, 135)
(5, 42, 103, 140)
(31, 70, 75, 114)
(2, 57, 88, 143)
(16, 69, 76, 129)
(33, 63, 82, 112)
(22, 65, 80, 123)
(55, 70, 75, 90)
(36, 47, 98, 109)
(48, 65, 80, 97)
(16, 66, 79, 129)
(61, 72, 73, 84)
(31, 39, 106, 114)
(39, 42, 103, 106)
(29, 66, 79, 116)
(13, 36, 109, 132)
(14, 27, 118, 131)
(29, 59, 86, 116)
(15, 30, 115, 130)
(30, 33, 112, 115)
(14, 51, 94, 131)
(6, 70, 75, 139)
(1, 72, 73, 144)
(24, 26, 119, 121)
(2, 68, 77, 143)
(11, 71, 74, 134)
(46, 68, 77, 99)
(2, 26, 119, 143)
(17, 66, 79, 128)
(51, 55, 90, 94)
(12, 22, 123, 133)
(33, 53, 92, 112)
(11, 38, 107, 134)
(35, 48, 97, 110)
(52, 66, 79, 93)
(48, 50, 95, 97)
(31, 53, 92, 114)
(12, 26, 119, 133)
(44, 62, 83, 101)
(22, 26, 119, 123)
(7, 33, 112, 138)
(7, 38, 107, 138)
(55, 60, 85, 90)
(23, 35, 110, 122)
(7, 60, 85, 138)
(35, 43, 102, 110)
(44, 45, 100, 101)
(4, 12, 133, 141)
(44, 54, 91, 101)
(13, 31, 114, 132)
(5, 51, 94, 140)
(20, 25, 120, 125)
(8, 62, 83, 137)
(10, 62, 83, 135)
(14, 65, 80, 131)
(50, 71, 74, 95)
(18, 72, 73, 127)
(33, 38, 107, 112)
(3, 35, 110, 142)
(15, 49, 96, 130)
(34, 66, 79, 111)
(12, 47, 98, 133)
(39, 40, 105, 106)
(35, 66, 79, 110)
(23, 66, 79, 122)
(25, 46, 99, 120)
(20, 46, 99, 125)
(55, 65, 80, 90)
(47, 53, 92, 98)
(6, 63, 82, 139)
(50, 65, 80, 95)
(3, 32, 113, 142)
(1, 15, 130, 144)
(7, 27, 118, 138)
(9, 18, 127, 136)
(28, 66, 79, 117)
(46, 50, 95, 99)
(28, 68, 77, 117)
(53, 61, 84, 92)
(36, 40, 105, 109)
(15, 27, 118, 130)
(44, 56, 89, 101)
(28, 61, 84, 117)
(39, 48, 97, 106)
(18, 38, 107, 127)
(31, 62, 83, 114)
(36, 61, 84, 109)
(33, 44, 101, 112)
(59, 72, 73, 86)
(60, 67, 78, 85)
(16, 63, 82, 129)
(53, 64, 81, 92)
(32, 36, 109, 113)
(39, 72, 73, 106)
(21, 68, 77, 124)
(30, 69, 76, 115)
(54, 65, 80, 91)
(28, 29, 116, 117)
(44, 58, 87, 101)
(56, 69, 76, 89)
(34, 47, 98, 111)
(23, 53, 92, 122)
(28, 46, 99, 117)
(40, 65, 80, 105)
(6, 50, 95, 139)
(8, 52, 93, 137)
(5, 32, 113, 140)
(20, 66, 79, 125)
(3, 28, 117, 142)
(11, 12, 133, 134)
(39, 41, 104, 106)
(6, 27, 118, 139)
(41, 48, 97, 104)
(24, 41, 104, 121)
(9, 25, 120, 136)
(41, 43, 102, 104)
(13, 41, 104, 132)
(32, 33, 112, 113)
(3, 59, 86, 142)
(21, 40, 105, 124)
(14, 47, 98, 131)
(4, 52, 93, 141)
(40, 51, 94, 105)
(30, 52, 93, 115)
(36, 43, 102, 109)
(32, 63, 82, 113)
(11, 30, 115, 134)
(58, 67, 78, 87)
(10, 23, 122, 135)
(6, 17, 128, 139)
(50, 68, 77, 95)
(18, 35, 110, 127)
(15, 22, 123, 130)
(20, 44, 101, 125)
(32, 35, 110, 113)
(16, 24, 121, 129)
(22, 25, 120, 123)
(40, 49, 96, 105)
(37, 50, 95, 108)
(52, 54, 91, 93)
(5, 48, 97, 140)
(52, 63, 82, 93)
(11, 42, 103, 134)
(36, 72, 73, 109)
(2, 34, 111, 143)
(24, 45, 100, 121)
(5, 59, 86, 140)
(11, 49, 96, 134)
(14, 60, 85, 131)
(21, 43, 102, 124)
(34, 64, 81, 111)
(34, 39, 106, 111)
(41, 54, 91, 104)
(4, 56, 89, 141)
(28, 44, 101, 117)
(4, 41, 104, 141)
(10, 45, 100, 135)
(10, 46, 99, 135)
(71, 72, 73, 74)
(31, 34, 111, 114)
(10, 66, 79, 135)
(31, 51, 94, 114)
(18, 40, 105, 127)
(20, 40, 105, 125)
(50, 70, 75, 95)
(14, 37, 108, 131)
(10, 63, 82, 135)
(10, 11, 134, 135)
(23, 27, 118, 122)
(67, 69, 76, 78)
(4, 65, 80, 141)
(13, 22, 123, 132)
(1, 69, 76, 144)
(5, 16, 129, 140)
(5, 17, 128, 140)
(22, 31, 114, 123)
(27, 29, 116, 118)
(10, 32, 113, 135)
(3, 7, 138, 142)
(32, 50, 95, 113)
(62, 65, 80, 83)
(50, 55, 90, 95)
(33, 37, 108, 112)
(16, 60, 85, 129)
(11, 14, 131, 134)
(47, 52, 93, 98)
(35, 56, 89, 110)
(2, 39, 106, 143)
(3, 26, 119, 142)
(31, 35, 110, 114)
(4, 51, 94, 141)
(15, 70, 75, 130)
(54, 66, 79, 91)
(12, 72, 73, 133)
(35, 42, 103, 110)
(7, 35, 110, 138)
(26, 59, 86, 119)
(13, 50, 95, 132)
(2, 47, 98, 143)
(16, 72, 73, 129)
(48, 58, 87, 97)
(8, 11, 134, 137)
(16, 29, 116, 129)
(10, 36, 109, 135)
(14, 58, 87, 131)
(14, 54, 91, 131)
(21, 36, 109, 124)
(9, 23, 122, 136)
(11, 55, 90, 134)
(32, 58, 87, 113)
(50, 64, 81, 95)
(1, 44, 101, 144)
(8, 45, 100, 137)
(25, 26, 119, 120)
(8, 33, 112, 137)
(8, 16, 129, 137)
(36, 57, 88, 109)
(54, 60, 85, 91)
(34, 60, 85, 111)
(10, 39, 106, 135)
(12, 60, 85, 133)
(18, 33, 112, 127)
(29, 53, 92, 116)
(14, 53, 92, 131)
(31, 60, 85, 114)
(44, 61, 84, 101)
(47, 72, 73, 98)
(58, 68, 77, 87)
(49, 56, 89, 96)
(39, 51, 94, 106)
(26, 29, 116, 119)
(60, 71, 74, 85)
(24, 67, 78, 121)
(39, 58, 87, 106)
(11, 65, 80, 134)
(63, 67, 78, 82)
(22, 44, 101, 123)
(19, 32, 113, 126)
(34, 42, 103, 111)
(4, 38, 107, 141)
(14, 34, 111, 131)
(3, 58, 87, 142)
(8, 47, 98, 137)
(25, 47, 98, 120)
(22, 71, 74, 123)
(3, 22, 123, 142)
(20, 30, 115, 125)
(19, 58, 87, 126)
(13, 35, 110, 132)
(24, 35, 110, 121)
(16, 58, 87, 129)
(17, 41, 104, 128)
(33, 40, 105, 112)
(24, 66, 79, 121)
(56, 65, 80, 89)
(38, 70, 75, 107)
(62, 69, 76, 83)
(31, 54, 91, 114)
(7, 56, 89, 138)
(17, 72, 73, 128)
(24, 27, 118, 121)
(51, 52, 93, 94)
(1, 26, 119, 144)
(39, 71, 74, 106)
(37, 44, 101, 108)
(11, 53, 92, 134)
(22, 60, 85, 123)
(9, 27, 118, 136)
(5, 71, 74, 140)
(15, 42, 103, 130)
(15, 72, 73, 130)
(37, 41, 104, 108)
(25, 60, 85, 120)
(7, 10, 135, 138)
(60, 61, 84, 85)
(23, 42, 103, 122)
(4, 68, 77, 141)
(34, 71, 74, 111)
(52, 53, 92, 93)
(17, 32, 113, 128)
(22, 42, 103, 123)
(25, 59, 86, 120)
(43, 47, 98, 102)
(8, 26, 119, 137)
(38, 55, 90, 107)
(20, 62, 83, 125)
(8, 36, 109, 137)
(15, 32, 113, 130)
(15, 68, 77, 130)
(19, 46, 99, 126)
(9, 47, 98, 136)
(11, 32, 113, 134)
(46, 52, 93, 99)
(10, 12, 133, 135)
(51, 70, 75, 94)
(39, 47, 98, 106)
(49, 60, 85, 96)
(15, 17, 128, 130)
(17, 18, 127, 128)
(44, 46, 99, 101)
(25, 53, 92, 120)
(2, 31, 114, 143)
(15, 50, 95, 130)
(41, 52, 93, 104)
(30, 44, 101, 115)
(47, 66, 79, 98)
(58, 65, 80, 87)
(10, 22, 123, 135)
(9, 37, 108, 136)
(17, 38, 107, 128)
(25, 52, 93, 120)
(31, 66, 79, 114)
(15, 63, 82, 130)
(17, 49, 96, 128)
(34, 62, 83, 111)
(43, 56, 89, 102)
(59, 61, 84, 86)
(35, 41, 104, 110)
(44, 57, 88, 101)
(34, 57, 88, 111)
(41, 63, 82, 104)
(32, 42, 103, 113)
(2, 59, 86, 143)
(2, 56, 89, 143)
(14, 70, 75, 131)
(30, 34, 111, 115)
(21, 27, 118, 124)
(22, 61, 84, 123)
(15, 61, 84, 130)
(12, 29, 116, 133)
(32, 60, 85, 113)
(38, 52, 93, 107)
(10, 60, 85, 135)
(2, 30, 115, 143)
(13, 17, 128, 132)
(19, 20, 125, 126)
(33, 54, 91, 112)
(53, 58, 87, 92)
(5, 27, 118, 140)
(55, 68, 77, 90)
(29, 39, 106, 116)
(18, 24, 121, 127)
(5, 57, 88, 140)
(20, 53, 92, 125)
(3, 31, 114, 142)
(18, 69, 76, 127)
(4, 26, 119, 141)
(31, 67, 78, 114)
(8, 70, 75, 137)
(6, 65, 80, 139)
(41, 62, 83, 104)
(48, 66, 79, 97)
(31, 38, 107, 114)
(37, 56, 89, 108)
(10, 35, 110, 135)
(35, 47, 98, 110)
(67, 71, 74, 78)
(20, 38, 107, 125)
(15, 48, 97, 130)
(7, 51, 94, 138)
(42, 55, 90, 103)
(8, 27, 118, 137)
(5, 34, 111, 140)
(8, 51, 94, 137)
(5, 33, 112, 140)
(19, 36, 109, 126)
(3, 60, 85, 142)
(14, 43, 102, 131)
(56, 62, 83, 89)
(29, 32, 113, 116)
(26, 41, 104, 119)
(6, 23, 122, 139)
(38, 54, 91, 107)
(12, 19, 126, 133)
(47, 59, 86, 98)
(25, 65, 80, 120)
(26, 52, 93, 119)
(14, 66, 79, 131)
(7, 42, 103, 138)
(4, 16, 129, 141)
(13, 29, 116, 132)
(38, 47, 98, 107)
(10, 59, 86, 135)
(27, 72, 73, 118)
(3, 33, 112, 142)
(11, 34, 111, 134)
(37, 46, 99, 108)
(20, 22, 123, 125)
(48, 53, 92, 97)
(49, 59, 86, 96)
(21, 54, 91, 124)
(63, 70, 75, 82)
(28, 43, 102, 117)
(31, 57, 88, 114)
(11, 35, 110, 134)
(15, 33, 112, 130)
(16, 68, 77, 129)
(31, 46, 99, 114)
(5, 12, 133, 140)
(7, 46, 99, 138)
(54, 67, 78, 91)
(29, 38, 107, 116)
(10, 44, 101, 135)
(46, 71, 74, 99)
(6, 37, 108, 139)
(10, 29, 116, 135)
(15, 20, 125, 130)
(19, 52, 93, 126)
(23, 28, 117, 122)
(36, 45, 100, 109)
(17, 52, 93, 128)
(35, 49, 96, 110)
(17, 44, 101, 128)
(13, 24, 121, 132)
(5, 50, 95, 140)
(12, 24, 121, 133)
(53, 68, 77, 92)
(17, 40, 105, 128)
(43, 44, 101, 102)
(51, 65, 80, 94)
(7, 40, 105, 138)
(16, 21, 124, 129)
(46, 56, 89, 99)
(17, 45, 100, 128)
(8, 53, 92, 137)
(5, 45, 100, 140)
(17, 43, 102, 128)
(7, 16, 129, 138)
(8, 65, 80, 137)
(54, 55, 90, 91)
(9, 29, 116, 136)
(5, 15, 130, 140)
(40, 58, 87, 105)
(45, 56, 89, 100)
(34, 67, 78, 111)
(9, 19, 126, 136)
(51, 61, 84, 94)
(8, 54, 91, 137)
(25, 30, 115, 120)
(69, 71, 74, 76)
(53, 60, 85, 92)
(2, 3, 142, 143)
(3, 53, 92, 142)
(15, 23, 122, 130)
(64, 68, 77, 81)
(29, 40, 105, 116)
(23, 47, 98, 122)
(57, 58, 87, 88)
(66, 68, 77, 79)
(21, 50, 95, 124)
(2, 8, 137, 143)
(19, 29, 116, 126)
(30, 40, 105, 115)
(26, 63, 82, 119)
(43, 60, 85, 102)
(32, 40, 105, 113)
(18, 56, 89, 127)
(14, 59, 86, 131)
(14, 63, 82, 131)
(6, 8, 137, 139)
(23, 54, 91, 122)
(34, 35, 110, 111)
(67, 68, 77, 78)
(28, 63, 82, 117)
(17, 67, 78, 128)
(3, 51, 94, 142)
(13, 61, 84, 132)
(11, 16, 129, 134)
(2, 33, 112, 143)
(5, 19, 126, 140)
(34, 38, 107, 111)
(64, 69, 76, 81)
(35, 69, 76, 110)
(31, 61, 84, 114)
(37, 47, 98, 108)
(2, 13, 132, 143)
(6, 38, 107, 139)
(24, 51, 94, 121)
(41, 58, 87, 104)
(14, 44, 101, 131)
(23, 41, 104, 122)
(35, 46, 99, 110)
(25, 50, 95, 120)
(3, 16, 129, 142)
(11, 62, 83, 134)
(47, 71, 74, 98)
(58, 71, 74, 87)
(10, 18, 127, 135)
(15, 26, 119, 130)
(4, 19, 126, 141)
(10, 51, 94, 135)
(49, 54, 91, 96)
(13, 71, 74, 132)
(25, 35, 110, 120)
(27, 55, 90, 118)
(14, 32, 113, 131)
(36, 53, 92, 109)
(1, 29, 116, 144)
(41, 60, 85, 104)
(45, 72, 73, 100)
(55, 56, 89, 90)
(31, 65, 80, 114)
(14, 39, 106, 131)
(14, 48, 97, 131)
(45, 51, 94, 100)
(30, 72, 73, 115)
(49, 69, 76, 96)
(52, 71, 74, 93)
(43, 62, 83, 102)
(44, 52, 93, 101)
(69, 70, 75, 76)
(2, 35, 110, 143)
(3, 43, 102, 142)
(7, 49, 96, 138)
(10, 64, 81, 135)
(12, 61, 84, 133)
(47, 68, 77, 98)
(32, 68, 77, 113)
(23, 40, 105, 122)
(31, 45, 100, 114)
(39, 67, 78, 106)
(43, 58, 87, 102)
(27, 51, 94, 118)
(44, 49, 96, 101)
(30, 66, 79, 115)
(1, 2, 143, 144)
(12, 51, 94, 133)
(18, 34, 111, 127)
(28, 65, 80, 117)
(18, 66, 79, 127)
(58, 64, 81, 87)
(22, 72, 73, 123)
(18, 22, 123, 127)
(23, 62, 83, 122)
(25, 40, 105, 120)
(17, 69, 76, 128)
(5, 36, 109, 140)
(22, 50, 95, 123)
(23, 32, 113, 122)
(36, 64, 81, 109)
(25, 44, 101, 120)
(41, 55, 90, 104)
(4, 72, 73, 141)
(21, 31, 114, 124)
(62, 67, 78, 83)
(29, 34, 111, 116)
(38, 44, 101, 107)
(69, 72, 73, 76)
(38, 63, 82, 107)
(17, 51, 94, 128)
(1, 39, 106, 144)
(23, 44, 101, 122)
(4, 9, 136, 141)
(10, 26, 119, 135)
(1, 11, 134, 144)
(61, 64, 81, 84)
(48, 61, 84, 97)
(15, 44, 101, 130)
(16, 38, 107, 129)
(35, 65, 80, 110)
(23, 71, 74, 122)
(8, 60, 85, 137)
(18, 39, 106, 127)
(68, 72, 73, 77)
(8, 30, 115, 137)
(45, 62, 83, 100)
(29, 42, 103, 116)
(20, 63, 82, 125)
(52, 65, 80, 93)
(17, 37, 108, 128)
(5, 62, 83, 140)
(2, 69, 76, 143)
(29, 71, 74, 116)
(32, 65, 80, 113)
(37, 72, 73, 108)
(11, 22, 123, 134)
(26, 32, 113, 119)
(42, 51, 94, 103)
(8, 72, 73, 137)
(39, 46, 99, 106)
(17, 59, 86, 128)
(37, 53, 92, 108)
(2, 44, 101, 143)
(8, 59, 86, 137)
(67, 72, 73, 78)
(10, 65, 80, 135)
(49, 72, 73, 96)
(25, 69, 76, 120)
(51, 62, 83, 94)
(19, 49, 96, 126)
(8, 63, 82, 137)
(26, 42, 103, 119)
(21, 70, 75, 124)
(32, 67, 78, 113)
(16, 50, 95, 129)
(17, 25, 120, 128)
(1, 53, 92, 144)
(15, 40, 105, 130)
(35, 55, 90, 110)
(7, 61, 84, 138)
(1, 46, 99, 144)
(27, 54, 91, 118)
(31, 33, 112, 114)
(30, 50, 95, 115)
(26, 44, 101, 119)
(4, 49, 96, 141)
(1, 9, 136, 144)
(5, 68, 77, 140)
(6, 16, 129, 139)
(21, 47, 98, 124)
(15, 16, 129, 130)
(39, 68, 77, 106)
(8, 21, 124, 137)
(49, 50, 95, 96)
(28, 55, 90, 117)
(2, 36, 109, 143)
(18, 63, 82, 127)
(4, 17, 128, 141)
(28, 59, 86, 117)
(37, 38, 107, 108)
(18, 52, 93, 127)
(55, 67, 78, 90)
(28, 72, 73, 117)
(34, 48, 97, 111)
(20, 24, 121, 125)
(12, 16, 129, 133)
(5, 52, 93, 140)
(3, 36, 109, 142)
(27, 69, 76, 118)
(3, 19, 126, 142)
(60, 62, 83, 85)
(4, 15, 130, 141)
(30, 61, 84, 115)
(7, 34, 111, 138)
(11, 61, 84, 134)
(34, 44, 101, 111)
(37, 60, 85, 108)
(45, 57, 88, 100)
(3, 12, 133, 142)
(35, 50, 95, 110)
(52, 72, 73, 93)
(12, 46, 99, 133)
(13, 40, 105, 132)
(29, 46, 99, 116)
(19, 35, 110, 126)
(8, 55, 90, 137)
(33, 66, 79, 112)
(9, 67, 78, 136)
(55, 59, 86, 90)
(19, 42, 103, 126)
(23, 45, 100, 122)
(11, 50, 95, 134)
(7, 70, 75, 138)
(29, 69, 76, 116)
(6, 60, 85, 139)
(15, 34, 111, 130)
(50, 61, 84, 95)
(6, 20, 125, 139)
(25, 54, 91, 120)
(4, 71, 74, 141)
(31, 47, 98, 114)
(36, 63, 82, 109)
(20, 26, 119, 125)
(41, 44, 101, 104)
(44, 59, 86, 101)
(42, 66, 79, 103)
(23, 46, 99, 122)
(36, 65, 80, 109)
(10, 57, 88, 135)
(42, 62, 83, 103)
(37, 69, 76, 108)
(44, 51, 94, 101)
(19, 45, 100, 126)
(20, 72, 73, 125)
(46, 58, 87, 99)
(21, 51, 94, 124)
(24, 56, 89, 121)
(33, 56, 89, 112)
(11, 29, 116, 134)
(33, 70, 75, 112)
(30, 36, 109, 115)
(5, 46, 99, 140)
(12, 53, 92, 133)
(24, 63, 82, 121)
(38, 50, 95, 107)
(15, 41, 104, 130)
(3, 54, 91, 142)
(22, 57, 88, 123)
(41, 49, 96, 104)
(42, 65, 80, 103)
(53, 66, 79, 92)
(8, 28, 117, 137)
(20, 35, 110, 125)
(11, 47, 98, 134)
(4, 50, 95, 141)
(3, 37, 108, 142)
(7, 62, 83, 138)
(2, 23, 122, 143)
(18, 19, 126, 127)
(59, 69, 76, 86)
(23, 55, 90, 122)
(43, 52, 93, 102)
(60, 72, 73, 85)
(3, 24, 121, 142)
(42, 45, 100, 103)
(58, 66, 79, 87)
(10, 30, 115, 135)
(22, 68, 77, 123)
(43, 70, 75, 102)
(2, 37, 108, 143)
(18, 42, 103, 127)
(70, 71, 74, 75)
(24, 34, 111, 121)
(40, 72, 73, 105)
(5, 64, 81, 140)
(22, 46, 99, 123)
(24, 40, 105, 121)
(20, 39, 106, 125)
(37, 70, 75, 108)
(26, 38, 107, 119)
(39, 69, 76, 106)
(20, 52, 93, 125)
(14, 55, 90, 131)
(17, 20, 125, 128)
(17, 24, 121, 128)
(19, 31, 114, 126)
(30, 68, 77, 115)
(33, 48, 97, 112)
(9, 71, 74, 136)
(57, 72, 73, 88)
(26, 61, 84, 119)
(22, 66, 79, 123)
(29, 60, 85, 116)
(4, 29, 116, 141)
(21, 24, 121, 124)
(44, 64, 81, 101)
(70, 72, 73, 75)
(25, 41, 104, 120)
(58, 62, 83, 87)
(15, 37, 108, 130)
(40, 57, 88, 105)
(46, 70, 75, 99)
(30, 48, 97, 115)
(6, 35, 110, 139)
(22, 28, 117, 123)
(53, 55, 90, 92)
(6, 45, 100, 139)
(13, 58, 87, 132)
(51, 71, 74, 94)
(11, 45, 100, 134)
(27, 48, 97, 118)
(28, 31, 114, 117)
(2, 14, 131, 143)
(13, 59, 86, 132)
(9, 39, 106, 136)
(36, 55, 90, 109)
(7, 47, 98, 138)
(27, 39, 106, 118)
(29, 70, 75, 116)
(62, 68, 77, 83)
(27, 70, 75, 118)
(7, 17, 128, 138)
(30, 70, 75, 115)
(36, 54, 91, 109)
(61, 71, 74, 84)
(10, 56, 89, 135)
(37, 63, 82, 108)
(13, 33, 112, 132)
(1, 18, 127, 144)
(11, 57, 88, 134)
(3, 49, 96, 142)
(11, 59, 86, 134)
(15, 60, 85, 130)
(39, 52, 93, 106)
(7, 43, 102, 138)
(20, 45, 100, 125)
(34, 54, 91, 111)
(22, 24, 121, 123)
(17, 48, 97, 128)
(27, 40, 105, 118)
(9, 15, 130, 136)
(50, 51, 94, 95)
(42, 72, 73, 103)
(9, 21, 124, 136)
(11, 23, 122, 134)
(8, 35, 110, 137)
(30, 67, 78, 115)
(4, 64, 81, 141)
(6, 29, 116, 139)
(41, 64, 81, 104)
(6, 43, 102, 139)
(4, 53, 92, 141)
(24, 38, 107, 121)
(25, 32, 113, 120)
(26, 30, 115, 119)
(2, 64, 81, 143)
(23, 49, 96, 122)
(10, 58, 87, 135)
(32, 46, 99, 113)
(42, 59, 86, 103)
(10, 38, 107, 135)
(48, 68, 77, 97)
(5, 56, 89, 140)
(4, 39, 106, 141)
(40, 48, 97, 105)
(10, 15, 130, 135)
(26, 36, 109, 119)
(11, 70, 75, 134)
(19, 44, 101, 126)
(62, 70, 75, 83)
(50, 59, 86, 95)
(40, 52, 93, 105)
(3, 4, 141, 142)
(45, 54, 91, 100)
(3, 8, 137, 142)
(4, 36, 109, 141)
(15, 56, 89, 130)
(10, 16, 129, 135)
(7, 37, 108, 138)
(56, 63, 82, 89)
(48, 70, 75, 97)
(9, 62, 83, 136)
(10, 37, 108, 135)
(10, 41, 104, 135)
(5, 31, 114, 140)
(40, 69, 76, 105)
(16, 31, 114, 129)
(6, 64, 81, 139)
(29, 41, 104, 116)
(34, 65, 80, 111)
(19, 68, 77, 126)
(31, 56, 89, 114)
(40, 60, 85, 105)
(44, 60, 85, 101)
(21, 44, 101, 124)
(2, 16, 129, 143)
(23, 50, 95, 122)
(29, 55, 90, 116)
(34, 55, 90, 111)
(12, 36, 109, 133)
(45, 46, 99, 100)
(61, 66, 79, 84)
(63, 68, 77, 82)
(4, 10, 135, 141)
(8, 17, 128, 137)
(10, 33, 112, 135)
(8, 37, 108, 137)
(13, 54, 91, 132)
(6, 62, 83, 139)
(48, 71, 74, 97)
(3, 6, 139, 142)
(9, 16, 129, 136)
(21, 28, 117, 124)
(6, 53, 92, 139)
(41, 70, 75, 104)
(5, 8, 137, 140)
(13, 43, 102, 132)
(21, 69, 76, 124)
(15, 43, 102, 130)
(19, 72, 73, 126)
(45, 58, 87, 100)
(5, 21, 124, 140)
(27, 49, 96, 118)
(3, 71, 74, 142)
(37, 58, 87, 108)
(34, 63, 82, 111)
(56, 59, 86, 89)
(11, 52, 93, 134)
(14, 42, 103, 131)
(17, 61, 84, 128)
(51, 53, 92, 94)
(27, 60, 85, 118)
(7, 71, 74, 138)
(49, 65, 80, 96)
(51, 69, 76, 94)
(22, 70, 75, 123)
(29, 47, 98, 116)
(4, 23, 122, 141)
(17, 57, 88, 128)
(1, 64, 81, 144)
(32, 57, 88, 113)
(22, 45, 100, 123)
(14, 50, 95, 131)
(19, 25, 120, 126)
(33, 34, 111, 112)
(53, 62, 83, 92)
(54, 62, 83, 91)
(50, 62, 83, 95)
(8, 40, 105, 137)
(12, 25, 120, 133)
(2, 60, 85, 143)
(9, 34, 111, 136)
(22, 69, 76, 123)
(32, 39, 106, 113)
(48, 56, 89, 97)
(28, 53, 92, 117)
(45, 50, 95, 100)
(45, 65, 80, 100)
(9, 44, 101, 136)
(2, 15, 130, 143)
(3, 13, 132, 142)
(57, 70, 75, 88)
(31, 41, 104, 114)
(10, 52, 93, 135)
(16, 22, 123, 129)
(60, 70, 75, 85)
(13, 67, 78, 132)
(17, 35, 110, 128)
(13, 39, 106, 132)
(22, 36, 109, 123)
(25, 36, 109, 120)
(17, 54, 91, 128)
(26, 58, 87, 119)
(6, 24, 121, 139)
(25, 55, 90, 120)
(47, 49, 96, 98)
(44, 66, 79, 101)
(65, 69, 76, 80)
(29, 45, 100, 116)
(13, 66, 79, 132)
(36, 59, 86, 109)
(39, 49, 96, 106)
(34, 69, 76, 111)
(39, 65, 80, 106)
(25, 61, 84, 120)
(14, 64, 81, 131)
(12, 58, 87, 133)
(37, 65, 80, 108)
(32, 44, 101, 113)
(7, 53, 92, 138)
(15, 47, 98, 130)
(36, 60, 85, 109)
(9, 20, 125, 136)
(3, 45, 100, 142)
(6, 30, 115, 139)
(12, 56, 89, 133)
(39, 60, 85, 106)
(13, 21, 124, 132)
(26, 50, 95, 119)
(5, 35, 110, 140)
(48, 60, 85, 97)
(33, 35, 110, 112)
(56, 58, 87, 89)
(25, 68, 77, 120)
(52, 69, 76, 93)
(4, 40, 105, 141)
(46, 49, 96, 99)
(27, 67, 78, 118)
(4, 61, 84, 141)
(13, 55, 90, 132)
(37, 54, 91, 108)
(20, 32, 113, 125)
(24, 31, 114, 121)
(42, 70, 75, 103)
(26, 57, 88, 119)
(6, 44, 101, 139)
(6, 36, 109, 139)
(43, 64, 81, 102)
(15, 25, 120, 130)
(8, 61, 84, 137)
(56, 64, 81, 89)
(57, 71, 74, 88)
(11, 33, 112, 134)
(12, 49, 96, 133)
(17, 65, 80, 128)
(58, 72, 73, 87)
(26, 27, 118, 119)
(25, 29, 116, 120)
(60, 68, 77, 85)
(8, 49, 96, 137)
(52, 64, 81, 93)
(12, 13, 132, 133)
(29, 58, 87, 116)
(15, 69, 76, 130)
(33, 43, 102, 112)
(45, 68, 77, 100)
(50, 69, 76, 95)
(9, 36, 109, 136)
(42, 56, 89, 103)
(23, 33, 112, 122)
(2, 67, 78, 143)
(58, 59, 86, 87)
(4, 45, 100, 141)
(61, 63, 82, 84)
(62, 66, 79, 83)
(12, 35, 110, 133)
(19, 40, 105, 126)}

Print some_are_pairs (contains 0 tuples): {}

Print none_are_pairs (contains 0 tuples): {}

Print indecomposable (contains 0 tuples): {}

Print decomposable but no pairs (contains 0 tuples): {}

Print exceptional cycles (contains 0 tuples): {}

Below are debug outputs for each alpha in V whether it was put in the indecomposable set or the decomposable but no pairs set:


method validate_set_V(145, 2) ran to completion.
