Running method validate_set_V(m = 145, d = 4):

Summary:
given m = 145, d = 4
Calculations took 0 days, 5 hours, 1 minute, 9 seconds, 716 miliseconds, 220 microseconds, 200 nanoseconds.
Z/mZ:  [0, 1, 2, 3, 4, 5, 6, 7, 8, 9, 10, 11, 12, 13, 14, 15, 16, 17, 18, 19, 20, 21, 22, 23, 24, 25, 26, 27, 28, 29, 30, 31, 32, 33, 34, 35, 36, 37, 38, 39, 40, 41, 42, 43, 44, 45, 46, 47, 48, 49, 50, 51, 52, 53, 54, 55, 56, 57, 58, 59, 60, 61, 62, 63, 64, 65, 66, 67, 68, 69, 70, 71, 72, 73, 74, 75, 76, 77, 78, 79, 80, 81, 82, 83, 84, 85, 86, 87, 88, 89, 90, 91, 92, 93, 94, 95, 96, 97, 98, 99, 100, 101, 102, 103, 104, 105, 106, 107, 108, 109, 110, 111, 112, 113, 114, 115, 116, 117, 118, 119, 120, 121, 122, 123, 124, 125, 126, 127, 128, 129, 130, 131, 132, 133, 134, 135, 136, 137, 138, 139, 140, 141, 142, 143, 144]
Z/mZ*: [1, 2, 3, 4, 6, 7, 8, 9, 11, 12, 13, 14, 16, 17, 18, 19, 21, 22, 23, 24, 26, 27, 28, 31, 32, 33, 34, 36, 37, 38, 39, 41, 42, 43, 44, 46, 47, 48, 49, 51, 52, 53, 54, 56, 57, 59, 61, 62, 63, 64, 66, 67, 68, 69, 71, 72, 73, 74, 76, 77, 78, 79, 81, 82, 83, 84, 86, 88, 89, 91, 92, 93, 94, 96, 97, 98, 99, 101, 102, 103, 104, 106, 107, 108, 109, 111, 112, 113, 114, 117, 118, 119, 121, 122, 123, 124, 126, 127, 128, 129, 131, 132, 133, 134, 136, 137, 138, 139, 141, 142, 143, 144]
All ascending & non-repeating tuple (size 8) combinations possible for the U set: 3762079360182
All ascending & non-repeating tuple (size 1 to 8) combinations possible for the U set: 22300745198530623141535718272648361505980415
                      V set: contains 1030638 tuples
          all_are_pairs set: contains 1028790 tuples
         some_are_pairs set: contains 1848 tuples
         none_are_pairs set: contains 0 tuples
         indecomposable set: contains 0 tuples
decomposable & no pairs set: contains 0 tuples
     exceptional_cycles set: contains 1848 tuples

Print exceptional cycles (contains 1848 tuples): {
(13, 19, 48, 50, 77, 106, 132, 135)
(19, 29, 48, 50, 77, 106, 116, 135)
(9, 38, 67, 70, 75, 96, 100, 125)
(24, 25, 53, 66, 79, 82, 111, 140)
(10, 18, 47, 55, 76, 105, 134, 135)
(23, 28, 30, 52, 81, 110, 117, 139)
(2, 31, 41, 60, 89, 104, 118, 135)
(18, 22, 47, 55, 76, 105, 123, 134)
(17, 25, 46, 60, 75, 104, 120, 133)
(9, 38, 63, 67, 82, 96, 100, 125)
(23, 30, 52, 72, 73, 81, 110, 139)
(8, 37, 43, 66, 95, 102, 105, 124)
(14, 43, 52, 72, 75, 93, 101, 130)
(12, 41, 65, 70, 80, 85, 99, 128)
(1, 30, 51, 59, 88, 94, 117, 140)
(7, 20, 25, 54, 83, 112, 138, 141)
(10, 39, 62, 68, 83, 95, 97, 126)
(21, 40, 48, 50, 79, 97, 108, 137)
(21, 40, 50, 52, 79, 93, 108, 137)
(1, 21, 30, 59, 88, 117, 124, 140)
(8, 22, 35, 51, 80, 109, 137, 138)
(9, 38, 46, 67, 96, 99, 100, 125)
(16, 18, 47, 55, 76, 105, 129, 134)
(12, 41, 54, 70, 85, 91, 99, 128)
(13, 38, 42, 71, 80, 100, 107, 129)
(9, 35, 38, 67, 96, 100, 110, 125)
(19, 48, 50, 72, 73, 77, 106, 135)
(7, 15, 36, 65, 94, 110, 123, 130)
(16, 20, 45, 49, 78, 107, 129, 136)
(14, 29, 43, 72, 75, 101, 116, 130)
(2, 18, 31, 60, 89, 118, 127, 135)
(17, 46, 57, 60, 75, 88, 104, 133)
(10, 23, 27, 56, 85, 114, 122, 143)
(15, 44, 53, 70, 73, 92, 102, 131)
(5, 12, 41, 70, 85, 99, 128, 140)
(5, 28, 56, 57, 86, 89, 115, 144)
(16, 45, 61, 65, 74, 84, 103, 132)
(15, 27, 44, 70, 73, 102, 118, 131)
(20, 34, 45, 49, 78, 107, 111, 136)
(8, 37, 48, 66, 95, 97, 105, 124)
(20, 25, 53, 54, 83, 92, 112, 141)
(19, 48, 50, 66, 77, 79, 106, 135)
(12, 38, 41, 70, 85, 99, 107, 128)
(5, 34, 63, 66, 79, 92, 120, 121)
(4, 9, 38, 67, 96, 100, 125, 141)
(16, 45, 53, 65, 74, 92, 103, 132)
(17, 46, 49, 60, 75, 96, 104, 133)
(5, 10, 27, 56, 85, 114, 140, 143)
(15, 26, 27, 55, 84, 113, 118, 142)
(15, 25, 44, 70, 73, 102, 120, 131)
(6, 35, 64, 72, 73, 93, 115, 122)
(8, 37, 52, 66, 93, 95, 105, 124)
(10, 27, 47, 56, 85, 98, 114, 143)
(5, 17, 46, 60, 75, 104, 133, 140)
(15, 44, 57, 70, 73, 88, 102, 131)
(7, 10, 36, 65, 94, 110, 123, 135)
(16, 45, 54, 65, 74, 91, 103, 132)
(21, 34, 40, 50, 79, 108, 111, 137)
(4, 5, 34, 63, 92, 120, 121, 141)
(21, 40, 50, 51, 79, 94, 108, 137)
(2, 18, 47, 55, 76, 105, 134, 143)
(14, 26, 43, 72, 75, 101, 119, 130)
(10, 39, 45, 68, 95, 97, 100, 126)
(18, 47, 51, 55, 76, 94, 105, 134)
(11, 40, 60, 69, 85, 90, 98, 127)
(3, 7, 32, 61, 90, 119, 130, 138)
(1, 21, 40, 50, 79, 108, 137, 144)
(3, 32, 53, 61, 90, 92, 119, 130)
(1, 30, 55, 59, 88, 90, 117, 140)
(5, 28, 36, 57, 86, 109, 115, 144)
(19, 48, 49, 50, 77, 96, 106, 135)
(1, 7, 30, 59, 88, 117, 138, 140)
(8, 15, 37, 66, 95, 105, 124, 130)
(6, 35, 50, 64, 93, 95, 115, 122)
(18, 47, 55, 62, 76, 83, 105, 134)
(7, 36, 65, 70, 75, 94, 110, 123)
(16, 45, 50, 65, 74, 95, 103, 132)
(21, 40, 50, 54, 79, 91, 108, 137)
(1, 19, 30, 59, 88, 117, 126, 140)
(24, 25, 37, 53, 82, 108, 111, 140)
(18, 47, 55, 70, 75, 76, 105, 134)
(16, 45, 65, 66, 74, 79, 103, 132)
(5, 19, 48, 50, 77, 106, 135, 140)
(22, 35, 37, 51, 80, 108, 109, 138)
(6, 34, 35, 64, 93, 111, 115, 122)
(14, 18, 43, 72, 75, 101, 127, 130)
(7, 36, 55, 65, 90, 94, 110, 123)
(20, 25, 34, 54, 83, 111, 112, 141)
(3, 16, 32, 61, 90, 119, 129, 130)
(17, 46, 53, 60, 75, 92, 104, 133)
(19, 30, 48, 50, 77, 106, 115, 135)
(5, 22, 28, 57, 86, 115, 123, 144)
(22, 35, 51, 62, 80, 83, 109, 138)
(20, 45, 46, 49, 78, 99, 107, 136)
(20, 45, 49, 62, 78, 83, 107, 136)
(23, 30, 52, 60, 81, 85, 110, 139)
(7, 36, 61, 65, 84, 94, 110, 123)
(5, 16, 34, 63, 92, 120, 121, 129)
(12, 13, 42, 71, 80, 100, 129, 133)
(4, 33, 55, 62, 90, 91, 120, 125)
(7, 36, 42, 65, 94, 103, 110, 123)
(9, 38, 56, 67, 89, 96, 100, 125)
(5, 28, 29, 57, 86, 115, 116, 144)
(18, 47, 55, 65, 76, 80, 105, 134)
(3, 30, 32, 61, 90, 115, 119, 130)
(20, 23, 30, 52, 81, 110, 125, 139)
(20, 22, 25, 54, 83, 112, 123, 141)
(11, 40, 67, 69, 78, 90, 98, 127)
(6, 35, 47, 64, 93, 98, 115, 122)
(10, 39, 66, 68, 79, 95, 97, 126)
(14, 19, 48, 50, 77, 106, 131, 135)
(10, 15, 39, 68, 95, 97, 126, 130)
(2, 3, 31, 60, 89, 118, 135, 142)
(14, 38, 43, 72, 75, 101, 107, 130)
(5, 28, 49, 57, 86, 96, 115, 144)
(1, 15, 30, 59, 88, 117, 130, 140)
(18, 31, 47, 55, 76, 105, 114, 134)
(23, 30, 52, 59, 81, 86, 110, 139)
(3, 32, 61, 68, 77, 90, 119, 130)
(5, 34, 50, 63, 92, 95, 120, 121)
(8, 37, 59, 66, 86, 95, 105, 124)
(22, 35, 51, 56, 80, 89, 109, 138)
(13, 37, 42, 71, 80, 100, 108, 129)
(5, 28, 47, 57, 86, 98, 115, 144)
(15, 26, 41, 55, 84, 104, 113, 142)
(20, 45, 49, 59, 78, 86, 107, 136)
(7, 36, 45, 65, 94, 100, 110, 123)
(24, 25, 35, 53, 82, 110, 111, 140)
(12, 41, 70, 72, 73, 85, 99, 128)
(21, 39, 40, 50, 79, 106, 108, 137)
(14, 31, 43, 72, 75, 101, 114, 130)
(10, 27, 56, 70, 75, 85, 114, 143)
(20, 25, 54, 65, 80, 83, 112, 141)
(21, 26, 40, 50, 79, 108, 119, 137)
(4, 33, 62, 69, 76, 91, 120, 125)
(22, 35, 51, 58, 80, 87, 109, 138)
(20, 25, 54, 67, 78, 83, 112, 141)
(24, 25, 30, 53, 82, 111, 115, 140)
(19, 48, 50, 55, 77, 90, 106, 135)
(5, 28, 57, 66, 79, 86, 115, 144)
(5, 17, 34, 63, 92, 120, 121, 128)
(11, 27, 40, 69, 90, 98, 118, 127)
(1, 10, 39, 68, 95, 97, 126, 144)
(4, 33, 60, 62, 85, 91, 120, 125)
(23, 29, 30, 52, 81, 110, 116, 139)
(5, 7, 36, 65, 94, 110, 123, 140)
(21, 40, 50, 64, 79, 81, 108, 137)
(15, 22, 26, 55, 84, 113, 123, 142)
(5, 23, 34, 63, 92, 120, 121, 122)
(5, 23, 30, 52, 81, 110, 139, 140)
(11, 40, 59, 69, 86, 90, 98, 127)
(12, 41, 67, 70, 78, 85, 99, 128)
(13, 42, 64, 71, 80, 81, 100, 129)
(7, 26, 36, 65, 94, 110, 119, 123)
(10, 27, 41, 56, 85, 104, 114, 143)
(15, 26, 51, 55, 84, 94, 113, 142)
(10, 27, 39, 68, 95, 97, 118, 126)
(3, 32, 34, 61, 90, 111, 119, 130)
(19, 35, 48, 50, 77, 106, 110, 135)
(5, 28, 38, 57, 86, 107, 115, 144)
(5, 7, 34, 63, 92, 120, 121, 138)
(13, 24, 25, 53, 82, 111, 132, 140)
(15, 24, 44, 70, 73, 102, 121, 131)
(5, 22, 35, 51, 80, 109, 138, 140)
(2, 8, 31, 60, 89, 118, 135, 137)
(5, 34, 61, 63, 84, 92, 120, 121)
(16, 22, 35, 51, 80, 109, 129, 138)
(13, 42, 68, 71, 77, 80, 100, 129)
(19, 48, 50, 65, 77, 80, 106, 135)
(12, 41, 55, 70, 85, 90, 99, 128)
(21, 40, 50, 67, 78, 79, 108, 137)
(12, 29, 41, 70, 85, 99, 116, 128)
(6, 12, 35, 64, 93, 115, 122, 133)
(2, 22, 35, 51, 80, 109, 138, 143)
(4, 20, 45, 49, 78, 107, 136, 141)
(7, 28, 36, 65, 94, 110, 117, 123)
(17, 30, 46, 60, 75, 104, 115, 133)
(17, 45, 46, 60, 75, 100, 104, 133)
(23, 24, 25, 53, 82, 111, 122, 140)
(8, 31, 37, 66, 95, 105, 114, 124)
(18, 47, 55, 66, 76, 79, 105, 134)
(8, 29, 37, 66, 95, 105, 116, 124)
(4, 33, 35, 62, 91, 110, 120, 125)
(2, 13, 31, 60, 89, 118, 132, 135)
(6, 7, 36, 65, 94, 110, 123, 139)
(24, 25, 38, 53, 82, 107, 111, 140)
(4, 14, 33, 62, 91, 120, 125, 131)
(19, 41, 48, 50, 77, 104, 106, 135)
(17, 36, 46, 60, 75, 104, 109, 133)
(15, 26, 31, 55, 84, 113, 114, 142)
(16, 43, 45, 65, 74, 102, 103, 132)
(9, 21, 38, 67, 96, 100, 124, 125)
(10, 27, 56, 59, 85, 86, 114, 143)
(6, 35, 38, 64, 93, 107, 115, 122)
(13, 20, 25, 54, 83, 112, 132, 141)
(5, 25, 28, 57, 86, 115, 120, 144)
(23, 30, 36, 52, 81, 109, 110, 139)
(5, 28, 39, 57, 86, 106, 115, 144)
(13, 17, 46, 60, 75, 104, 132, 133)
(5, 32, 34, 63, 92, 113, 120, 121)
(4, 33, 61, 62, 84, 91, 120, 125)
(10, 26, 39, 68, 95, 97, 119, 126)
(7, 36, 52, 65, 93, 94, 110, 123)
(6, 35, 46, 64, 93, 99, 115, 122)
(23, 25, 30, 52, 81, 110, 120, 139)
(5, 28, 42, 57, 86, 103, 115, 144)
(10, 31, 39, 68, 95, 97, 114, 126)
(15, 26, 53, 55, 84, 92, 113, 142)
(1, 30, 59, 67, 78, 88, 117, 140)
(8, 19, 37, 66, 95, 105, 124, 126)
(5, 28, 50, 57, 86, 95, 115, 144)
(18, 47, 55, 59, 76, 86, 105, 134)
(6, 17, 35, 64, 93, 115, 122, 128)
(17, 46, 58, 60, 75, 87, 104, 133)
(24, 25, 46, 53, 82, 99, 111, 140)
(16, 45, 65, 68, 74, 77, 103, 132)
(19, 48, 50, 63, 77, 82, 106, 135)
(23, 30, 47, 52, 81, 98, 110, 139)
(4, 33, 40, 62, 91, 105, 120, 125)
(20, 25, 35, 54, 83, 110, 112, 141)
(23, 30, 48, 52, 81, 97, 110, 139)
(3, 32, 33, 61, 90, 112, 119, 130)
(1, 30, 59, 71, 74, 88, 117, 140)
(3, 32, 61, 65, 80, 90, 119, 130)
(24, 25, 53, 69, 76, 82, 111, 140)
(5, 34, 63, 72, 73, 92, 120, 121)
(11, 40, 58, 69, 87, 90, 98, 127)
(15, 18, 26, 55, 84, 113, 127, 142)
(13, 32, 42, 71, 80, 100, 113, 129)
(5, 14, 34, 63, 92, 120, 121, 131)
(9, 16, 38, 67, 96, 100, 125, 129)
(11, 37, 40, 69, 90, 98, 108, 127)
(7, 36, 37, 65, 94, 108, 110, 123)
(4, 29, 33, 62, 91, 116, 120, 125)
(3, 32, 35, 61, 90, 110, 119, 130)
(10, 27, 46, 56, 85, 99, 114, 143)
(20, 21, 40, 50, 79, 108, 125, 137)
(7, 36, 62, 65, 83, 94, 110, 123)
(2, 31, 32, 60, 89, 113, 118, 135)
(5, 34, 63, 70, 75, 92, 120, 121)
(14, 16, 43, 72, 75, 101, 129, 130)
(3, 8, 37, 66, 95, 105, 124, 142)
(16, 23, 30, 52, 81, 110, 129, 139)
(8, 37, 60, 66, 85, 95, 105, 124)
(15, 26, 50, 55, 84, 95, 113, 142)
(24, 25, 39, 53, 82, 106, 111, 140)
(11, 19, 48, 50, 77, 106, 134, 135)
(4, 21, 33, 62, 91, 120, 124, 125)
(4, 24, 25, 53, 82, 111, 140, 141)
(17, 39, 46, 60, 75, 104, 106, 133)
(17, 43, 46, 60, 75, 102, 104, 133)
(5, 15, 34, 63, 92, 120, 121, 130)
(17, 46, 47, 60, 75, 98, 104, 133)
(17, 20, 46, 60, 75, 104, 125, 133)
(15, 26, 35, 55, 84, 110, 113, 142)
(3, 32, 61, 69, 76, 90, 119, 130)
(20, 25, 51, 54, 83, 94, 112, 141)
(2, 31, 60, 61, 84, 89, 118, 135)
(8, 27, 37, 66, 95, 105, 118, 124)
(17, 32, 46, 60, 75, 104, 113, 133)
(1, 30, 48, 59, 88, 97, 117, 140)
(5, 28, 46, 57, 86, 99, 115, 144)
(13, 42, 43, 71, 80, 100, 102, 129)
(16, 45, 65, 69, 74, 76, 103, 132)
(16, 34, 45, 65, 74, 103, 111, 132)
(16, 38, 45, 65, 74, 103, 107, 132)
(3, 23, 30, 52, 81, 110, 139, 142)
(20, 45, 49, 51, 78, 94, 107, 136)
(6, 35, 57, 64, 88, 93, 115, 122)
(12, 41, 44, 70, 85, 99, 101, 128)
(15, 26, 55, 63, 82, 84, 113, 142)
(5, 34, 63, 67, 78, 92, 120, 121)
(10, 27, 50, 56, 85, 95, 114, 143)
(3, 5, 28, 57, 86, 115, 142, 144)
(9, 24, 38, 67, 96, 100, 121, 125)
(2, 17, 31, 60, 89, 118, 128, 135)
(7, 36, 64, 65, 81, 94, 110, 123)
(13, 42, 44, 71, 80, 100, 101, 129)
(8, 37, 46, 66, 95, 99, 105, 124)
(11, 40, 69, 71, 74, 90, 98, 127)
(11, 16, 45, 65, 74, 103, 132, 134)
(10, 39, 55, 68, 90, 95, 97, 126)
(10, 18, 39, 68, 95, 97, 126, 127)
(3, 32, 42, 61, 90, 103, 119, 130)
(14, 43, 47, 72, 75, 98, 101, 130)
(2, 31, 51, 60, 89, 94, 118, 135)
(20, 43, 45, 49, 78, 102, 107, 136)
(9, 38, 41, 67, 96, 100, 104, 125)
(17, 46, 59, 60, 75, 86, 104, 133)
(2, 5, 31, 60, 89, 118, 135, 140)
(10, 27, 55, 56, 85, 90, 114, 143)
(2, 21, 31, 60, 89, 118, 124, 135)
(5, 34, 51, 63, 92, 94, 120, 121)
(13, 19, 42, 71, 80, 100, 126, 129)
(1, 22, 35, 51, 80, 109, 138, 144)
(13, 15, 42, 71, 80, 100, 129, 130)
(24, 25, 53, 64, 81, 82, 111, 140)
(1, 5, 34, 63, 92, 120, 121, 144)
(22, 35, 51, 55, 80, 90, 109, 138)
(14, 40, 43, 72, 75, 101, 105, 130)
(9, 11, 40, 69, 90, 98, 127, 136)
(1, 22, 30, 59, 88, 117, 123, 140)
(15, 34, 44, 70, 73, 102, 111, 131)
(3, 11, 40, 69, 90, 98, 127, 142)
(17, 19, 46, 60, 75, 104, 126, 133)
(14, 16, 45, 65, 74, 103, 131, 132)
(3, 32, 61, 72, 73, 90, 119, 130)
(8, 23, 37, 66, 95, 105, 122, 124)
(17, 37, 46, 60, 75, 104, 108, 133)
(24, 25, 36, 53, 82, 109, 111, 140)
(19, 48, 50, 56, 77, 89, 106, 135)
(8, 26, 37, 66, 95, 105, 119, 124)
(24, 25, 53, 56, 82, 89, 111, 140)
(11, 24, 40, 69, 90, 98, 121, 127)
(15, 44, 47, 70, 73, 98, 102, 131)
(10, 24, 27, 56, 85, 114, 121, 143)
(5, 34, 54, 63, 91, 92, 120, 121)
(10, 13, 42, 71, 80, 100, 129, 135)
(1, 30, 59, 69, 76, 88, 117, 140)
(17, 38, 46, 60, 75, 104, 107, 133)
(24, 25, 44, 53, 82, 101, 111, 140)
(9, 18, 38, 67, 96, 100, 125, 127)
(5, 11, 40, 69, 90, 98, 127, 140)
(6, 35, 53, 64, 92, 93, 115, 122)
(16, 45, 55, 65, 74, 90, 103, 132)
(20, 25, 54, 60, 83, 85, 112, 141)
(4, 12, 41, 70, 85, 99, 128, 141)
(5, 13, 28, 57, 86, 115, 132, 144)
(5, 6, 34, 63, 92, 120, 121, 139)
(4, 22, 33, 62, 91, 120, 123, 125)
(22, 35, 51, 63, 80, 82, 109, 138)
(5, 28, 53, 57, 86, 92, 115, 144)
(11, 40, 51, 69, 90, 94, 98, 127)
(7, 36, 65, 69, 76, 94, 110, 123)
(3, 32, 61, 70, 75, 90, 119, 130)
(10, 27, 48, 56, 85, 97, 114, 143)
(22, 29, 35, 51, 80, 109, 116, 138)
(7, 31, 36, 65, 94, 110, 114, 123)
(4, 33, 51, 62, 91, 94, 120, 125)
(6, 35, 48, 64, 93, 97, 115, 122)
(3, 32, 44, 61, 90, 101, 119, 130)
(6, 28, 35, 64, 93, 115, 117, 122)
(23, 30, 52, 66, 79, 81, 110, 139)
(7, 14, 43, 72, 75, 101, 130, 138)
(23, 30, 31, 52, 81, 110, 114, 139)
(2, 6, 35, 64, 93, 115, 122, 143)
(13, 34, 42, 71, 80, 100, 111, 129)
(11, 15, 44, 70, 73, 102, 131, 134)
(7, 9, 36, 65, 94, 110, 123, 136)
(4, 22, 35, 51, 80, 109, 138, 141)
(9, 14, 43, 72, 75, 101, 130, 136)
(16, 45, 59, 65, 74, 86, 103, 132)
(2, 31, 60, 64, 81, 89, 118, 135)
(9, 38, 48, 67, 96, 97, 100, 125)
(1, 30, 39, 59, 88, 106, 117, 140)
(14, 41, 43, 72, 75, 101, 104, 130)
(2, 31, 47, 60, 89, 98, 118, 135)
(15, 25, 26, 55, 84, 113, 120, 142)
(18, 47, 48, 55, 76, 97, 105, 134)
(3, 32, 39, 61, 90, 106, 119, 130)
(7, 36, 56, 65, 89, 94, 110, 123)
(11, 40, 57, 69, 88, 90, 98, 127)
(2, 21, 40, 50, 79, 108, 137, 143)
(11, 21, 40, 69, 90, 98, 124, 127)
(24, 25, 53, 60, 82, 85, 111, 140)
(12, 21, 41, 70, 85, 99, 124, 128)
(20, 22, 35, 51, 80, 109, 125, 138)
(8, 24, 25, 53, 82, 111, 137, 140)
(8, 37, 65, 66, 80, 95, 105, 124)
(23, 30, 38, 52, 81, 107, 110, 139)
(1, 3, 32, 61, 90, 119, 130, 144)
(9, 15, 38, 67, 96, 100, 125, 130)
(18, 19, 48, 50, 77, 106, 127, 135)
(3, 9, 32, 61, 90, 119, 130, 136)
(7, 36, 48, 65, 94, 97, 110, 123)
(12, 24, 25, 53, 82, 111, 133, 140)
(11, 40, 64, 69, 81, 90, 98, 127)
(10, 28, 39, 68, 95, 97, 117, 126)
(9, 38, 55, 67, 90, 96, 100, 125)
(18, 20, 25, 54, 83, 112, 127, 141)
(5, 28, 57, 60, 85, 86, 115, 144)
(15, 44, 48, 70, 73, 97, 102, 131)
(9, 17, 46, 60, 75, 104, 133, 136)
(16, 27, 45, 65, 74, 103, 118, 132)
(2, 16, 31, 60, 89, 118, 129, 135)
(20, 45, 49, 56, 78, 89, 107, 136)
(24, 25, 47, 53, 82, 98, 111, 140)
(17, 46, 51, 60, 75, 94, 104, 133)
(13, 42, 60, 71, 80, 85, 100, 129)
(23, 30, 52, 71, 74, 81, 110, 139)
(20, 25, 46, 54, 83, 99, 112, 141)
(20, 24, 25, 53, 82, 111, 125, 140)
(5, 34, 39, 63, 92, 106, 120, 121)
(15, 41, 44, 70, 73, 102, 104, 131)
(4, 17, 33, 62, 91, 120, 125, 128)
(8, 37, 49, 66, 95, 96, 105, 124)
(11, 20, 45, 49, 78, 107, 134, 136)
(8, 37, 44, 66, 95, 101, 105, 124)
(2, 30, 31, 60, 89, 115, 118, 135)
(2, 15, 26, 55, 84, 113, 142, 143)
(8, 17, 46, 60, 75, 104, 133, 137)
(12, 41, 62, 70, 83, 85, 99, 128)
(5, 18, 47, 55, 76, 105, 134, 140)
(16, 45, 60, 65, 74, 85, 103, 132)
(4, 27, 33, 62, 91, 118, 120, 125)
(7, 11, 40, 69, 90, 98, 127, 138)
(13, 29, 42, 71, 80, 100, 116, 129)
(19, 48, 50, 54, 77, 91, 106, 135)
(22, 33, 35, 51, 80, 109, 112, 138)
(8, 37, 39, 66, 95, 105, 106, 124)
(10, 39, 51, 68, 94, 95, 97, 126)
(16, 45, 48, 65, 74, 97, 103, 132)
(6, 35, 40, 64, 93, 105, 115, 122)
(1, 30, 59, 62, 83, 88, 117, 140)
(9, 33, 38, 67, 96, 100, 112, 125)
(6, 15, 26, 55, 84, 113, 139, 142)
(5, 26, 34, 63, 92, 119, 120, 121)
(13, 26, 42, 71, 80, 100, 119, 129)
(15, 38, 44, 70, 73, 102, 107, 131)
(19, 48, 50, 61, 77, 84, 106, 135)
(15, 44, 46, 70, 73, 99, 102, 131)
(9, 38, 60, 67, 85, 96, 100, 125)
(11, 26, 40, 69, 90, 98, 119, 127)
(2, 11, 31, 60, 89, 118, 134, 135)
(8, 37, 47, 66, 95, 98, 105, 124)
(15, 19, 44, 70, 73, 102, 126, 131)
(16, 21, 45, 65, 74, 103, 124, 132)
(23, 30, 39, 52, 81, 106, 110, 139)
(4, 18, 33, 62, 91, 120, 125, 127)
(12, 41, 68, 70, 77, 85, 99, 128)
(19, 38, 48, 50, 77, 106, 107, 135)
(17, 29, 46, 60, 75, 104, 116, 133)
(13, 23, 30, 52, 81, 110, 132, 139)
(24, 25, 52, 53, 82, 93, 111, 140)
(6, 15, 35, 64, 93, 115, 122, 130)
(11, 40, 65, 69, 80, 90, 98, 127)
(6, 24, 35, 64, 93, 115, 121, 122)
(4, 33, 46, 62, 91, 99, 120, 125)
(12, 14, 43, 72, 75, 101, 130, 133)
(10, 39, 58, 68, 87, 95, 97, 126)
(20, 21, 45, 49, 78, 107, 124, 136)
(5, 34, 58, 63, 87, 92, 120, 121)
(3, 28, 32, 61, 90, 117, 119, 130)
(19, 20, 45, 49, 78, 107, 126, 136)
(5, 20, 45, 49, 78, 107, 136, 140)
(20, 25, 54, 59, 83, 86, 112, 141)
(5, 19, 28, 57, 86, 115, 126, 144)
(6, 35, 45, 64, 93, 100, 115, 122)
(9, 29, 38, 67, 96, 100, 116, 125)
(7, 33, 36, 65, 94, 110, 112, 123)
(7, 36, 39, 65, 94, 106, 110, 123)
(12, 41, 57, 70, 85, 88, 99, 128)
(16, 24, 25, 53, 82, 111, 129, 140)
(6, 33, 35, 64, 93, 112, 115, 122)
(14, 43, 66, 72, 75, 79, 101, 130)
(12, 20, 45, 49, 78, 107, 133, 136)
(15, 26, 37, 55, 84, 108, 113, 142)
(3, 10, 32, 61, 90, 119, 130, 135)
(22, 35, 43, 51, 80, 102, 109, 138)
(20, 25, 54, 71, 74, 83, 112, 141)
(13, 25, 42, 71, 80, 100, 120, 129)
(10, 27, 28, 56, 85, 114, 117, 143)
(15, 20, 44, 70, 73, 102, 125, 131)
(1, 30, 59, 70, 75, 88, 117, 140)
(15, 44, 55, 70, 73, 90, 102, 131)
(1, 2, 30, 59, 88, 117, 140, 143)
(20, 25, 54, 72, 73, 83, 112, 141)
(13, 23, 42, 71, 80, 100, 122, 129)
(3, 32, 61, 62, 83, 90, 119, 130)
(15, 23, 44, 70, 73, 102, 122, 131)
(7, 36, 53, 65, 92, 94, 110, 123)
(18, 37, 47, 55, 76, 105, 108, 134)
(24, 25, 53, 57, 82, 88, 111, 140)
(9, 38, 52, 67, 93, 96, 100, 125)
(5, 34, 63, 71, 74, 92, 120, 121)
(11, 40, 56, 69, 89, 90, 98, 127)
(22, 35, 41, 51, 80, 104, 109, 138)
(4, 33, 62, 63, 82, 91, 120, 125)
(4, 6, 33, 62, 91, 120, 125, 139)
(18, 47, 55, 61, 76, 84, 105, 134)
(2, 22, 31, 60, 89, 118, 123, 135)
(12, 41, 50, 70, 85, 95, 99, 128)
(8, 35, 37, 66, 95, 105, 110, 124)
(5, 34, 41, 63, 92, 104, 120, 121)
(17, 46, 60, 63, 75, 82, 104, 133)
(11, 22, 35, 51, 80, 109, 134, 138)
(12, 41, 51, 70, 85, 94, 99, 128)
(6, 15, 44, 70, 73, 102, 131, 139)
(16, 23, 45, 65, 74, 103, 122, 132)
(5, 34, 59, 63, 86, 92, 120, 121)
(7, 36, 65, 72, 73, 94, 110, 123)
(3, 17, 32, 61, 90, 119, 128, 130)
(3, 10, 39, 68, 95, 97, 126, 142)
(23, 30, 52, 70, 75, 81, 110, 139)
(8, 11, 40, 69, 90, 98, 127, 137)
(3, 32, 41, 61, 90, 104, 119, 130)
(6, 35, 49, 64, 93, 96, 115, 122)
(13, 42, 71, 72, 73, 80, 100, 129)
(18, 20, 45, 49, 78, 107, 127, 136)
(4, 33, 53, 62, 91, 92, 120, 125)
(2, 31, 58, 60, 87, 89, 118, 135)
(14, 39, 43, 72, 75, 101, 106, 130)
(4, 33, 52, 62, 91, 93, 120, 125)
(10, 14, 27, 56, 85, 114, 131, 143)
(8, 37, 41, 66, 95, 104, 105, 124)
(23, 30, 50, 52, 81, 95, 110, 139)
(1, 20, 30, 59, 88, 117, 125, 140)
(22, 35, 38, 51, 80, 107, 109, 138)
(15, 44, 60, 70, 73, 85, 102, 131)
(2, 14, 31, 60, 89, 118, 131, 135)
(20, 45, 49, 58, 78, 87, 107, 136)
(5, 28, 35, 57, 86, 110, 115, 144)
(17, 46, 52, 60, 75, 93, 104, 133)
(13, 15, 44, 70, 73, 102, 131, 132)
(4, 23, 33, 62, 91, 120, 122, 125)
(10, 21, 27, 56, 85, 114, 124, 143)
(16, 45, 46, 65, 74, 99, 103, 132)
(15, 26, 44, 55, 84, 101, 113, 142)
(11, 38, 40, 69, 90, 98, 107, 127)
(5, 21, 34, 63, 92, 120, 121, 124)
(14, 17, 43, 72, 75, 101, 128, 130)
(15, 44, 58, 70, 73, 87, 102, 131)
(14, 43, 50, 72, 75, 95, 101, 130)
(17, 46, 60, 68, 75, 77, 104, 133)
(22, 35, 42, 51, 80, 103, 109, 138)
(17, 18, 46, 60, 75, 104, 127, 133)
(2, 14, 43, 72, 75, 101, 130, 143)
(9, 19, 38, 67, 96, 100, 125, 126)
(1, 14, 30, 59, 88, 117, 131, 140)
(2, 20, 45, 49, 78, 107, 136, 143)
(9, 37, 38, 67, 96, 100, 108, 125)
(22, 35, 40, 51, 80, 105, 109, 138)
(11, 35, 40, 69, 90, 98, 110, 127)
(11, 34, 40, 69, 90, 98, 111, 127)
(3, 32, 40, 61, 90, 105, 119, 130)
(20, 33, 45, 49, 78, 107, 112, 136)
(15, 26, 33, 55, 84, 112, 113, 142)
(8, 16, 37, 66, 95, 105, 124, 129)
(23, 30, 40, 52, 81, 105, 110, 139)
(6, 35, 55, 64, 90, 93, 115, 122)
(6, 35, 42, 64, 93, 103, 115, 122)
(15, 44, 62, 70, 73, 83, 102, 131)
(12, 27, 41, 70, 85, 99, 118, 128)
(7, 34, 36, 65, 94, 110, 111, 123)
(20, 25, 54, 55, 83, 90, 112, 141)
(7, 32, 36, 65, 94, 110, 113, 123)
(13, 31, 42, 71, 80, 100, 114, 129)
(5, 27, 28, 57, 86, 115, 118, 144)
(1, 18, 30, 59, 88, 117, 127, 140)
(15, 44, 67, 70, 73, 78, 102, 131)
(22, 35, 48, 51, 80, 97, 109, 138)
(10, 16, 39, 68, 95, 97, 126, 129)
(21, 40, 44, 50, 79, 101, 108, 137)
(3, 22, 32, 61, 90, 119, 123, 130)
(14, 34, 43, 72, 75, 101, 111, 130)
(8, 22, 37, 66, 95, 105, 123, 124)
(13, 30, 42, 71, 80, 100, 115, 129)
(14, 23, 43, 72, 75, 101, 122, 130)
(1, 30, 44, 59, 88, 101, 117, 140)
(3, 32, 54, 61, 90, 91, 119, 130)
(22, 35, 50, 51, 80, 95, 109, 138)
(15, 26, 47, 55, 84, 98, 113, 142)
(15, 44, 56, 70, 73, 89, 102, 131)
(6, 10, 27, 56, 85, 114, 139, 143)
(13, 24, 42, 71, 80, 100, 121, 129)
(1, 30, 59, 66, 79, 88, 117, 140)
(5, 18, 34, 63, 92, 120, 121, 127)
(18, 23, 30, 52, 81, 110, 127, 139)
(17, 23, 46, 60, 75, 104, 122, 133)
(22, 24, 25, 53, 82, 111, 123, 140)
(7, 36, 47, 65, 94, 98, 110, 123)
(4, 33, 34, 62, 91, 111, 120, 125)
(13, 42, 46, 71, 80, 99, 100, 129)
(14, 27, 43, 72, 75, 101, 118, 130)
(17, 46, 60, 64, 75, 81, 104, 133)
(6, 21, 35, 64, 93, 115, 122, 124)
(7, 27, 36, 65, 94, 110, 118, 123)
(13, 42, 50, 71, 80, 95, 100, 129)
(14, 37, 43, 72, 75, 101, 108, 130)
(20, 24, 45, 49, 78, 107, 121, 136)
(3, 12, 41, 70, 85, 99, 128, 142)
(4, 33, 44, 62, 91, 101, 120, 125)
(6, 13, 35, 64, 93, 115, 122, 132)
(18, 47, 55, 63, 76, 82, 105, 134)
(10, 34, 39, 68, 95, 97, 111, 126)
(16, 45, 64, 65, 74, 81, 103, 132)
(6, 16, 45, 65, 74, 103, 132, 139)
(7, 36, 60, 65, 85, 94, 110, 123)
(15, 21, 26, 55, 84, 113, 124, 142)
(6, 35, 44, 64, 93, 101, 115, 122)
(2, 31, 39, 60, 89, 106, 118, 135)
(7, 36, 65, 68, 77, 94, 110, 123)
(5, 20, 25, 54, 83, 112, 140, 141)
(6, 11, 35, 64, 93, 115, 122, 134)
(16, 24, 45, 65, 74, 103, 121, 132)
(2, 23, 30, 52, 81, 110, 139, 143)
(14, 43, 48, 72, 75, 97, 101, 130)
(21, 36, 40, 50, 79, 108, 109, 137)
(6, 20, 35, 64, 93, 115, 122, 125)
(9, 38, 47, 67, 96, 98, 100, 125)
(14, 43, 49, 72, 75, 96, 101, 130)
(22, 35, 51, 72, 73, 80, 109, 138)
(10, 27, 44, 56, 85, 101, 114, 143)
(6, 35, 64, 68, 77, 93, 115, 122)
(2, 31, 43, 60, 89, 102, 118, 135)
(20, 25, 49, 54, 83, 96, 112, 141)
(18, 34, 47, 55, 76, 105, 111, 134)
(5, 8, 37, 66, 95, 105, 124, 140)
(2, 4, 33, 62, 91, 120, 125, 143)
(11, 14, 40, 69, 90, 98, 127, 131)
(5, 34, 56, 63, 89, 92, 120, 121)
(7, 36, 44, 65, 94, 101, 110, 123)
(8, 37, 66, 69, 76, 95, 105, 124)
(15, 44, 59, 70, 73, 86, 102, 131)
(5, 28, 57, 64, 81, 86, 115, 144)
(16, 29, 45, 65, 74, 103, 116, 132)
(23, 30, 44, 52, 81, 101, 110, 139)
(20, 25, 47, 54, 83, 98, 112, 141)
(10, 27, 32, 56, 85, 113, 114, 143)
(7, 36, 41, 65, 94, 104, 110, 123)
(16, 45, 65, 67, 74, 78, 103, 132)
(3, 29, 32, 61, 90, 116, 119, 130)
(10, 21, 39, 68, 95, 97, 124, 126)
(2, 15, 44, 70, 73, 102, 131, 143)
(4, 16, 33, 62, 91, 120, 125, 129)
(21, 31, 40, 50, 79, 108, 114, 137)
(15, 26, 55, 67, 78, 84, 113, 142)
(8, 34, 37, 66, 95, 105, 111, 124)
(15, 26, 49, 55, 84, 96, 113, 142)
(10, 39, 61, 68, 84, 95, 97, 126)
(24, 25, 53, 54, 82, 91, 111, 140)
(20, 22, 45, 49, 78, 107, 123, 136)
(15, 22, 44, 70, 73, 102, 123, 131)
(9, 38, 67, 72, 73, 96, 100, 125)
(7, 19, 48, 50, 77, 106, 135, 138)
(1, 27, 30, 59, 88, 117, 118, 140)
(12, 22, 41, 70, 85, 99, 123, 128)
(10, 27, 40, 56, 85, 105, 114, 143)
(1, 12, 41, 70, 85, 99, 128, 144)
(3, 18, 32, 61, 90, 119, 127, 130)
(15, 18, 44, 70, 73, 102, 127, 131)
(10, 23, 30, 52, 81, 110, 135, 139)
(10, 12, 39, 68, 95, 97, 126, 133)
(7, 36, 63, 65, 82, 94, 110, 123)
(8, 37, 61, 66, 84, 95, 105, 124)
(11, 23, 40, 69, 90, 98, 122, 127)
(24, 25, 53, 61, 82, 84, 111, 140)
(4, 14, 43, 72, 75, 101, 130, 141)
(5, 28, 31, 57, 86, 114, 115, 144)
(22, 35, 51, 66, 79, 80, 109, 138)
(11, 16, 40, 69, 90, 98, 127, 129)
(15, 26, 55, 60, 84, 85, 113, 142)
(12, 25, 41, 70, 85, 99, 120, 128)
(16, 26, 45, 65, 74, 103, 119, 132)
(1, 7, 36, 65, 94, 110, 123, 144)
(23, 27, 30, 52, 81, 110, 118, 139)
(20, 42, 45, 49, 78, 103, 107, 136)
(12, 15, 41, 70, 85, 99, 128, 130)
(24, 25, 32, 53, 82, 111, 113, 140)
(2, 31, 44, 60, 89, 101, 118, 135)
(1, 30, 47, 59, 88, 98, 117, 140)
(15, 26, 55, 62, 83, 84, 113, 142)
(2, 10, 39, 68, 95, 97, 126, 143)
(1, 6, 35, 64, 93, 115, 122, 144)
(9, 38, 39, 67, 96, 100, 106, 125)
(1, 24, 30, 59, 88, 117, 121, 140)
(14, 43, 64, 72, 75, 81, 101, 130)
(16, 20, 25, 54, 83, 112, 129, 141)
(21, 27, 40, 50, 79, 108, 118, 137)
(20, 25, 48, 54, 83, 97, 112, 141)
(10, 39, 65, 68, 80, 95, 97, 126)
(16, 36, 45, 65, 74, 103, 109, 132)
(18, 39, 47, 55, 76, 105, 106, 134)
(12, 32, 41, 70, 85, 99, 113, 128)
(8, 37, 58, 66, 87, 95, 105, 124)
(5, 33, 34, 63, 92, 112, 120, 121)
(8, 37, 57, 66, 88, 95, 105, 124)
(11, 40, 45, 69, 90, 98, 100, 127)
(4, 33, 57, 62, 88, 91, 120, 125)
(12, 41, 70, 71, 74, 85, 99, 128)
(9, 27, 38, 67, 96, 100, 118, 125)
(6, 9, 38, 67, 96, 100, 125, 139)
(4, 33, 49, 62, 91, 96, 120, 125)
(13, 42, 48, 71, 80, 97, 100, 129)
(17, 18, 47, 55, 76, 105, 128, 134)
(3, 32, 57, 61, 88, 90, 119, 130)
(11, 29, 40, 69, 90, 98, 116, 127)
(9, 38, 67, 71, 74, 96, 100, 125)
(24, 25, 53, 67, 78, 82, 111, 140)
(6, 10, 39, 68, 95, 97, 126, 139)
(22, 35, 51, 52, 80, 93, 109, 138)
(14, 43, 63, 72, 75, 82, 101, 130)
(10, 27, 35, 56, 85, 110, 114, 143)
(6, 31, 35, 64, 93, 114, 115, 122)
(22, 35, 51, 61, 80, 84, 109, 138)
(10, 27, 56, 65, 80, 85, 114, 143)
(21, 29, 40, 50, 79, 108, 116, 137)
(11, 40, 62, 69, 83, 90, 98, 127)
(2, 31, 60, 69, 76, 89, 118, 135)
(11, 32, 40, 69, 90, 98, 113, 127)
(2, 26, 31, 60, 89, 118, 119, 135)
(9, 20, 25, 54, 83, 112, 136, 141)
(2, 7, 31, 60, 89, 118, 135, 138)
(8, 30, 37, 66, 95, 105, 115, 124)
(9, 10, 38, 67, 96, 100, 125, 135)
(6, 26, 35, 64, 93, 115, 119, 122)
(15, 39, 44, 70, 73, 102, 106, 131)
(19, 45, 48, 50, 77, 100, 106, 135)
(17, 34, 46, 60, 75, 104, 111, 133)
(19, 42, 48, 50, 77, 103, 106, 135)
(7, 15, 44, 70, 73, 102, 131, 138)
(14, 20, 25, 54, 83, 112, 131, 141)
(9, 10, 39, 68, 95, 97, 126, 136)
(15, 26, 46, 55, 84, 99, 113, 142)
(5, 22, 34, 63, 92, 120, 121, 123)
(1, 8, 37, 66, 95, 105, 124, 144)
(12, 36, 41, 70, 85, 99, 109, 128)
(12, 18, 47, 55, 76, 105, 133, 134)
(19, 40, 48, 50, 77, 105, 106, 135)
(11, 17, 40, 69, 90, 98, 127, 128)
(11, 33, 40, 69, 90, 98, 112, 127)
(20, 45, 49, 64, 78, 81, 107, 136)
(23, 30, 46, 52, 81, 99, 110, 139)
(5, 28, 52, 57, 86, 93, 115, 144)
(20, 25, 30, 54, 83, 112, 115, 141)
(15, 26, 55, 68, 77, 84, 113, 142)
(13, 42, 58, 71, 80, 87, 100, 129)
(4, 15, 33, 62, 91, 120, 125, 130)
(17, 35, 46, 60, 75, 104, 110, 133)
(8, 10, 37, 66, 95, 105, 124, 135)
(7, 36, 54, 65, 91, 94, 110, 123)
(21, 40, 50, 62, 79, 83, 108, 137)
(4, 5, 28, 57, 86, 115, 141, 144)
(13, 42, 54, 71, 80, 91, 100, 129)
(12, 41, 58, 70, 85, 87, 99, 128)
(15, 26, 55, 71, 74, 84, 113, 142)
(15, 26, 55, 58, 84, 87, 113, 142)
(3, 14, 32, 61, 90, 119, 130, 131)
(15, 44, 65, 70, 73, 80, 102, 131)
(17, 21, 40, 50, 79, 108, 128, 137)
(1, 30, 59, 64, 81, 88, 117, 140)
(18, 47, 55, 71, 74, 76, 105, 134)
(6, 35, 37, 64, 93, 108, 115, 122)
(12, 41, 42, 70, 85, 99, 103, 128)
(19, 48, 50, 51, 77, 94, 106, 135)
(15, 24, 26, 55, 84, 113, 121, 142)
(6, 19, 48, 50, 77, 106, 135, 139)
(18, 47, 55, 72, 73, 76, 105, 134)
(4, 8, 37, 66, 95, 105, 124, 141)
(14, 43, 65, 72, 75, 80, 101, 130)
(10, 27, 56, 71, 74, 85, 114, 143)
(14, 43, 56, 72, 75, 89, 101, 130)
(8, 36, 37, 66, 95, 105, 109, 124)
(7, 23, 36, 65, 94, 110, 122, 123)
(10, 13, 39, 68, 95, 97, 126, 132)
(15, 37, 44, 70, 73, 102, 108, 131)
(3, 10, 27, 56, 85, 114, 142, 143)
(18, 47, 55, 64, 76, 81, 105, 134)
(9, 36, 38, 67, 96, 100, 109, 125)
(7, 13, 42, 71, 80, 100, 129, 138)
(13, 35, 42, 71, 80, 100, 110, 129)
(7, 36, 57, 65, 88, 94, 110, 123)
(8, 12, 37, 66, 95, 105, 124, 133)
(5, 34, 63, 68, 77, 92, 120, 121)
(3, 32, 51, 61, 90, 94, 119, 130)
(3, 13, 42, 71, 80, 100, 129, 142)
(5, 28, 57, 67, 78, 86, 115, 144)
(10, 39, 59, 68, 86, 95, 97, 126)
(21, 22, 35, 51, 80, 109, 124, 138)
(6, 20, 25, 54, 83, 112, 139, 141)
(9, 16, 45, 65, 74, 103, 132, 136)
(12, 33, 41, 70, 85, 99, 112, 128)
(22, 35, 51, 64, 80, 81, 109, 138)
(3, 32, 59, 61, 86, 90, 119, 130)
(14, 43, 67, 72, 75, 78, 101, 130)
(6, 18, 47, 55, 76, 105, 134, 139)
(2, 31, 60, 68, 77, 89, 118, 135)
(5, 34, 63, 64, 81, 92, 120, 121)
(12, 41, 64, 70, 81, 85, 99, 128)
(4, 16, 45, 65, 74, 103, 132, 141)
(24, 25, 53, 58, 82, 87, 111, 140)
(10, 27, 53, 56, 85, 92, 114, 143)
(8, 37, 66, 72, 73, 95, 105, 124)
(21, 40, 43, 50, 79, 102, 108, 137)
(23, 30, 51, 52, 81, 94, 110, 139)
(3, 31, 32, 61, 90, 114, 119, 130)
(11, 21, 40, 50, 79, 108, 134, 137)
(10, 15, 26, 55, 84, 113, 135, 142)
(22, 25, 35, 51, 80, 109, 120, 138)
(11, 12, 40, 69, 90, 98, 127, 133)
(8, 37, 55, 66, 90, 95, 105, 124)
(1, 30, 53, 59, 88, 92, 117, 140)
(20, 25, 54, 56, 83, 89, 112, 141)
(10, 39, 68, 72, 73, 95, 97, 126)
(3, 32, 48, 61, 90, 97, 119, 130)
(15, 26, 55, 56, 84, 89, 113, 142)
(3, 14, 43, 72, 75, 101, 130, 142)
(16, 19, 48, 50, 77, 106, 129, 135)
(21, 40, 50, 72, 73, 79, 108, 137)
(10, 27, 33, 56, 85, 112, 114, 143)
(12, 41, 63, 70, 82, 85, 99, 128)
(3, 27, 32, 61, 90, 118, 119, 130)
(4, 33, 38, 62, 91, 107, 120, 125)
(12, 28, 41, 70, 85, 99, 117, 128)
(4, 13, 33, 62, 91, 120, 125, 132)
(12, 22, 35, 51, 80, 109, 133, 138)
(21, 38, 40, 50, 79, 107, 108, 137)
(10, 33, 39, 68, 95, 97, 112, 126)
(3, 32, 61, 66, 79, 90, 119, 130)
(8, 9, 38, 67, 96, 100, 125, 137)
(13, 17, 42, 71, 80, 100, 128, 129)
(1, 8, 30, 59, 88, 117, 137, 140)
(18, 47, 55, 67, 76, 78, 105, 134)
(18, 25, 47, 55, 76, 105, 120, 134)
(10, 27, 52, 56, 85, 93, 114, 143)
(6, 14, 43, 72, 75, 101, 130, 139)
(10, 27, 56, 58, 85, 87, 114, 143)
(14, 43, 60, 72, 75, 85, 101, 130)
(5, 12, 34, 63, 92, 120, 121, 133)
(1, 11, 40, 69, 90, 98, 127, 144)
(5, 28, 34, 63, 92, 117, 120, 121)
(13, 41, 42, 71, 80, 100, 104, 129)
(1, 17, 30, 59, 88, 117, 128, 140)
(1, 29, 30, 59, 88, 116, 117, 140)
(4, 33, 56, 62, 89, 91, 120, 125)
(15, 26, 30, 55, 84, 113, 115, 142)
(23, 30, 52, 54, 81, 91, 110, 139)
(10, 39, 46, 68, 95, 97, 99, 126)
(21, 40, 46, 50, 79, 99, 108, 137)
(22, 35, 51, 70, 75, 80, 109, 138)
(13, 42, 53, 71, 80, 92, 100, 129)
(2, 13, 42, 71, 80, 100, 129, 143)
(22, 35, 44, 51, 80, 101, 109, 138)
(17, 44, 46, 60, 75, 101, 104, 133)
(5, 28, 57, 70, 75, 86, 115, 144)
(8, 33, 37, 66, 95, 105, 112, 124)
(20, 25, 28, 54, 83, 112, 117, 141)
(20, 25, 40, 54, 83, 105, 112, 141)
(22, 26, 35, 51, 80, 109, 119, 138)
(19, 22, 48, 50, 77, 106, 123, 135)
(13, 42, 51, 71, 80, 94, 100, 129)
(23, 30, 52, 62, 81, 83, 110, 139)
(1, 30, 54, 59, 88, 91, 117, 140)
(3, 32, 61, 63, 82, 90, 119, 130)
(20, 25, 54, 68, 77, 83, 112, 141)
(7, 12, 36, 65, 94, 110, 123, 133)
(3, 19, 48, 50, 77, 106, 135, 142)
(2, 31, 60, 70, 75, 89, 118, 135)
(1, 30, 59, 65, 80, 88, 117, 140)
(10, 39, 60, 68, 85, 95, 97, 126)
(5, 34, 47, 63, 92, 98, 120, 121)
(19, 34, 48, 50, 77, 106, 111, 135)
(14, 22, 43, 72, 75, 101, 123, 130)
(11, 20, 40, 69, 90, 98, 125, 127)
(13, 33, 42, 71, 80, 100, 112, 129)
(8, 37, 64, 66, 81, 95, 105, 124)
(12, 41, 43, 70, 85, 99, 102, 128)
(6, 11, 40, 69, 90, 98, 127, 139)
(9, 13, 38, 67, 96, 100, 125, 132)
(10, 39, 57, 68, 88, 95, 97, 126)
(7, 36, 59, 65, 86, 94, 110, 123)
(10, 22, 39, 68, 95, 97, 123, 126)
(12, 19, 48, 50, 77, 106, 133, 135)
(20, 28, 45, 49, 78, 107, 117, 136)
(15, 21, 44, 70, 73, 102, 124, 131)
(9, 30, 38, 67, 96, 100, 115, 125)
(7, 10, 39, 68, 95, 97, 126, 138)
(10, 30, 39, 68, 95, 97, 115, 126)
(15, 23, 30, 52, 81, 110, 130, 139)
(4, 33, 37, 62, 91, 108, 120, 125)
(23, 30, 52, 67, 78, 81, 110, 139)
(21, 23, 40, 50, 79, 108, 122, 137)
(11, 12, 41, 70, 85, 99, 128, 134)
(15, 28, 44, 70, 73, 102, 117, 131)
(17, 46, 60, 61, 75, 84, 104, 133)
(3, 13, 32, 61, 90, 119, 130, 132)
(11, 40, 42, 69, 90, 98, 103, 127)
(11, 31, 40, 69, 90, 98, 114, 127)
(1, 30, 35, 59, 88, 110, 117, 140)
(15, 44, 68, 70, 73, 77, 102, 131)
(4, 33, 62, 65, 80, 91, 120, 125)
(6, 17, 46, 60, 75, 104, 133, 139)
(17, 46, 48, 60, 75, 97, 104, 133)
(15, 26, 55, 69, 76, 84, 113, 142)
(17, 20, 45, 49, 78, 107, 128, 136)
(12, 31, 41, 70, 85, 99, 114, 128)
(11, 40, 69, 70, 75, 90, 98, 127)
(3, 32, 50, 61, 90, 95, 119, 130)
(21, 28, 40, 50, 79, 108, 117, 137)
(9, 15, 26, 55, 84, 113, 136, 142)
(15, 17, 26, 55, 84, 113, 128, 142)
(5, 34, 63, 69, 76, 92, 120, 121)
(3, 32, 43, 61, 90, 102, 119, 130)
(22, 23, 30, 52, 81, 110, 123, 139)
(11, 14, 43, 72, 75, 101, 130, 134)
(10, 11, 40, 69, 90, 98, 127, 135)
(19, 32, 48, 50, 77, 106, 113, 135)
(15, 26, 34, 55, 84, 111, 113, 142)
(15, 26, 28, 55, 84, 113, 117, 142)
(7, 36, 65, 67, 78, 94, 110, 123)
(2, 31, 35, 60, 89, 110, 118, 135)
(3, 4, 33, 62, 91, 120, 125, 142)
(17, 46, 60, 66, 75, 79, 104, 133)
(1, 9, 38, 67, 96, 100, 125, 144)
(6, 35, 59, 64, 86, 93, 115, 122)
(1, 30, 59, 72, 73, 88, 117, 140)
(7, 14, 36, 65, 94, 110, 123, 131)
(11, 24, 25, 53, 82, 111, 134, 140)
(18, 47, 55, 57, 76, 88, 105, 134)
(8, 37, 54, 66, 91, 95, 105, 124)
(1, 15, 26, 55, 84, 113, 142, 144)
(15, 17, 44, 70, 73, 102, 128, 131)
(13, 14, 43, 72, 75, 101, 130, 132)
(6, 35, 51, 64, 93, 94, 115, 122)
(20, 24, 25, 54, 83, 112, 121, 141)
(3, 19, 32, 61, 90, 119, 126, 130)
(16, 17, 45, 65, 74, 103, 128, 132)
(11, 25, 40, 69, 90, 98, 120, 127)
(5, 28, 44, 57, 86, 101, 115, 144)
(22, 34, 35, 51, 80, 109, 111, 138)
(2, 31, 37, 60, 89, 108, 118, 135)
(4, 9, 33, 62, 91, 120, 125, 136)
(10, 18, 27, 56, 85, 114, 127, 143)
(19, 20, 48, 50, 77, 106, 125, 135)
(9, 31, 38, 67, 96, 100, 114, 125)
(1, 16, 45, 65, 74, 103, 132, 144)
(1, 30, 50, 59, 88, 95, 117, 140)
(22, 35, 51, 69, 76, 80, 109, 138)
(8, 37, 66, 68, 77, 95, 105, 124)
(8, 37, 38, 66, 95, 105, 107, 124)
(10, 27, 54, 56, 85, 91, 114, 143)
(2, 31, 49, 60, 89, 96, 118, 135)
(9, 38, 40, 67, 96, 100, 105, 125)
(1, 30, 36, 59, 88, 109, 117, 140)
(5, 28, 57, 65, 80, 86, 115, 144)
(3, 24, 25, 53, 82, 111, 140, 142)
(18, 32, 47, 55, 76, 105, 113, 134)
(13, 42, 70, 71, 75, 80, 100, 129)
(14, 43, 61, 72, 75, 84, 101, 130)
(14, 43, 69, 72, 75, 76, 101, 130)
(2, 31, 46, 60, 89, 99, 118, 135)
(9, 34, 38, 67, 96, 100, 111, 125)
(19, 48, 50, 67, 77, 78, 106, 135)
(15, 26, 48, 55, 84, 97, 113, 142)
(2, 19, 31, 60, 89, 118, 126, 135)
(21, 40, 41, 50, 79, 104, 108, 137)
(23, 30, 41, 52, 81, 104, 110, 139)
(13, 42, 57, 71, 80, 88, 100, 129)
(2, 16, 45, 65, 74, 103, 132, 143)
(10, 14, 39, 68, 95, 97, 126, 131)
(24, 25, 53, 71, 74, 82, 111, 140)
(13, 20, 45, 49, 78, 107, 132, 136)
(20, 45, 49, 63, 78, 82, 107, 136)
(8, 23, 30, 52, 81, 110, 137, 139)
(18, 44, 47, 55, 76, 101, 105, 134)
(11, 28, 40, 69, 90, 98, 117, 127)
(23, 30, 32, 52, 81, 110, 113, 139)
(3, 24, 32, 61, 90, 119, 121, 130)
(6, 35, 56, 64, 89, 93, 115, 122)
(10, 39, 41, 68, 95, 97, 104, 126)
(14, 43, 62, 72, 75, 83, 101, 130)
(1, 19, 48, 50, 77, 106, 135, 144)
(16, 18, 45, 65, 74, 103, 127, 132)
(15, 29, 44, 70, 73, 102, 116, 131)
(9, 25, 38, 67, 96, 100, 120, 125)
(10, 17, 39, 68, 95, 97, 126, 128)
(17, 46, 54, 60, 75, 91, 104, 133)
(22, 35, 51, 53, 80, 92, 109, 138)
(2, 20, 31, 60, 89, 118, 125, 135)
(15, 42, 44, 70, 73, 102, 103, 131)
(15, 44, 52, 70, 73, 93, 102, 131)
(5, 15, 44, 70, 73, 102, 131, 140)
(1, 20, 45, 49, 78, 107, 136, 144)
(10, 25, 27, 56, 85, 114, 120, 143)
(3, 32, 61, 64, 81, 90, 119, 130)
(15, 22, 35, 51, 80, 109, 130, 138)
(2, 4, 31, 60, 89, 118, 135, 141)
(1, 30, 49, 59, 88, 96, 117, 140)
(6, 35, 64, 66, 79, 93, 115, 122)
(10, 17, 27, 56, 85, 114, 128, 143)
(9, 38, 43, 67, 96, 100, 102, 125)
(24, 25, 27, 53, 82, 111, 118, 140)
(18, 30, 47, 55, 76, 105, 115, 134)
(5, 13, 42, 71, 80, 100, 129, 140)
(24, 25, 48, 53, 82, 97, 111, 140)
(4, 33, 62, 64, 81, 91, 120, 125)
(15, 44, 66, 70, 73, 79, 102, 131)
(1, 20, 25, 54, 83, 112, 141, 144)
(19, 25, 48, 50, 77, 106, 120, 135)
(6, 35, 58, 64, 87, 93, 115, 122)
(2, 9, 31, 60, 89, 118, 135, 136)
(20, 29, 45, 49, 78, 107, 116, 136)
(5, 28, 32, 57, 86, 113, 115, 144)
(11, 15, 26, 55, 84, 113, 134, 142)
(1, 2, 31, 60, 89, 118, 135, 144)
(9, 22, 35, 51, 80, 109, 136, 138)
(15, 17, 46, 60, 75, 104, 130, 133)
(14, 43, 46, 72, 75, 99, 101, 130)
(2, 31, 60, 71, 74, 89, 118, 135)
(10, 27, 38, 56, 85, 107, 114, 143)
(17, 46, 50, 60, 75, 95, 104, 133)
(14, 22, 35, 51, 80, 109, 131, 138)
(5, 28, 57, 62, 83, 86, 115, 144)
(20, 32, 45, 49, 78, 107, 113, 136)
(2, 31, 50, 60, 89, 95, 118, 135)
(15, 16, 44, 70, 73, 102, 129, 131)
(18, 43, 47, 55, 76, 102, 105, 134)
(19, 31, 48, 50, 77, 106, 114, 135)
(1, 13, 42, 71, 80, 100, 129, 144)
(6, 22, 35, 64, 93, 115, 122, 123)
(8, 37, 66, 67, 78, 95, 105, 124)
(21, 40, 50, 57, 79, 88, 108, 137)
(15, 26, 45, 55, 84, 100, 113, 142)
(10, 39, 53, 68, 92, 95, 97, 126)
(21, 25, 40, 50, 79, 108, 120, 137)
(12, 23, 41, 70, 85, 99, 122, 128)
(13, 42, 59, 71, 80, 86, 100, 129)
(13, 42, 47, 71, 80, 98, 100, 129)
(3, 6, 32, 61, 90, 119, 130, 139)
(5, 28, 57, 58, 86, 87, 115, 144)
(5, 13, 34, 63, 92, 120, 121, 132)
(9, 38, 51, 67, 94, 96, 100, 125)
(20, 25, 41, 54, 83, 104, 112, 141)
(17, 46, 55, 60, 75, 90, 104, 133)
(20, 25, 54, 57, 83, 88, 112, 141)
(5, 34, 42, 63, 92, 103, 120, 121)
(5, 31, 34, 63, 92, 114, 120, 121)
(1, 23, 30, 52, 81, 110, 139, 144)
(1, 30, 40, 59, 88, 105, 117, 140)
(5, 20, 34, 63, 92, 120, 121, 125)
(11, 19, 40, 69, 90, 98, 126, 127)
(1, 30, 37, 59, 88, 108, 117, 140)
(4, 33, 39, 62, 91, 106, 120, 125)
(9, 28, 38, 67, 96, 100, 117, 125)
(10, 15, 27, 56, 85, 114, 130, 143)
(9, 32, 38, 67, 96, 100, 113, 125)
(14, 36, 43, 72, 75, 101, 109, 130)
(11, 22, 40, 69, 90, 98, 123, 127)
(10, 38, 39, 68, 95, 97, 107, 126)
(20, 37, 45, 49, 78, 107, 108, 136)
(10, 27, 56, 57, 85, 88, 114, 143)
(2, 31, 48, 60, 89, 97, 118, 135)
(4, 11, 33, 62, 91, 120, 125, 134)
(7, 36, 49, 65, 94, 96, 110, 123)
(15, 26, 42, 55, 84, 103, 113, 142)
(20, 45, 49, 50, 78, 95, 107, 136)
(18, 21, 40, 50, 79, 108, 127, 137)
(2, 31, 45, 60, 89, 100, 118, 135)
(7, 15, 26, 55, 84, 113, 138, 142)
(20, 25, 26, 54, 83, 112, 119, 141)
(2, 23, 31, 60, 89, 118, 122, 135)
(21, 40, 50, 71, 74, 79, 108, 137)
(4, 7, 36, 65, 94, 110, 123, 141)
(3, 21, 40, 50, 79, 108, 137, 142)
(17, 40, 46, 60, 75, 104, 105, 133)
(8, 15, 44, 70, 73, 102, 131, 137)
(14, 21, 40, 50, 79, 108, 131, 137)
(4, 5, 33, 62, 91, 120, 125, 140)
(10, 27, 51, 56, 85, 94, 114, 143)
(15, 20, 45, 49, 78, 107, 130, 136)
(22, 35, 47, 51, 80, 98, 109, 138)
(19, 22, 35, 51, 80, 109, 126, 138)
(5, 9, 38, 67, 96, 100, 125, 140)
(2, 8, 37, 66, 95, 105, 124, 143)
(5, 28, 40, 57, 86, 105, 115, 144)
(12, 41, 66, 70, 79, 85, 99, 128)
(7, 20, 45, 49, 78, 107, 136, 138)
(19, 44, 48, 50, 77, 101, 106, 135)
(15, 26, 44, 70, 73, 102, 119, 131)
(20, 45, 49, 68, 77, 78, 107, 136)
(19, 48, 50, 59, 77, 86, 106, 135)
(18, 26, 47, 55, 76, 105, 119, 134)
(10, 39, 64, 68, 81, 95, 97, 126)
(21, 40, 50, 65, 79, 80, 108, 137)
(20, 45, 49, 72, 73, 78, 107, 136)
(10, 39, 44, 68, 95, 97, 101, 126)
(12, 19, 41, 70, 85, 99, 126, 128)
(20, 25, 54, 70, 75, 83, 112, 141)
(10, 32, 39, 68, 95, 97, 113, 126)
(3, 18, 47, 55, 76, 105, 134, 142)
(22, 31, 35, 51, 80, 109, 114, 138)
(12, 24, 41, 70, 85, 99, 121, 128)
(24, 25, 53, 72, 73, 82, 111, 140)
(22, 24, 35, 51, 80, 109, 121, 138)
(17, 23, 30, 52, 81, 110, 128, 139)
(19, 23, 30, 52, 81, 110, 126, 139)
(10, 27, 45, 56, 85, 100, 114, 143)
(13, 42, 61, 71, 80, 84, 100, 129)
(10, 39, 68, 71, 74, 95, 97, 126)
(10, 27, 42, 56, 85, 103, 114, 143)
(4, 26, 33, 62, 91, 119, 120, 125)
(18, 24, 47, 55, 76, 105, 121, 134)
(8, 20, 25, 54, 83, 112, 137, 141)
(15, 44, 70, 71, 73, 74, 102, 131)
(13, 22, 42, 71, 80, 100, 123, 129)
(3, 20, 25, 54, 83, 112, 141, 142)
(7, 24, 25, 53, 82, 111, 138, 140)
(24, 25, 53, 62, 82, 83, 111, 140)
(1, 13, 30, 59, 88, 117, 132, 140)
(15, 26, 36, 55, 84, 109, 113, 142)
(3, 32, 37, 61, 90, 108, 119, 130)
(13, 42, 52, 71, 80, 93, 100, 129)
(11, 40, 49, 69, 90, 96, 98, 127)
(15, 20, 26, 55, 84, 113, 125, 142)
(17, 46, 60, 67, 75, 78, 104, 133)
(18, 47, 49, 55, 76, 96, 105, 134)
(4, 33, 62, 72, 73, 91, 120, 125)
(14, 23, 30, 52, 81, 110, 131, 139)
(10, 37, 39, 68, 95, 97, 108, 126)
(5, 21, 40, 50, 79, 108, 137, 140)
(23, 30, 52, 68, 77, 81, 110, 139)
(11, 40, 50, 69, 90, 95, 98, 127)
(8, 18, 37, 66, 95, 105, 124, 127)
(21, 32, 40, 50, 79, 108, 113, 137)
(4, 21, 40, 50, 79, 108, 137, 141)
(5, 10, 28, 57, 86, 115, 135, 144)
(5, 28, 43, 57, 86, 102, 115, 144)
(4, 23, 30, 52, 81, 110, 139, 141)
(6, 32, 35, 64, 93, 113, 115, 122)
(24, 25, 43, 53, 82, 102, 111, 140)
(8, 24, 37, 66, 95, 105, 121, 124)
(19, 48, 50, 57, 77, 88, 106, 135)
(19, 24, 48, 50, 77, 106, 121, 135)
(12, 20, 41, 70, 85, 99, 125, 128)
(10, 35, 39, 68, 95, 97, 110, 126)
(20, 21, 25, 54, 83, 112, 124, 141)
(8, 20, 37, 66, 95, 105, 124, 125)
(14, 35, 43, 72, 75, 101, 110, 130)
(1, 30, 58, 59, 87, 88, 117, 140)
(24, 25, 51, 53, 82, 94, 111, 140)
(19, 48, 50, 71, 74, 77, 106, 135)
(16, 31, 45, 65, 74, 103, 114, 132)
(8, 15, 26, 55, 84, 113, 137, 142)
(6, 12, 41, 70, 85, 99, 128, 139)
(4, 33, 42, 62, 91, 103, 120, 125)
(15, 40, 44, 70, 73, 102, 105, 131)
(9, 13, 42, 71, 80, 100, 129, 136)
(16, 45, 65, 70, 74, 75, 103, 132)
(14, 18, 47, 55, 76, 105, 131, 134)
(24, 25, 28, 53, 82, 111, 117, 140)
(15, 26, 55, 57, 84, 88, 113, 142)
(20, 25, 54, 58, 83, 87, 112, 141)
(5, 19, 34, 63, 92, 120, 121, 126)
(21, 40, 47, 50, 79, 98, 108, 137)
(19, 26, 48, 50, 77, 106, 119, 135)
(2, 15, 31, 60, 89, 118, 130, 135)
(1, 30, 59, 68, 77, 88, 117, 140)
(11, 17, 46, 60, 75, 104, 133, 134)
(2, 31, 60, 66, 79, 89, 118, 135)
(10, 39, 49, 68, 95, 96, 97, 126)
(9, 21, 40, 50, 79, 108, 136, 137)
(16, 22, 45, 65, 74, 103, 123, 132)
(10, 39, 68, 70, 75, 95, 97, 126)
(5, 28, 41, 57, 86, 104, 115, 144)
(15, 18, 47, 55, 76, 105, 130, 134)
(2, 25, 31, 60, 89, 118, 120, 135)
(10, 11, 39, 68, 95, 97, 126, 134)
(16, 45, 52, 65, 74, 93, 103, 132)
(5, 34, 40, 63, 92, 105, 120, 121)
(18, 47, 50, 55, 76, 95, 105, 134)
(13, 15, 26, 55, 84, 113, 132, 142)
(3, 32, 46, 61, 90, 99, 119, 130)
(24, 25, 45, 53, 82, 100, 111, 140)
(9, 23, 30, 52, 81, 110, 136, 139)
(2, 9, 38, 67, 96, 100, 125, 143)
(23, 30, 52, 69, 76, 81, 110, 139)
(16, 45, 57, 65, 74, 88, 103, 132)
(3, 32, 56, 61, 89, 90, 119, 130)
(2, 24, 25, 53, 82, 111, 140, 143)
(24, 25, 50, 53, 82, 95, 111, 140)
(21, 40, 50, 59, 79, 86, 108, 137)
(3, 16, 45, 65, 74, 103, 132, 142)
(13, 39, 42, 71, 80, 100, 106, 129)
(1, 30, 56, 59, 88, 89, 117, 140)
(1, 3, 30, 59, 88, 117, 140, 142)
(22, 23, 35, 51, 80, 109, 122, 138)
(5, 29, 34, 63, 92, 116, 120, 121)
(6, 35, 64, 71, 74, 93, 115, 122)
(15, 26, 40, 55, 84, 105, 113, 142)
(20, 25, 54, 61, 83, 84, 112, 141)
(20, 30, 45, 49, 78, 107, 115, 136)
(5, 28, 51, 57, 86, 94, 115, 144)
(1, 30, 33, 59, 88, 112, 117, 140)
(15, 16, 26, 55, 84, 113, 129, 142)
(10, 17, 46, 60, 75, 104, 133, 135)
(1, 30, 45, 59, 88, 100, 117, 140)
(20, 25, 50, 54, 83, 95, 112, 141)
(14, 43, 45, 72, 75, 100, 101, 130)
(21, 40, 45, 50, 79, 100, 108, 137)
(12, 15, 44, 70, 73, 102, 131, 133)
(1, 30, 59, 63, 82, 88, 117, 140)
(10, 27, 37, 56, 85, 108, 114, 143)
(6, 35, 61, 64, 84, 93, 115, 122)
(13, 22, 35, 51, 80, 109, 132, 138)
(23, 30, 52, 53, 81, 92, 110, 139)
(13, 42, 56, 71, 80, 89, 100, 129)
(8, 37, 56, 66, 89, 95, 105, 124)
(10, 27, 56, 62, 83, 85, 114, 143)
(20, 25, 45, 49, 78, 107, 120, 136)
(8, 10, 39, 68, 95, 97, 126, 137)
(10, 39, 42, 68, 95, 97, 103, 126)
(5, 9, 34, 63, 92, 120, 121, 136)
(23, 30, 52, 65, 80, 81, 110, 139)
(11, 40, 63, 69, 82, 90, 98, 127)
(19, 21, 48, 50, 77, 106, 124, 135)
(20, 40, 45, 49, 78, 105, 107, 136)
(8, 14, 37, 66, 95, 105, 124, 131)
(1, 4, 30, 59, 88, 117, 140, 141)
(2, 31, 59, 60, 86, 89, 118, 135)
(18, 19, 47, 55, 76, 105, 126, 134)
(8, 17, 37, 66, 95, 105, 124, 128)
(14, 32, 43, 72, 75, 101, 113, 130)
(10, 24, 39, 68, 95, 97, 121, 126)
(10, 22, 35, 51, 80, 109, 135, 138)
(24, 25, 33, 53, 82, 111, 112, 140)
(20, 23, 45, 49, 78, 107, 122, 136)
(21, 40, 50, 55, 79, 90, 108, 137)
(21, 30, 40, 50, 79, 108, 115, 137)
(11, 20, 25, 54, 83, 112, 134, 141)
(19, 36, 48, 50, 77, 106, 109, 135)
(4, 11, 40, 69, 90, 98, 127, 141)
(21, 40, 50, 63, 79, 82, 108, 137)
(2, 24, 31, 60, 89, 118, 121, 135)
(23, 30, 33, 52, 81, 110, 112, 139)
(4, 33, 41, 62, 91, 104, 120, 125)
(10, 39, 67, 68, 78, 95, 97, 126)
(11, 15, 40, 69, 90, 98, 127, 130)
(10, 12, 27, 56, 85, 114, 133, 143)
(22, 30, 35, 51, 80, 109, 115, 138)
(7, 36, 65, 71, 74, 94, 110, 123)
(5, 28, 57, 72, 73, 86, 115, 144)
(7, 29, 36, 65, 94, 110, 116, 123)
(2, 31, 60, 72, 73, 89, 118, 135)
(8, 13, 37, 66, 95, 105, 124, 132)
(14, 43, 59, 72, 75, 86, 101, 130)
(9, 38, 62, 67, 83, 96, 100, 125)
(13, 20, 42, 71, 80, 100, 125, 129)
(7, 17, 36, 65, 94, 110, 123, 128)
(18, 38, 47, 55, 76, 105, 107, 134)
(5, 28, 57, 63, 82, 86, 115, 144)
(1, 30, 42, 59, 88, 103, 117, 140)
(1, 9, 30, 59, 88, 117, 136, 140)
(4, 33, 45, 62, 91, 100, 120, 125)
(11, 23, 30, 52, 81, 110, 134, 139)
(17, 22, 35, 51, 80, 109, 128, 138)
(10, 27, 56, 67, 78, 85, 114, 143)
(14, 20, 45, 49, 78, 107, 131, 136)
(7, 36, 40, 65, 94, 105, 110, 123)
(15, 16, 45, 65, 74, 103, 130, 132)
(10, 27, 36, 56, 85, 109, 114, 143)
(15, 26, 52, 55, 84, 93, 113, 142)
(15, 19, 26, 55, 84, 113, 126, 142)
(6, 35, 64, 69, 76, 93, 115, 122)
(4, 19, 48, 50, 77, 106, 135, 141)
(5, 15, 28, 57, 86, 115, 130, 144)
(23, 26, 30, 52, 81, 110, 119, 139)
(1, 17, 46, 60, 75, 104, 133, 144)
(20, 45, 47, 49, 78, 98, 107, 136)
(14, 24, 43, 72, 75, 101, 121, 130)
(10, 23, 39, 68, 95, 97, 122, 126)
(11, 39, 40, 69, 90, 98, 106, 127)
(5, 34, 37, 63, 92, 108, 120, 121)
(7, 36, 50, 65, 94, 95, 110, 123)
(20, 41, 45, 49, 78, 104, 107, 136)
(10, 27, 43, 56, 85, 102, 114, 143)
(6, 19, 35, 64, 93, 115, 122, 126)
(5, 34, 48, 63, 92, 97, 120, 121)
(4, 30, 33, 62, 91, 115, 120, 125)
(20, 31, 45, 49, 78, 107, 114, 136)
(16, 35, 45, 65, 74, 103, 110, 132)
(10, 39, 63, 68, 82, 95, 97, 126)
(5, 23, 28, 57, 86, 115, 122, 144)
(4, 15, 44, 70, 73, 102, 131, 141)
(23, 30, 37, 52, 81, 108, 110, 139)
(13, 42, 67, 71, 78, 80, 100, 129)
(7, 36, 65, 66, 79, 94, 110, 123)
(20, 45, 49, 54, 78, 91, 107, 136)
(2, 6, 31, 60, 89, 118, 135, 139)
(10, 11, 27, 56, 85, 114, 134, 143)
(10, 27, 29, 56, 85, 114, 116, 143)
(10, 24, 25, 53, 82, 111, 135, 140)
(5, 34, 60, 63, 85, 92, 120, 121)
(20, 44, 45, 49, 78, 101, 107, 136)
(17, 24, 25, 53, 82, 111, 128, 140)
(12, 16, 41, 70, 85, 99, 128, 129)
(5, 34, 52, 63, 92, 93, 120, 121)
(16, 41, 45, 65, 74, 103, 104, 132)
(2, 17, 46, 60, 75, 104, 133, 143)
(20, 45, 49, 71, 74, 78, 107, 136)
(16, 21, 40, 50, 79, 108, 129, 137)
(3, 32, 61, 71, 74, 90, 119, 130)
(10, 22, 27, 56, 85, 114, 123, 143)
(6, 35, 63, 64, 82, 93, 115, 122)
(10, 15, 44, 70, 73, 102, 131, 135)
(20, 25, 38, 54, 83, 107, 112, 141)
(13, 42, 63, 71, 80, 82, 100, 129)
(7, 9, 38, 67, 96, 100, 125, 138)
(2, 31, 38, 60, 89, 107, 118, 135)
(3, 5, 32, 61, 90, 119, 130, 140)
(15, 44, 63, 70, 73, 82, 102, 131)
(14, 43, 51, 72, 75, 94, 101, 130)
(8, 18, 47, 55, 76, 105, 134, 137)
(5, 6, 28, 57, 86, 115, 139, 144)
(14, 21, 43, 72, 75, 101, 124, 130)
(24, 25, 49, 53, 82, 96, 111, 140)
(2, 31, 53, 60, 89, 92, 118, 135)
(15, 26, 39, 55, 84, 106, 113, 142)
(12, 41, 52, 70, 85, 93, 99, 128)
(15, 26, 38, 55, 84, 107, 113, 142)
(10, 27, 56, 68, 77, 85, 114, 143)
(12, 39, 41, 70, 85, 99, 106, 128)
(13, 27, 42, 71, 80, 100, 118, 129)
(3, 32, 61, 67, 78, 90, 119, 130)
(9, 38, 61, 67, 84, 96, 100, 125)
(1, 6, 30, 59, 88, 117, 139, 140)
(5, 14, 28, 57, 86, 115, 131, 144)
(12, 40, 41, 70, 85, 99, 105, 128)
(22, 27, 35, 51, 80, 109, 118, 138)
(4, 7, 33, 62, 91, 120, 125, 138)
(12, 41, 49, 70, 85, 96, 99, 128)
(2, 31, 42, 60, 89, 103, 118, 135)
(5, 34, 62, 63, 83, 92, 120, 121)
(14, 43, 71, 72, 74, 75, 101, 130)
(3, 32, 49, 61, 90, 96, 119, 130)
(12, 41, 61, 70, 84, 85, 99, 128)
(7, 10, 27, 56, 85, 114, 138, 143)
(7, 12, 41, 70, 85, 99, 128, 138)
(4, 24, 33, 62, 91, 120, 121, 125)
(15, 35, 44, 70, 73, 102, 110, 131)
(14, 43, 58, 72, 75, 87, 101, 130)
(11, 40, 66, 69, 79, 90, 98, 127)
(12, 23, 30, 52, 81, 110, 133, 139)
(24, 25, 40, 53, 82, 105, 111, 140)
(15, 26, 55, 65, 80, 84, 113, 142)
(4, 33, 43, 62, 91, 102, 120, 125)
(18, 33, 47, 55, 76, 105, 112, 134)
(8, 37, 45, 66, 95, 100, 105, 124)
(21, 40, 42, 50, 79, 103, 108, 137)
(3, 32, 38, 61, 90, 107, 119, 130)
(7, 8, 37, 66, 95, 105, 124, 138)
(5, 6, 35, 64, 93, 115, 122, 140)
(16, 45, 58, 65, 74, 87, 103, 132)
(14, 43, 68, 72, 75, 77, 101, 130)
(24, 25, 31, 53, 82, 111, 114, 140)
(7, 21, 40, 50, 79, 108, 137, 138)
(13, 36, 42, 71, 80, 100, 109, 129)
(10, 20, 25, 54, 83, 112, 135, 141)
(10, 39, 68, 69, 76, 95, 97, 126)
(6, 22, 35, 51, 80, 109, 138, 139)
(5, 15, 26, 55, 84, 113, 140, 142)
(14, 24, 25, 53, 82, 111, 131, 140)
(5, 34, 38, 63, 92, 107, 120, 121)
(1, 26, 30, 59, 88, 117, 119, 140)
(5, 34, 55, 63, 90, 92, 120, 121)
(22, 35, 46, 51, 80, 99, 109, 138)
(14, 19, 43, 72, 75, 101, 126, 130)
(10, 20, 27, 56, 85, 114, 125, 143)
(15, 44, 64, 70, 73, 81, 102, 131)
(18, 21, 47, 55, 76, 105, 124, 134)
(19, 48, 50, 58, 77, 87, 106, 135)
(18, 41, 47, 55, 76, 104, 105, 134)
(20, 25, 31, 54, 83, 112, 114, 141)
(18, 47, 55, 60, 76, 85, 105, 134)
(3, 32, 60, 61, 85, 90, 119, 130)
(11, 40, 43, 69, 90, 98, 102, 127)
(17, 31, 46, 60, 75, 104, 114, 133)
(2, 31, 54, 60, 89, 91, 118, 135)
(3, 23, 32, 61, 90, 119, 122, 130)
(12, 15, 26, 55, 84, 113, 133, 142)
(20, 25, 54, 66, 79, 83, 112, 141)
(18, 42, 47, 55, 76, 103, 105, 134)
(5, 28, 34, 57, 86, 111, 115, 144)
(6, 18, 35, 64, 93, 115, 122, 127)
(21, 24, 40, 50, 79, 108, 121, 137)
(23, 30, 52, 56, 81, 89, 110, 139)
(22, 35, 51, 67, 78, 80, 109, 138)
(3, 32, 58, 61, 87, 90, 119, 130)
(18, 29, 47, 55, 76, 105, 116, 134)
(5, 34, 36, 63, 92, 109, 120, 121)
(20, 35, 45, 49, 78, 107, 110, 136)
(24, 25, 53, 68, 77, 82, 111, 140)
(9, 38, 66, 67, 79, 96, 100, 125)
(2, 31, 40, 60, 89, 105, 118, 135)
(15, 26, 55, 59, 84, 86, 113, 142)
(12, 30, 41, 70, 85, 99, 115, 128)
(10, 29, 39, 68, 95, 97, 116, 126)
(17, 26, 46, 60, 75, 104, 119, 133)
(2, 31, 60, 63, 82, 89, 118, 135)
(16, 45, 65, 72, 73, 74, 103, 132)
(18, 36, 47, 55, 76, 105, 109, 134)
(4, 10, 27, 56, 85, 114, 141, 143)
(18, 27, 47, 55, 76, 105, 118, 134)
(4, 33, 47, 62, 91, 98, 120, 125)
(8, 25, 37, 66, 95, 105, 120, 124)
(12, 41, 48, 70, 85, 97, 99, 128)
(19, 48, 50, 64, 77, 81, 106, 135)
(6, 21, 40, 50, 79, 108, 137, 139)
(6, 8, 37, 66, 95, 105, 124, 139)
(5, 28, 54, 57, 86, 91, 115, 144)
(6, 35, 43, 64, 93, 102, 115, 122)
(9, 38, 57, 67, 88, 96, 100, 125)
(2, 31, 52, 60, 89, 93, 118, 135)
(11, 30, 40, 69, 90, 98, 115, 127)
(15, 26, 55, 66, 79, 84, 113, 142)
(6, 25, 35, 64, 93, 115, 120, 122)
(10, 19, 27, 56, 85, 114, 126, 143)
(6, 35, 41, 64, 93, 104, 115, 122)
(5, 28, 33, 57, 86, 112, 115, 144)
(6, 35, 64, 65, 80, 93, 115, 122)
(10, 39, 40, 68, 95, 97, 105, 126)
(24, 25, 41, 53, 82, 104, 111, 140)
(9, 38, 67, 68, 77, 96, 100, 125)
(5, 28, 57, 71, 74, 86, 115, 144)
(15, 26, 55, 70, 75, 84, 113, 142)
(19, 28, 48, 50, 77, 106, 117, 135)
(8, 37, 62, 66, 83, 95, 105, 124)
(9, 14, 38, 67, 96, 100, 125, 131)
(2, 28, 31, 60, 89, 117, 118, 135)
(11, 40, 53, 69, 90, 92, 98, 127)
(5, 30, 34, 63, 92, 115, 120, 121)
(16, 30, 45, 65, 74, 103, 115, 132)
(7, 36, 58, 65, 87, 94, 110, 123)
(18, 45, 47, 55, 76, 100, 105, 134)
(4, 13, 42, 71, 80, 100, 129, 141)
(22, 35, 51, 57, 80, 88, 109, 138)
(3, 7, 36, 65, 94, 110, 123, 142)
(5, 11, 34, 63, 92, 120, 121, 134)
(19, 48, 50, 69, 76, 77, 106, 135)
(11, 36, 40, 69, 90, 98, 109, 127)
(19, 27, 48, 50, 77, 106, 118, 135)
(12, 41, 56, 70, 85, 89, 99, 128)
(8, 37, 66, 71, 74, 95, 105, 124)
(9, 38, 58, 67, 87, 96, 100, 125)
(11, 40, 44, 69, 90, 98, 101, 127)
(10, 39, 54, 68, 91, 95, 97, 126)
(2, 31, 55, 60, 89, 90, 118, 135)
(16, 45, 47, 65, 74, 98, 103, 132)
(3, 12, 32, 61, 90, 119, 130, 133)
(12, 18, 41, 70, 85, 99, 127, 128)
(20, 27, 45, 49, 78, 107, 118, 136)
(4, 17, 46, 60, 75, 104, 133, 141)
(11, 40, 69, 72, 73, 90, 98, 127)
(5, 21, 28, 57, 86, 115, 124, 144)
(9, 38, 64, 67, 81, 96, 100, 125)
(22, 35, 51, 59, 80, 86, 109, 138)
(2, 3, 32, 61, 90, 119, 130, 143)
(14, 17, 46, 60, 75, 104, 131, 133)
(9, 22, 38, 67, 96, 100, 123, 125)
(13, 42, 55, 71, 80, 90, 100, 129)
(16, 37, 45, 65, 74, 103, 108, 132)
(5, 28, 37, 57, 86, 108, 115, 144)
(10, 25, 39, 68, 95, 97, 120, 126)
(10, 39, 52, 68, 93, 95, 97, 126)
(21, 40, 50, 58, 79, 87, 108, 137)
(20, 25, 32, 54, 83, 112, 113, 141)
(20, 45, 49, 66, 78, 79, 107, 136)
(17, 46, 60, 71, 74, 75, 104, 133)
(5, 9, 28, 57, 86, 115, 136, 144)
(17, 20, 25, 54, 83, 112, 128, 141)
(9, 12, 41, 70, 85, 99, 128, 136)
(15, 26, 29, 55, 84, 113, 116, 142)
(8, 37, 66, 70, 75, 95, 105, 124)
(18, 20, 47, 55, 76, 105, 125, 134)
(3, 22, 35, 51, 80, 109, 138, 142)
(6, 13, 42, 71, 80, 100, 129, 139)
(24, 25, 53, 59, 82, 86, 111, 140)
(9, 18, 47, 55, 76, 105, 134, 136)
(7, 23, 30, 52, 81, 110, 138, 139)
(15, 44, 45, 70, 73, 100, 102, 131)
(8, 32, 37, 66, 95, 105, 113, 124)
(2, 31, 36, 60, 89, 109, 118, 135)
(19, 48, 50, 52, 77, 93, 106, 135)
(5, 10, 34, 63, 92, 120, 121, 135)
(1, 11, 30, 59, 88, 117, 134, 140)
(7, 36, 43, 65, 94, 102, 110, 123)
(17, 46, 56, 60, 75, 89, 104, 133)
(9, 38, 59, 67, 86, 96, 100, 125)
(11, 40, 61, 69, 84, 90, 98, 127)
(6, 20, 45, 49, 78, 107, 136, 139)
(7, 16, 45, 65, 74, 103, 132, 138)
(12, 35, 41, 70, 85, 99, 110, 128)
(16, 33, 45, 65, 74, 103, 112, 132)
(1, 30, 59, 61, 84, 88, 117, 140)
(23, 30, 52, 63, 81, 82, 110, 139)
(5, 28, 57, 68, 77, 86, 115, 144)
(6, 24, 25, 53, 82, 111, 139, 140)
(19, 20, 25, 54, 83, 112, 126, 141)
(5, 34, 57, 63, 88, 92, 120, 121)
(13, 18, 42, 71, 80, 100, 127, 129)
(2, 12, 41, 70, 85, 99, 128, 143)
(7, 11, 36, 65, 94, 110, 123, 134)
(5, 34, 44, 63, 92, 101, 120, 121)
(14, 43, 57, 72, 75, 88, 101, 130)
(19, 48, 50, 53, 77, 92, 106, 135)
(15, 30, 44, 70, 73, 102, 115, 131)
(10, 12, 41, 70, 85, 99, 128, 135)
(18, 28, 47, 55, 76, 105, 117, 134)
(6, 29, 35, 64, 93, 115, 116, 122)
(14, 25, 43, 72, 75, 101, 120, 130)
(19, 47, 48, 50, 77, 98, 106, 135)
(8, 13, 42, 71, 80, 100, 129, 137)
(4, 33, 62, 66, 79, 91, 120, 125)
(20, 45, 49, 57, 78, 88, 107, 136)
(7, 24, 36, 65, 94, 110, 121, 123)
(16, 19, 45, 65, 74, 103, 126, 132)
(21, 40, 50, 69, 76, 79, 108, 137)
(13, 42, 62, 71, 80, 83, 100, 129)
(16, 28, 45, 65, 74, 103, 117, 132)
(14, 42, 43, 72, 75, 101, 103, 130)
(5, 17, 28, 57, 86, 115, 128, 144)
(7, 18, 47, 55, 76, 105, 134, 138)
(6, 35, 60, 64, 85, 93, 115, 122)
(15, 26, 55, 72, 73, 84, 113, 142)
(9, 11, 38, 67, 96, 100, 125, 134)
(6, 35, 36, 64, 93, 109, 115, 122)
(4, 12, 33, 62, 91, 120, 125, 133)
(18, 46, 47, 55, 76, 99, 105, 134)
(8, 16, 45, 65, 74, 103, 132, 137)
(3, 11, 32, 61, 90, 119, 130, 134)
(20, 25, 27, 54, 83, 112, 118, 141)
(4, 15, 26, 55, 84, 113, 141, 142)
(22, 35, 51, 60, 80, 85, 109, 138)
(11, 40, 68, 69, 77, 90, 98, 127)
(15, 44, 54, 70, 73, 91, 102, 131)
(11, 13, 42, 71, 80, 100, 129, 134)
(5, 16, 28, 57, 86, 115, 129, 144)
(8, 14, 43, 72, 75, 101, 130, 137)
(10, 27, 56, 64, 81, 85, 114, 143)
(9, 38, 50, 67, 95, 96, 100, 125)
(21, 40, 49, 50, 79, 96, 108, 137)
(6, 8, 35, 64, 93, 115, 122, 137)
(4, 33, 36, 62, 91, 109, 120, 125)
(16, 17, 46, 60, 75, 104, 129, 133)
(13, 14, 42, 71, 80, 100, 129, 131)
(1, 24, 25, 53, 82, 111, 140, 144)
(10, 27, 56, 63, 82, 85, 114, 143)
(19, 43, 48, 50, 77, 102, 106, 135)
(1, 30, 38, 59, 88, 107, 117, 140)
(20, 45, 49, 52, 78, 93, 107, 136)
(14, 28, 43, 72, 75, 101, 117, 130)
(20, 45, 49, 65, 78, 80, 107, 136)
(9, 12, 38, 67, 96, 100, 125, 133)
(18, 47, 55, 56, 76, 89, 105, 134)
(4, 33, 48, 62, 91, 97, 120, 125)
(15, 44, 61, 70, 73, 84, 102, 131)
(22, 35, 49, 51, 80, 96, 109, 138)
(23, 30, 34, 52, 81, 110, 111, 139)
(16, 32, 45, 65, 74, 103, 113, 132)
(21, 40, 50, 53, 79, 92, 108, 137)
(2, 29, 31, 60, 89, 116, 118, 135)
(8, 19, 48, 50, 77, 106, 135, 137)
(16, 44, 45, 65, 74, 101, 103, 132)
(15, 23, 26, 55, 84, 113, 122, 142)
(8, 28, 37, 66, 95, 105, 117, 124)
(5, 28, 48, 57, 86, 97, 115, 144)
(10, 27, 56, 61, 84, 85, 114, 143)
(3, 4, 32, 61, 90, 119, 130, 141)
(3, 32, 47, 61, 90, 98, 119, 130)
(17, 33, 46, 60, 75, 104, 112, 133)
(22, 35, 51, 54, 80, 91, 109, 138)
(3, 6, 35, 64, 93, 115, 122, 142)
(15, 24, 25, 53, 82, 111, 130, 140)
(3, 9, 38, 67, 96, 100, 125, 142)
(4, 32, 33, 62, 91, 113, 120, 125)
(7, 20, 36, 65, 94, 110, 123, 125)
(10, 20, 39, 68, 95, 97, 125, 126)
(22, 32, 35, 51, 80, 109, 113, 138)
(12, 16, 45, 65, 74, 103, 132, 133)
(13, 42, 69, 71, 76, 80, 100, 129)
(5, 14, 43, 72, 75, 101, 130, 140)
(7, 30, 36, 65, 94, 110, 115, 123)
(5, 11, 28, 57, 86, 115, 134, 144)
(11, 13, 40, 69, 90, 98, 127, 132)
(21, 40, 50, 70, 75, 79, 108, 137)
(18, 23, 47, 55, 76, 105, 122, 134)
(17, 46, 60, 62, 75, 83, 104, 133)
(22, 28, 35, 51, 80, 109, 117, 138)
(1, 30, 46, 59, 88, 99, 117, 140)
(2, 20, 25, 54, 83, 112, 141, 143)
(10, 26, 27, 56, 85, 114, 119, 143)
(5, 8, 34, 63, 92, 120, 121, 137)
(7, 21, 36, 65, 94, 110, 123, 124)
(20, 45, 49, 61, 78, 84, 107, 136)
(15, 33, 44, 70, 73, 102, 112, 131)
(19, 23, 48, 50, 77, 106, 122, 135)
(1, 30, 34, 59, 88, 111, 117, 140)
(5, 34, 63, 65, 80, 92, 120, 121)
(15, 36, 44, 70, 73, 102, 109, 131)
(1, 30, 52, 59, 88, 93, 117, 140)
(16, 45, 49, 65, 74, 96, 103, 132)
(5, 24, 28, 57, 86, 115, 121, 144)
(3, 8, 32, 61, 90, 119, 130, 137)
(21, 40, 50, 60, 79, 85, 108, 137)
(2, 11, 40, 69, 90, 98, 127, 143)
(20, 25, 54, 69, 76, 83, 112, 141)
(16, 45, 62, 65, 74, 83, 103, 132)
(6, 9, 35, 64, 93, 115, 122, 136)
(18, 47, 53, 55, 76, 92, 105, 134)
(21, 40, 50, 61, 79, 84, 108, 137)
(15, 32, 44, 70, 73, 102, 113, 131)
(23, 30, 52, 55, 81, 90, 110, 139)
(12, 37, 41, 70, 85, 99, 108, 128)
(15, 44, 69, 70, 73, 76, 102, 131)
(10, 36, 39, 68, 95, 97, 109, 126)
(2, 5, 28, 57, 86, 115, 143, 144)
(15, 26, 43, 55, 84, 102, 113, 142)
(8, 37, 63, 66, 82, 95, 105, 124)
(4, 31, 33, 62, 91, 114, 120, 125)
(13, 18, 47, 55, 76, 105, 132, 134)
(8, 20, 45, 49, 78, 107, 136, 137)
(6, 35, 62, 64, 83, 93, 115, 122)
(24, 25, 53, 70, 75, 82, 111, 140)
(5, 10, 39, 68, 95, 97, 126, 140)
(14, 33, 43, 72, 75, 101, 112, 130)
(6, 35, 39, 64, 93, 106, 115, 122)
(21, 33, 40, 50, 79, 108, 112, 137)
(17, 46, 60, 69, 75, 76, 104, 133)
(10, 13, 27, 56, 85, 114, 132, 143)
(20, 25, 44, 54, 83, 101, 112, 141)
(8, 9, 37, 66, 95, 105, 124, 136)
(5, 20, 28, 57, 86, 115, 125, 144)
(20, 25, 36, 54, 83, 109, 112, 141)
(14, 15, 26, 55, 84, 113, 131, 142)
(4, 10, 33, 62, 91, 120, 125, 135)
(3, 32, 36, 61, 90, 109, 119, 130)
(16, 25, 45, 65, 74, 103, 120, 132)
(19, 37, 48, 50, 77, 106, 108, 135)
(4, 10, 39, 68, 95, 97, 126, 141)
(17, 28, 46, 60, 75, 104, 117, 133)
(20, 25, 42, 54, 83, 103, 112, 141)
(17, 27, 46, 60, 75, 104, 118, 133)
(18, 47, 55, 58, 76, 87, 105, 134)
(3, 20, 45, 49, 78, 107, 136, 142)
(22, 35, 51, 71, 74, 80, 109, 138)
(21, 40, 50, 56, 79, 89, 108, 137)
(1, 10, 30, 59, 88, 117, 135, 140)
(7, 16, 36, 65, 94, 110, 123, 129)
(9, 38, 54, 67, 91, 96, 100, 125)
(7, 18, 36, 65, 94, 110, 123, 127)
(15, 44, 49, 70, 73, 96, 102, 131)
(11, 40, 46, 69, 90, 98, 99, 127)
(4, 33, 62, 71, 74, 91, 120, 125)
(12, 13, 41, 70, 85, 99, 128, 132)
(5, 18, 28, 57, 86, 115, 127, 144)
(16, 39, 45, 65, 74, 103, 106, 132)
(20, 25, 54, 63, 82, 83, 112, 141)
(10, 27, 34, 56, 85, 111, 114, 143)
(3, 17, 46, 60, 75, 104, 133, 142)
(10, 16, 45, 65, 74, 103, 132, 135)
(3, 32, 52, 61, 90, 93, 119, 130)
(19, 48, 50, 62, 77, 83, 106, 135)
(5, 7, 28, 57, 86, 115, 138, 144)
(16, 45, 56, 65, 74, 89, 103, 132)
(20, 23, 25, 54, 83, 112, 122, 141)
(10, 14, 43, 72, 75, 101, 130, 135)
(20, 25, 29, 54, 83, 112, 116, 141)
(9, 38, 42, 67, 96, 100, 103, 125)
(4, 18, 47, 55, 76, 105, 134, 141)
(15, 44, 50, 70, 73, 95, 102, 131)
(3, 25, 32, 61, 90, 119, 120, 130)
(10, 21, 40, 50, 79, 108, 135, 137)
(1, 12, 30, 59, 88, 117, 133, 140)
(18, 47, 52, 55, 76, 93, 105, 134)
(12, 41, 53, 70, 85, 92, 99, 128)
(8, 12, 41, 70, 85, 99, 128, 137)
(5, 27, 34, 63, 92, 118, 120, 121)
(9, 38, 44, 67, 96, 100, 101, 125)
(7, 25, 36, 65, 94, 110, 120, 123)
(11, 40, 48, 69, 90, 97, 98, 127)
(19, 24, 25, 53, 82, 111, 126, 140)
(23, 30, 42, 52, 81, 103, 110, 139)
(24, 25, 42, 53, 82, 103, 111, 140)
(12, 26, 41, 70, 85, 99, 119, 128)
(2, 31, 34, 60, 89, 111, 118, 135)
(4, 33, 58, 62, 87, 91, 120, 125)
(2, 12, 31, 60, 89, 118, 133, 135)
(21, 22, 40, 50, 79, 108, 123, 137)
(15, 26, 55, 64, 81, 84, 113, 142)
(23, 30, 45, 52, 81, 100, 110, 139)
(24, 25, 53, 55, 82, 90, 111, 140)
(6, 10, 35, 64, 93, 115, 122, 135)
(2, 31, 60, 62, 83, 89, 118, 135)
(11, 40, 41, 69, 90, 98, 104, 127)
(22, 35, 45, 51, 80, 100, 109, 138)
(9, 24, 25, 53, 82, 111, 136, 140)
(23, 30, 52, 57, 81, 88, 110, 139)
(17, 21, 46, 60, 75, 104, 124, 133)
(16, 45, 51, 65, 74, 94, 103, 132)
(10, 39, 47, 68, 95, 97, 98, 126)
(17, 19, 48, 50, 77, 106, 128, 135)
(8, 37, 42, 66, 95, 103, 105, 124)
(12, 41, 47, 70, 85, 98, 99, 128)
(4, 33, 59, 62, 86, 91, 120, 125)
(5, 26, 28, 57, 86, 115, 119, 144)
(21, 23, 30, 52, 81, 110, 124, 139)
(20, 25, 45, 54, 83, 100, 112, 141)
(4, 8, 33, 62, 91, 120, 125, 137)
(1, 30, 59, 60, 85, 88, 117, 140)
(5, 34, 46, 63, 92, 99, 120, 121)
(5, 16, 45, 65, 74, 103, 132, 140)
(13, 42, 49, 71, 80, 96, 100, 129)
(15, 19, 48, 50, 77, 106, 130, 135)
(11, 40, 54, 69, 90, 91, 98, 127)
(19, 48, 50, 70, 75, 77, 106, 135)
(18, 35, 47, 55, 76, 105, 110, 134)
(1, 18, 47, 55, 76, 105, 134, 144)
(21, 35, 40, 50, 79, 108, 110, 137)
(24, 25, 29, 53, 82, 111, 116, 140)
(9, 15, 44, 70, 73, 102, 131, 136)
(3, 5, 34, 63, 92, 120, 121, 142)
(6, 7, 35, 64, 93, 115, 122, 138)
(5, 34, 49, 63, 92, 96, 120, 121)
(10, 27, 30, 56, 85, 114, 115, 143)
(4, 33, 62, 67, 78, 91, 120, 125)
(6, 14, 35, 64, 93, 115, 122, 131)
(10, 39, 56, 68, 89, 95, 97, 126)
(24, 25, 26, 53, 82, 111, 119, 140)
(13, 21, 40, 50, 79, 108, 132, 137)
(8, 37, 53, 66, 92, 95, 105, 124)
(23, 30, 43, 52, 81, 102, 110, 139)
(2, 7, 36, 65, 94, 110, 123, 143)
(12, 41, 59, 70, 85, 86, 99, 128)
(5, 12, 28, 57, 86, 115, 133, 144)
(22, 35, 39, 51, 80, 106, 109, 138)
(1, 25, 30, 59, 88, 117, 120, 140)
(3, 32, 45, 61, 90, 100, 119, 130)
(5, 28, 57, 69, 76, 86, 115, 144)
(18, 22, 35, 51, 80, 109, 127, 138)
(1, 30, 43, 59, 88, 102, 117, 140)
(17, 46, 60, 72, 73, 75, 104, 133)
(13, 42, 66, 71, 79, 80, 100, 129)
(9, 17, 38, 67, 96, 100, 125, 128)
(2, 5, 34, 63, 92, 120, 121, 143)
(17, 42, 46, 60, 75, 103, 104, 133)
(10, 20, 45, 49, 78, 107, 135, 136)
(4, 33, 50, 62, 91, 95, 120, 125)
(6, 16, 35, 64, 93, 115, 122, 129)
(19, 46, 48, 50, 77, 99, 106, 135)
(20, 45, 49, 70, 75, 78, 107, 136)
(18, 24, 25, 53, 82, 111, 127, 140)
(4, 33, 62, 68, 77, 91, 120, 125)
(2, 19, 48, 50, 77, 106, 135, 143)
(1, 16, 30, 59, 88, 117, 129, 140)
(16, 20, 45, 65, 74, 103, 125, 132)
(1, 14, 43, 72, 75, 101, 130, 144)
(15, 21, 40, 50, 79, 108, 130, 137)
(7, 17, 46, 60, 75, 104, 133, 138)
(5, 34, 35, 63, 92, 110, 120, 121)
(20, 45, 48, 49, 78, 97, 107, 136)
(16, 40, 45, 65, 74, 103, 105, 132)
(4, 19, 33, 62, 91, 120, 125, 126)
(20, 45, 49, 69, 76, 78, 107, 136)
(18, 47, 55, 68, 76, 77, 105, 134)
(20, 36, 45, 49, 78, 107, 109, 136)
(20, 45, 49, 60, 78, 85, 107, 136)
(11, 40, 52, 69, 90, 93, 98, 127)
(2, 31, 33, 60, 89, 112, 118, 135)
(9, 38, 65, 67, 80, 96, 100, 125)
(3, 20, 32, 61, 90, 119, 125, 130)
(9, 23, 38, 67, 96, 100, 122, 125)
(1, 30, 31, 59, 88, 114, 117, 140)
(23, 30, 52, 58, 81, 87, 110, 139)
(21, 24, 25, 53, 82, 111, 124, 140)
(14, 43, 53, 72, 75, 92, 101, 130)
(3, 15, 44, 70, 73, 102, 131, 142)
(1, 10, 27, 56, 85, 114, 143, 144)
(8, 11, 37, 66, 95, 105, 124, 134)
(23, 24, 30, 52, 81, 110, 121, 139)
(14, 30, 43, 72, 75, 101, 115, 130)
(15, 26, 54, 55, 84, 91, 113, 142)
(5, 34, 45, 63, 92, 100, 120, 121)
(1, 4, 33, 62, 91, 120, 125, 144)
(5, 28, 45, 57, 86, 100, 115, 144)
(4, 33, 62, 70, 75, 91, 120, 125)
(20, 25, 54, 64, 81, 83, 112, 141)
(24, 25, 53, 65, 80, 82, 111, 140)
(7, 36, 38, 65, 94, 107, 110, 123)
(15, 44, 51, 70, 73, 94, 102, 131)
(9, 10, 27, 56, 85, 114, 136, 143)
(4, 28, 33, 62, 91, 117, 120, 125)
(13, 40, 42, 71, 80, 100, 105, 129)
(23, 30, 49, 52, 81, 96, 110, 139)
(14, 43, 55, 72, 75, 90, 101, 130)
(19, 21, 40, 50, 79, 108, 126, 137)
(14, 43, 54, 72, 75, 91, 101, 130)
(5, 8, 28, 57, 86, 115, 137, 144)
(13, 21, 42, 71, 80, 100, 124, 129)
(5, 34, 43, 63, 92, 102, 120, 121)
(10, 16, 27, 56, 85, 114, 129, 143)
(20, 25, 43, 54, 83, 102, 112, 141)
(20, 39, 45, 49, 78, 106, 107, 136)
(12, 34, 41, 70, 85, 99, 111, 128)
(14, 20, 43, 72, 75, 101, 125, 130)
(19, 33, 48, 50, 77, 106, 112, 135)
(17, 22, 46, 60, 75, 104, 123, 133)
(20, 26, 45, 49, 78, 107, 119, 136)
(9, 38, 67, 69, 76, 96, 100, 125)
(15, 20, 25, 54, 83, 112, 130, 141)
(20, 25, 39, 54, 83, 106, 112, 141)
(17, 46, 60, 65, 75, 80, 104, 133)
(10, 27, 56, 66, 79, 85, 114, 143)
(22, 35, 51, 68, 77, 80, 109, 138)
(17, 24, 46, 60, 75, 104, 121, 133)
(23, 30, 52, 61, 81, 84, 110, 139)
(10, 27, 49, 56, 85, 96, 114, 143)
(20, 45, 49, 53, 78, 92, 107, 136)
(2, 31, 60, 67, 78, 89, 118, 135)
(6, 27, 35, 64, 93, 115, 118, 122)
(19, 48, 50, 60, 77, 85, 106, 135)
(7, 36, 46, 65, 94, 99, 110, 123)
(16, 45, 63, 65, 74, 82, 103, 132)
(12, 20, 25, 54, 83, 112, 133, 141)
(7, 19, 36, 65, 94, 110, 123, 126)
(4, 6, 35, 64, 93, 115, 122, 141)
(21, 40, 50, 68, 77, 79, 108, 137)
(7, 13, 36, 65, 94, 110, 123, 132)
(20, 25, 37, 54, 83, 108, 112, 141)
(1, 30, 32, 59, 88, 113, 117, 140)
(1, 30, 41, 59, 88, 104, 117, 140)
(9, 19, 48, 50, 77, 106, 135, 136)
(3, 21, 32, 61, 90, 119, 124, 130)
(5, 28, 55, 57, 86, 90, 115, 144)
(9, 38, 53, 67, 92, 96, 100, 125)
(20, 25, 52, 54, 83, 93, 112, 141)
(5, 28, 57, 61, 84, 86, 115, 144)
(12, 41, 69, 70, 76, 85, 99, 128)
(2, 31, 57, 60, 88, 89, 118, 135)
(10, 27, 39, 56, 85, 106, 114, 143)
(6, 35, 64, 70, 75, 93, 115, 122)
(1, 15, 44, 70, 73, 102, 131, 144)
(18, 47, 54, 55, 76, 91, 105, 134)
(12, 41, 45, 70, 85, 99, 100, 128)
(12, 14, 41, 70, 85, 99, 128, 131)
(7, 8, 36, 65, 94, 110, 123, 137)
(20, 45, 49, 55, 78, 90, 107, 136)
(1, 23, 30, 59, 88, 117, 122, 140)
(2, 31, 60, 65, 80, 89, 118, 135)
(8, 37, 51, 66, 94, 95, 105, 124)
(6, 35, 64, 67, 78, 93, 115, 122)
(9, 26, 38, 67, 96, 100, 119, 125)
(8, 10, 27, 56, 85, 114, 137, 143)
(10, 27, 56, 72, 73, 85, 114, 143)
(15, 31, 44, 70, 73, 102, 114, 131)
(13, 28, 42, 71, 80, 100, 117, 129)
(10, 27, 56, 69, 76, 85, 114, 143)
(6, 35, 54, 64, 91, 93, 115, 122)
(10, 39, 43, 68, 95, 97, 102, 126)
(12, 21, 40, 50, 79, 108, 133, 137)}

Below are debug outputs for each alpha in V whether it was put in the indecomposable set or the decomposable but no pairs set:


method validate_set_V(145, 4) ran to completion.
