Running method validate_set_V(m = 133, d = 1):

Summary:
given m = 133, d = 1
Calculations took 0 days, 0 hours, 0 minutes, 0 seconds, 0 miliseconds, 328 microseconds, 800 nanoseconds.
Z/mZ:  [0, 1, 2, 3, 4, 5, 6, 7, 8, 9, 10, 11, 12, 13, 14, 15, 16, 17, 18, 19, 20, 21, 22, 23, 24, 25, 26, 27, 28, 29, 30, 31, 32, 33, 34, 35, 36, 37, 38, 39, 40, 41, 42, 43, 44, 45, 46, 47, 48, 49, 50, 51, 52, 53, 54, 55, 56, 57, 58, 59, 60, 61, 62, 63, 64, 65, 66, 67, 68, 69, 70, 71, 72, 73, 74, 75, 76, 77, 78, 79, 80, 81, 82, 83, 84, 85, 86, 87, 88, 89, 90, 91, 92, 93, 94, 95, 96, 97, 98, 99, 100, 101, 102, 103, 104, 105, 106, 107, 108, 109, 110, 111, 112, 113, 114, 115, 116, 117, 118, 119, 120, 121, 122, 123, 124, 125, 126, 127, 128, 129, 130, 131, 132]
Z/mZ*: [1, 2, 3, 4, 5, 6, 8, 9, 10, 11, 12, 13, 15, 16, 17, 18, 20, 22, 23, 24, 25, 26, 27, 29, 30, 31, 32, 33, 34, 36, 37, 39, 40, 41, 43, 44, 45, 46, 47, 48, 50, 51, 52, 53, 54, 55, 58, 59, 60, 61, 62, 64, 65, 66, 67, 68, 69, 71, 72, 73, 74, 75, 78, 79, 80, 81, 82, 83, 85, 86, 87, 88, 89, 90, 92, 93, 94, 96, 97, 99, 100, 101, 102, 103, 104, 106, 107, 108, 109, 110, 111, 113, 115, 116, 117, 118, 120, 121, 122, 123, 124, 125, 127, 128, 129, 130, 131, 132]
All ascending & non-repeating tuple (size 2) combinations possible for the U set: 8646
                      V set: contains 66 tuples
          all_are_pairs set: contains 66 tuples
         some_are_pairs set: contains 0 tuples
         none_are_pairs set: contains 0 tuples
         indecomposable set: contains 0 tuples
decomposable & no pairs set: contains 0 tuples
     exceptional_cycles set: contains 0 tuples

Print V set (contains 66 tuples): {
(38, 95)
(37, 96)
(54, 79)
(32, 101)
(51, 82)
(25, 108)
(26, 107)
(35, 98)
(42, 91)
(40, 93)
(39, 94)
(33, 100)
(34, 99)
(58, 75)
(44, 89)
(47, 86)
(52, 81)
(11, 122)
(66, 67)
(3, 130)
(15, 118)
(19, 114)
(62, 71)
(7, 126)
(64, 69)
(59, 74)
(48, 85)
(9, 124)
(30, 103)
(46, 87)
(21, 112)
(13, 120)
(17, 116)
(10, 123)
(63, 70)
(28, 105)
(43, 90)
(31, 102)
(45, 88)
(56, 77)
(65, 68)
(2, 131)
(50, 83)
(60, 73)
(36, 97)
(16, 117)
(6, 127)
(49, 84)
(61, 72)
(22, 111)
(27, 106)
(18, 115)
(24, 109)
(23, 110)
(1, 132)
(14, 119)
(41, 92)
(55, 78)
(12, 121)
(57, 76)
(5, 128)
(20, 113)
(29, 104)
(4, 129)
(53, 80)
(8, 125)}

Print all_are_pairs (contains 66 tuples): {
(38, 95)
(37, 96)
(54, 79)
(32, 101)
(51, 82)
(25, 108)
(26, 107)
(35, 98)
(42, 91)
(40, 93)
(39, 94)
(33, 100)
(34, 99)
(58, 75)
(44, 89)
(47, 86)
(52, 81)
(11, 122)
(66, 67)
(3, 130)
(15, 118)
(19, 114)
(62, 71)
(7, 126)
(64, 69)
(59, 74)
(48, 85)
(9, 124)
(30, 103)
(46, 87)
(21, 112)
(13, 120)
(17, 116)
(10, 123)
(63, 70)
(28, 105)
(43, 90)
(31, 102)
(45, 88)
(56, 77)
(65, 68)
(2, 131)
(50, 83)
(60, 73)
(36, 97)
(16, 117)
(6, 127)
(49, 84)
(61, 72)
(22, 111)
(27, 106)
(18, 115)
(24, 109)
(23, 110)
(1, 132)
(14, 119)
(41, 92)
(55, 78)
(12, 121)
(57, 76)
(5, 128)
(20, 113)
(29, 104)
(4, 129)
(53, 80)
(8, 125)}

Print some_are_pairs (contains 0 tuples): {}

Print none_are_pairs (contains 0 tuples): {}

Print indecomposable (contains 0 tuples): {}

Print decomposable but no pairs (contains 0 tuples): {}

Print exceptional cycles (contains 0 tuples): {}

Below are debug outputs for each alpha in V whether it was put in the indecomposable set or the decomposable but no pairs set:


method validate_set_V(133, 1) ran to completion.
